         167
  0.150965776848485     
  0.200416628242640     
  0.201061203979830     
  5.037779297917996E-003
  0.198936994292361     
  2.639607598126093E-002
  0.189060941568677     
  0.199479822046158     
  0.182951014578855     
  0.199838772519201     
  0.199636101699311     
  0.199054972236123     
  0.198998804084427     
  0.199467401190695     
  0.198846059672569     
  0.174619720010918     
  0.130082243132551     
  0.162907777214066     
  0.200385612672504     
  0.199991410577310     
  5.447865973656476E-002
  0.200700887646975     
  0.198856409149890     
  0.199573232070937     
  0.200079614889986     
  0.200074600911944     
  0.176774181940401     
  0.191176841272586     
  0.196925898491563     
  0.196712624267309     
  0.200043232465779     
  0.199309691195486     
  0.198965303791679     
  0.199235794842608     
  0.199072936032929     
  0.200161116008387     
  0.199462308121338     
  0.199961196838474     
  0.200006616596062     
  0.164013721387082     
  0.201139883156585     
  0.198991355158618     
  0.199315803850264     
  0.199904915253912     
  0.199529312386918     
  0.200234318605895     
  8.104169424055899E-002
  0.199420342297642     
  0.199866019979945     
  0.200589172289348     
  0.200110612535747     
  0.200641005869049     
  0.152045213201980     
  0.198102306525683     
  0.198982549455245     
  0.199603057662275     
  0.200011611462063     
  0.199627350247551     
  0.200676118624131     
  0.200314452594547     
  0.200578836361267     
  0.198273905116769     
  0.198918976190896     
  0.199627557686091     
  0.199294189456970     
  0.199576467744138     
  0.197399132884392     
  0.199931051411401     
  0.199958461382099     
  1.050909398696638E-002
  0.199502420917552     
  0.113418502648488     
  0.188178224224833     
  0.198819728202164     
  0.199184823779988     
  0.200108453408276     
  0.199502560813733     
  0.199800102145938     
  0.198915640869461     
  0.198677039146736     
  0.199600257996385     
  0.199924347440457     
  0.199706957732578     
  3.309074312421310E-002
  0.199579041493924     
  0.198204293651465     
  0.199216402235866     
  0.187607555500632     
  0.199507831366512     
  0.192480900623828     
  0.199186191192015     
  0.199738222846743     
  0.200336548094130     
  0.199159936892081     
  0.200093803424404     
  0.194913570528932     
  0.199813307418319     
  9.118820168601501E-002
  0.199571732532770     
  0.200669230504646     
  0.165010813652901     
  0.199669750410712     
  0.197906113592987     
  0.197105574169287     
  0.199466287728677     
  0.200002171676498     
  8.008798027418951E-002
  0.199526311790697     
  0.199647267750391     
  0.198285238079030     
  0.198901512892202     
  0.200764301063653     
  0.199514716369584     
  0.200003311968800     
  0.199303341345352     
  0.191315439501734     
  0.197046890942883     
  0.198230365730387     
  0.198284803272171     
  0.199436695834812     
  0.166401079112604     
  0.198238652261428     
  0.199094479719542     
  0.199965147603506     
  0.199732885308164     
  0.198473015852934     
  0.199364055766902     
  5.052135124602316E-003
  0.198808803104301     
  0.188700251525976     
  0.199340071073322     
  0.199383958338107     
  0.186800883998873     
  0.199528623403624     
  0.199490959209880     
  0.194411303537042     
  0.200497741015802     
  0.199035422061584     
  0.185434424814879     
  0.200426969339450     
  0.200084647721338     
  0.200240496792973     
  0.199637619000965     
  0.200003817277328     
  0.200194444916355     
  0.133560695022751     
  0.199998790887542     
  0.199609650981222     
  0.199794829150691     
  0.200039912107171     
  0.199938002430835     
  7.989570066893982E-002
  0.199511332364715     
  0.195400556617074     
  0.198021110015321     
  0.199942723804871     
  0.198075628811884     
  0.200641725008296     
  0.199945281893492     
  0.201290211418468     
  0.199217906372367     
  0.198484099047689     
  0.188989380757315     
  0.200661538154199     
  0.199681773189242     
  0.199238186742825     
  0.200255819445255     
