         139
  0.199268928219552     
  0.200129983693812     
  0.198336411594589     
  0.200192230809008     
  0.200163379964304     
  0.199067866216963     
  0.199019138608942     
  0.199217871305917     
  0.199245456747736     
  0.200324161686224     
  0.198785490350556     
  0.199336024438190     
  0.199673430751240     
  0.198167046467377     
  0.199311098620547     
  0.200197210791453     
  0.200039716389883     
  0.199364734039632     
  0.198944183225339     
  0.199630250530244     
  0.199524886191450     
  0.199307581563618     
  0.198620713532857     
  0.199958908036450     
  0.199830145544358     
  0.199870355394039     
  0.199126435280681     
  0.199802414428382     
  0.199562041653949     
  0.199946064706263     
  0.198635507859228     
  0.199727040387142     
  0.199244766336949     
  0.199254088160251     
  0.200737509588304     
  0.198644527533477     
  0.197928622899482     
  0.198728108129138     
  0.199845349404361     
  0.199297350587323     
  0.199705289486736     
  0.199746783175263     
  0.199635033572649     
  0.200193847030484     
  0.198869299442061     
  0.199684659816807     
  0.199396635647951     
  0.200097445698516     
  0.197668340972689     
  0.200757506332621     
  0.199191145641925     
  0.199252653339251     
  0.197917147876482     
  0.200012169927860     
  0.199581638800621     
  0.198950541732629     
  0.199778299241207     
  0.200603750613990     
  0.200275858712538     
  0.198040638526841     
  0.198974408252502     
  0.199937813008236     
  0.199279917783137     
  0.199158797745390     
  0.199590686355439     
  0.199858065795949     
  0.198480857500722     
  0.198357935928711     
  0.198691534709410     
  0.198214472706432     
  0.199168142298752     
  0.198615884852324     
  0.199959105993688     
  0.200345443244034     
  0.198973399533327     
  0.197979332009048     
  0.200488308677636     
  0.199503870480013     
  0.199705896842009     
  0.199347200289086     
  0.199788879603322     
  0.199938114778671     
  0.200310330612919     
  0.199138910427005     
  0.198543701475833     
  0.199428740210236     
  0.198767289079753     
  0.200391542278506     
  0.200062036023510     
  0.200668357860608     
  0.199903383764371     
  0.199027541339242     
  0.199697182748046     
  0.198873121668563     
  0.200238138811032     
  0.198827542764528     
  0.198740568181752     
  0.198734922086011     
  0.198644712606050     
  0.200281781163632     
  0.199885981605559     
  0.198865293276352     
  0.200991460594116     
  0.198862286445002     
  0.199989744837445     
  0.199599415494302     
  0.199375643744361     
  0.198725871146972     
  0.199758627877740     
  0.199632156929753     
  0.199977223629407     
  0.199783283765886     
  0.200520331597805     
  0.200237254647464     
  0.199614667860158     
  0.198710487413751     
  0.199566665544224     
  0.200012826916251     
  0.199526668103476     
  0.199175406566112     
  0.198988219643225     
  0.198819593707371     
  0.199355657701875     
  0.199947460043382     
  0.200208097326305     
  0.199824234187447     
  0.199557389500036     
  0.199705646875877     
  0.199360025181612     
  0.199012077561120     
  0.198658373230175     
  0.198708993957597     
  0.199696396405098     
  0.199911821554846     
  0.199150832699062     
  0.198580361856809     
  0.199052555367173     
  0.200834432174741     
  0.200293398562387     
