  1 -25.00000 -20.00000  12.93250 174.11850
  1 -23.00000 -18.00000  22.94000 154.03300
  1 -21.00000 -16.00000  37.28050 125.13900
  1 -19.00000 -14.00000  55.77050  87.49300
  1 -17.00000 -12.00000  72.98800  50.92300
  1 -15.00000 -10.00000  83.02700  24.75850
  1 -13.00000  -8.00000  82.77950   9.76100
  1 -11.00000  -6.00000  68.87700   3.34200
  1  -9.00000  -4.00000  40.61600   0.90100
  1  -7.00000  -2.00000  12.46800   0.17800
  1  -5.00000   0.00000   2.17050   0.02600
  1  -3.00000   2.00000   0.27250   0.00550
  1  -1.00000   4.00000   0.04800   0.00050
  1   1.00000   6.00000   0.00200   0.00000
  1   3.00000   8.00000   0.00050   0.00000
  1   5.00000  10.00000   0.00150   0.00000
