  1 -25.00000 -20.00000  14.06400 171.84700
  1 -23.00000 -18.00000  24.05400 151.80100
  1 -21.00000 -16.00000  38.10900 123.48700
  1 -19.00000 -14.00000  56.44050  86.13550
  1 -17.00000 -12.00000  73.42600  49.93200
  1 -15.00000 -10.00000  83.22950  24.00300
  1 -13.00000  -8.00000  82.34700   9.60550
  1 -11.00000  -6.00000  68.08700   3.22450
  1  -9.00000  -4.00000  39.35900   0.84850
  1  -7.00000  -2.00000  11.80700   0.16850
  1  -5.00000   0.00000   2.00950   0.01900
  1  -3.00000   2.00000   0.25550   0.00400
  1  -1.00000   4.00000   0.04300   0.00150
  1   1.00000   6.00000   0.00200   0.00000
  1   3.00000   8.00000   0.00000   0.00000
  1   5.00000  10.00000   0.00150   0.00000
