  1 -25.00000 -20.00000  12.63150 174.71250
  1 -23.00000 -18.00000  22.65650 154.59200
  1 -21.00000 -16.00000  36.37400 126.99600
  1 -19.00000 -14.00000  55.02100  89.02000
  1 -17.00000 -12.00000  72.48600  52.10000
  1 -15.00000 -10.00000  83.04900  25.17700
  1 -13.00000  -8.00000  83.08450  10.27450
  1 -11.00000  -6.00000  69.64100   3.47600
  1  -9.00000  -4.00000  41.82750   0.97100
  1  -7.00000  -2.00000  13.25150   0.21150
  1  -5.00000   0.00000   2.32900   0.02200
  1  -3.00000   2.00000   0.29800   0.00350
  1  -1.00000   4.00000   0.04750   0.00200
  1   1.00000   6.00000   0.00200   0.00000
  1   3.00000   8.00000   0.00000   0.00000
  1   5.00000  10.00000   0.00050   0.00000
