  1 -25.00000 -20.00000  13.01950 173.94150
  1 -23.00000 -18.00000  21.64050 156.64050
  1 -21.00000 -16.00000  35.89700 127.94100
  1 -19.00000 -14.00000  54.32700  90.48650
  1 -17.00000 -12.00000  71.88750  53.47600
  1 -15.00000 -10.00000  82.87200  26.00550
  1 -13.00000  -8.00000  83.49900  10.46350
  1 -11.00000  -6.00000  70.83200   3.54750
  1  -9.00000  -4.00000  43.35100   1.03500
  1  -7.00000  -2.00000  14.17600   0.21550
  1  -5.00000   0.00000   2.52400   0.02550
  1  -3.00000   2.00000   0.33900   0.00300
  1  -1.00000   4.00000   0.05250   0.00200
  1   1.00000   6.00000   0.00200   0.00000
  1   3.00000   8.00000   0.00050   0.00000
  1   5.00000  10.00000   0.00100   0.00000
