  1 -25.00000 -20.00000   7.18150 185.58750
  1 -23.00000 -18.00000  12.98200 173.85250
  1 -21.00000 -16.00000  22.40500 154.48950
  1 -19.00000 -14.00000  35.90800 125.74200
  1 -17.00000 -12.00000  50.74400  90.01050
  1 -15.00000 -10.00000  60.32350  52.93850
  1 -13.00000  -8.00000  56.71900  22.18850
  1 -11.00000  -6.00000  35.38600   6.35650
  1  -9.00000  -4.00000  11.02800   1.22850
  1  -7.00000  -2.00000   1.86400   0.18950
  1  -5.00000   0.00000   0.26050   0.01950
  1  -3.00000   2.00000   0.03150   0.00200
  1  -1.00000   4.00000   0.00400   0.00150
  1   1.00000   6.00000   0.00000   0.00000
  1   3.00000   8.00000   0.00000   0.00000
  1   5.00000  10.00000   0.00000   0.00000
