  1 -25.00000 -20.00000   9.17350 181.61300
  1 -23.00000 -18.00000  16.07250 167.71900
  1 -21.00000 -16.00000  27.45300 144.60600
  1 -19.00000 -14.00000  42.92800 112.39700
  1 -17.00000 -12.00000  59.41100  75.08900
  1 -15.00000 -10.00000  70.11200  41.05150
  1 -13.00000  -8.00000  67.77750  16.94200
  1 -11.00000  -6.00000  47.85300   5.19900
  1  -9.00000  -4.00000  18.91450   1.12200
  1  -7.00000  -2.00000   3.77350   0.19600
  1  -5.00000   0.00000   0.57100   0.01600
  1  -3.00000   2.00000   0.06100   0.00400
  1  -1.00000   4.00000   0.01050   0.00150
  1   1.00000   6.00000   0.00100   0.00000
  1   3.00000   8.00000   0.00000   0.00000
  1   5.00000  10.00000   0.00000   0.00000
