         141
  0.198840339285989     
  0.197852463156616     
  0.178762278536318     
  0.194997604894128     
  0.199295680761621     
  0.199785405658993     
  0.198730418413836     
  0.179804926672690     
  0.199854323054301     
  0.199576427077665     
  0.199143963128722     
  0.199285514971567     
  0.199114823574371     
  0.178694767295616     
  0.200585914785416     
  0.199712519845120     
  0.199264773258856     
  0.198813308210954     
  0.198677821645050     
  0.199909135849870     
  0.199103128402017     
  0.199437512313271     
  0.199784733584176     
  0.199893245636691     
  0.200299508822493     
  0.200647789848287     
  0.199174221874080     
  0.141335455240909     
  0.189296615621814     
  0.198759656671708     
  0.199047376684766     
  0.105879595172188     
  0.199848040241489     
  0.200969402914099     
  0.199805920899535     
  0.198932816458382     
  0.200343864374406     
  0.199927167534259     
  0.199645410613640     
  0.199856178933103     
  0.190078539023124     
  0.199024039346594     
  0.161363900564166     
  0.198806963354246     
  0.198939465634096     
  0.199199262266945     
  0.199950692279931     
  0.199935783889824     
  0.199151535757242     
  0.199266318233445     
  0.200104012999403     
  0.190474687900386     
  0.199644552222318     
  0.199572864846555     
  0.199142200972153     
  0.199195987114120     
  0.199934135289203     
  0.199753724779277     
  0.198242449423291     
  0.196688589072319     
  0.198681116430607     
  0.199581742714614     
  0.199708688299988     
  0.199417223372712     
  0.199744048549294     
  0.199509224034916     
  0.198185518918177     
  0.199534516771864     
  0.198782807155867     
  0.200124423996681     
  0.199796174456029     
  0.199185485785718     
  0.200040077362911     
  0.201143098259529     
  0.200014628006237     
  0.199360240890753     
  0.199322832029006     
  0.198736444040297     
  0.161223972340065     
  0.199770943884116     
  0.199586222161405     
  0.199198300601799     
  0.123953578162357     
  0.175636284006653     
  0.198785501327386     
  0.199982594435771     
  0.199106576576018     
  0.194087393092189     
  0.120176576580474     
  0.199546362693337     
  0.199364094771027     
  0.198464928281669     
  0.199081845832716     
  0.199437865940292     
  0.198426857003996     
  0.199617288653369     
  0.199512023233264     
  0.191596545094537     
  0.199041242745598     
  0.198379434035811     
  0.199952107863120     
  0.195621963803809     
  0.199803492747580     
  0.184304469123554     
  0.187369925140191     
  0.199040899353155     
  0.185207244672300     
  0.199954578040971     
  0.199589861037323     
  0.198689440831887     
  0.197638275120711     
  0.192246746765011     
  0.199267246717880     
  0.198971439112281     
  0.200444714489077     
  0.198789942659905     
  0.199483729614998     
  0.173004374109193     
  0.200090955451086     
  0.199949069948988     
  0.198856543593301     
  0.199459758885929     
  0.199150361628174     
  0.198620272418275     
  0.200077133951548     
  0.198442261396411     
  0.198162672077216     
  0.189435680910940     
  0.199044426782184     
  0.199261199247374     
  0.170676258058825     
  0.123122678098871     
  0.200133956167748     
  0.195344891202327     
  0.198981990134133     
  0.178427898110527     
  0.200150772683465     
  0.200791672644744     
  0.200327579503724     
  0.198913520123118     
  0.199496962678332     
