         115         110
           0
           7
           1  4.702306585787439E-019  2.176753015888558E-021
           5  2.776775475365165E-014  1.284588333163772E-016
          10  5.574096934625303E-008  2.619569795656350E-010
          56  2.689791593174898E-013  1.239716827338168E-015
          61  5.590103586379681E-012  2.632532664343504E-014
          70  2.581440269154403E-011  1.194036996452762E-013
          72  1.669224278909402E-011  7.934590466331736E-014
          16
           4  7.349782703881265E-009  3.787505231274660E-011
           6  1.562469051061489E-005  8.134484259723798E-008
          23  4.100893839517656E-005  2.030688532955743E-007
          34  1.732240663184744E-005  8.624649892490455E-008
          39  1.494633782394650E-017  7.050822346242781E-020
          52  1.358678076922152E-019  6.406493385097888E-022
          61  2.480625592755643E-011  1.183290453524093E-013
          67  6.345435232131801E-009  3.031626112378866E-011
          69  5.920203303906665E-018  2.774821671797013E-020
          72  2.371076923472757E-012  1.132709532512167E-014
          83  2.610467332662433E-008  1.248928803955086E-010
          92  3.798597591389889E-009  1.948358156295427E-011
          93  5.518909571216809E-012  2.591855729848289E-014
         101  1.229005719415796E-007  5.972928437749574E-010
         109  5.825446754574935E-011  2.746796433117591E-013
         111  7.737375300277989E-006  3.789152620469400E-008
           1
           5  2.568092051276659E-016  1.189239928742590E-018
          15
          16  2.608314155301074E-010  1.250514094811804E-012
          24  6.062200116876032E-007  2.907413841381389E-009
          26  1.244204977404908E-006  5.942010860404848E-009
          27  1.468961984756501E-011  6.776179319557637E-014
          32  2.968171458849489E-006  1.391967824185791E-008
          37  1.300198983812493E-012  6.047259270734555E-015
          42  3.966818124665068E-025  1.832975475801357E-027
          55  3.570664284965490E-012  1.651606458532676E-014
          76  1.865049664828896E-017  8.761252536245053E-020
          82  2.453106954735229E-006  1.177767444464749E-008
          85  1.396979953627008E-008  6.572219991269248E-011
          86  2.266509540442019E-013  1.069104073564912E-015
          96  6.711259796797366E-008  3.217487663183532E-010
         104  1.206276625067304E-010  5.577601925667989E-013
         107  3.095389643094844E-008  1.473885964926176E-010
           4
          33  2.306832127564786E-015  1.062723215658155E-017
          57  3.634527713991392E-018  1.677338847932681E-020
          81  8.152981775295708E-029  3.763800340536031E-031
          88  9.926138277115804E-025  4.579799701853162E-027
          18
          16  4.532771415535783E-012  2.149442094693962E-014
          24  5.360258932480086E-013  2.505856073665299E-015
          25  3.854074662833924E-009  1.815276321716539E-011
          26  2.822718451987049E-012  1.319252581700301E-014
          33  2.547609688616760E-010  1.175119477305237E-012
          37  9.954638790211466E-007  4.695691427125006E-009
          43  2.540272345289435E-008  1.178225250745766E-010
          50  1.441525876044953E-012  6.697563035524353E-015
          57  3.326654126205579E-013  1.534906234589867E-015
          60  1.997134569609711E-007  9.284043197719847E-010
          62  1.292668737952132E-014  5.957520321099305E-017
          82  7.892152687913383E-024  3.632799178464210E-026
          85  2.048867110049966E-008  9.632131085692526E-011
          86  7.033796247215096E-010  3.369339145009993E-012
          88  1.738575184684881E-020  8.008725190112124E-023
          94  1.639029366376795E-007  7.856466792508206E-010
          96  2.018400220057461E-011  9.520919019522068E-014
         112  8.462928199878915E-014  3.910269639846116E-016
           8
          13  4.160642967308707E-011  1.931934221254873E-013
          14  6.762570628592575E-015  3.176058877047154E-017
          38  9.801836382645675E-007  4.605298278109964E-009
          41  1.144477203751653E-007  5.329218297594454E-010
          48  6.739539163681349E-021  3.121534344609714E-023
          71  8.908163446768685E-012  4.151439995986656E-014
          79  8.163509107508334E-010  3.788073525624743E-012
          89  2.371394553802053E-007  1.111800856058087E-009
           2
          65  1.019749472673380E-024  4.697788163885202E-027
          87  1.465740725373597E-026  6.759033075487255E-029
          18
           1  2.742390131008882E-005  1.364415747801755E-007
           4  3.473521577006477E-015  1.682302817166855E-017
           8  1.807828756121598E-004  8.907397394548465E-007
          10  1.293405762555772E-015  5.985145273097244E-018
          16  1.619822049472630E-015  7.592190264378576E-018
          25  3.169368323198884E-008  1.510955705247195E-010
          50  1.296750103311283E-007  6.175205011765406E-010
          52  4.027170159347677E-009  2.054295270792695E-011
          53  4.457199715682171E-004  2.256843061528291E-006
          54  8.383439536825460E-005  4.104692795771859E-007
          62  6.636300254603620E-023  3.056644299010610E-025
          63  1.453261324896056E-005  7.035107239957984E-008
          69  8.584714528991563E-005  4.361749626446682E-007
          72  2.752717807106290E-012  1.311357102775342E-014
          76  1.329994364713780E-014  6.360557144636060E-017
          86  3.405237000751077E-011  1.631234965357290E-013
          92  1.965619645136878E-015  9.494952213891360E-018
          94  2.611488418147964E-009  1.252952936073646E-011
           5
          12  2.062545209773004E-018  9.556459946573684E-021
          13  5.327405932975744E-012  2.466066577745124E-014
          71  5.239598046401016E-014  2.427626177011015E-016
          79  4.673472596983727E-013  2.158959655919132E-015
          89  6.518462973623549E-017  3.009737507496013E-019
          14
           1  4.148947593373722E-006  2.044882739341143E-008
           8  4.119337467495380E-007  1.999404503180910E-009
          10  1.194114244755316E-006  5.662289482861136E-009
          25  9.732056737919975E-022  4.495477520673198E-024
          50  1.830542140645000E-012  8.549075988398505E-015
          53  1.800573102649903E-012  8.645537347471199E-015
          54  3.235865823026458E-007  1.562001883909465E-009
          56  1.896344904873623E-011  8.787773157056832E-014
          63  1.558611128030691E-005  7.510065128844915E-008
          69  1.888128017865509E-008  9.351674113075604E-011
          70  6.131789853730242E-014  2.843215030114981E-016
          72  2.203997988340391E-011  1.053343763592902E-013
          84  2.105385676768104E-013  9.761221350228401E-016
         100  4.894301820250136E-027  2.263532718085564E-029
          14
          16  2.365574873345130E-011  1.128370212238199E-013
          24  1.991265554885232E-007  9.541674106484348E-010
          26  4.950651359956409E-007  2.363150392879900E-009
          27  2.110839369732437E-011  9.744496425429352E-014
          32  2.571572404259133E-006  1.206154434075879E-008
          37  1.514511984010744E-013  7.035602858705690E-016
          55  1.123345916190571E-011  5.200697636908634E-014
          76  2.258207870816419E-022  1.047576310205845E-024
          82  9.397466093783297E-007  4.509834508280446E-009
          85  5.112252797242924E-009  2.403703676991402E-011
          86  3.513611673171494E-015  1.645646217140420E-017
          96  1.629364177881926E-008  7.800117501101342E-011
         104  2.417556302125386E-010  1.118843733009791E-012
         107  1.264457682008743E-008  6.011802716261262E-011
           6
           9  4.354238607475813E-023  2.004281877956610E-025
          11  3.720030183437888E-017  1.714328738451988E-019
          28  1.399347593933160E-020  6.449772659155868E-023
          73  1.176212749430350E-011  5.417675450560379E-014
          75  2.408545596161744E-023  1.110208780391881E-025
         108  1.907061131844089E-017  8.778982359550552E-020
          15
           1  9.767188968704681E-007  4.796706450059559E-009
           8  4.691378291550507E-005  2.293165879603290E-007
          10  4.870461622928850E-010  2.282752361108697E-012
          25  2.661264573487942E-009  1.258201648436511E-011
          50  2.743318219170304E-007  1.301842232139623E-009
          53  4.128580544976561E-008  2.036991679708166E-010
          54  4.583067316494252E-005  2.227429563647350E-007
          56  1.962826741149966E-023  9.048083973744272E-026
          62  9.335424703406619E-013  4.321278385484224E-015
          63  1.298698203462220E-004  6.272553870871422E-007
          69  2.124423190029531E-008  1.051812478338745E-010
          72  2.546152940148632E-019  1.179661537578687E-021
          84  6.536613914528661E-012  3.029245360765970E-014
          94  3.845505933575951E-019  1.779378433656715E-021
         100  1.272716759629917E-018  5.876692198773868E-021
          13
           1  5.720068588492789E-004  2.872068782841556E-006
           4  1.512472568274063E-010  7.661319610717819E-013
           8  2.019116958608037E-008  9.808408251315088E-011
          10  1.594921105678572E-009  7.535343786278711E-012
          52  1.086131973903566E-009  5.539871371875133E-012
          53  2.022900960370811E-007  1.011494544403969E-009
          54  2.333170693033355E-009  1.122623764240079E-011
          61  1.543059686840034E-008  7.462505454744437E-011
          63  1.117516949088166E-008  5.361207321230660E-011
          69  1.486955277133371E-003  7.614128566852543E-006
          72  4.690679745152056E-005  2.332836335719582E-007
          92  7.478695612164856E-011  3.776551104587133E-013
         101  8.355754914771084E-013  3.949328205772600E-015
          12
           1  1.556998566274857E-004  7.739752197592477E-007
           8  1.266692093390076E-010  6.048956458122473E-013
          10  1.076932127036340E-005  5.125721079405175E-008
          53  1.924248020026907E-014  9.135884984291782E-017
          54  1.639165278748054E-011  7.759672081576929E-014
          56  1.651936541971404E-016  7.624135785420454E-019
          61  9.724840759149546E-008  4.690049733133076E-010
          63  1.666268051069675E-008  7.946847104463989E-011
          69  1.111266089367258E-005  5.597920968323859E-008
          70  1.633474815527641E-017  7.556225056954972E-020
          72  4.786190519486425E-005  2.365568124058588E-007
         101  5.892955438071646E-014  2.761506317870265E-016
           3
          27  3.998807327734401E-013  1.840225883926600E-015
          60  2.882250873749555E-026  1.328709176739562E-028
          85  2.330677432398551E-024  1.075128888745612E-026
           4
          10  1.734795335159591E-010  8.095129386922489E-013
          56  7.263299351462548E-009  3.359017771426110E-011
          70  2.395236969197677E-009  1.109806640897717E-011
         114  1.985988464051840E-021  9.171485886511584E-024
          16
           4  1.018311101954369E-006  5.332213794036802E-009
           6  6.854384586657383E-004  3.597998901876543E-006
          15  4.518764252602046E-011  2.203023207190503E-013
          17  1.305693182589894E-013  6.322158622470990E-016
          23  1.603724208402751E-007  7.846798912649405E-010
          34  4.756928466764470E-005  2.375288947903044E-007
          39  1.206586924087983E-008  6.057308188472022E-011
          52  6.489049917717088E-013  3.212121970961109E-015
          59  1.163474803721088E-014  5.617352099797945E-017
          67  4.260909807131724E-017  1.969318871620262E-019
          83  8.603172542147904E-013  4.031702381988419E-015
          92  7.122838259349689E-007  3.721380353160377E-009
          93  5.172320804341564E-020  2.391830221952024E-022
         101  4.858919103263052E-013  2.293665148362118E-015
         109  3.381802043655384E-012  1.585157644652125E-014
         111  2.795193427546111E-008  1.352546621216116E-010
          11
           3  4.508501473296044E-011  2.079011625933873E-013
          14  3.063691421374294E-025  1.414148749689072E-027
          20  6.281059252428087E-008  2.928172641025832E-010
          22  2.576772943830901E-017  1.186929525776339E-019
          28  1.402815333284495E-009  6.534467383303410E-012
          48  5.001271626130195E-009  2.318799962068072E-011
          51  4.868357446454390E-008  2.273796965733675E-010
          75  3.251243192134530E-017  1.503110852642870E-019
          77  1.404008420445663E-008  6.595131649850632E-011
          98  1.753674215388999E-011  8.244334029400350E-014
         110  9.971955796972649E-009  4.618383346769618E-011
           0
          17
           4  4.714738477896627E-014  2.306444592480892E-016
           6  9.444318400973989E-008  4.827904427883717E-010
          14  6.804936672095991E-005  3.361264543807312E-007
          15  1.069890264749211E-003  5.412127827378365E-006
          17  2.302868157100273E-006  1.175029172140132E-008
          20  1.941591586801143E-010  9.067261918415993E-013
          28  2.714196309447738E-011  1.267832410552834E-013
          34  2.968890588814696E-016  1.389951020571606E-018
          39  4.589930197654074E-004  2.351699506757075E-006
          51  7.935898521790984E-010  3.719474595650745E-012
          59  5.365454782340861E-009  2.707599059561630E-011
          75  1.601534686765305E-007  7.656709321138298E-010
          77  1.308546959920482E-007  6.218034762969152E-010
          92  7.878411604534279E-014  3.856892134555519E-016
          98  5.161813103717505E-005  2.513124857393984E-007
         106  2.885276158406797E-018  1.351891676407168E-020
         110  7.309659882350109E-027  3.368904248681735E-029
           5
           5  6.975301430285353E-011  3.223390181443443E-013
          10  7.107991281871771E-017  3.270904851057684E-019
          61  8.360290480098909E-014  3.903000226196588E-016
          68  1.164431629988899E-013  5.359787607223345E-016
          72  5.520375080924791E-021  2.545816896059163E-023
          11
          23  1.856851057613787E-006  9.049909085753496E-009
          61  2.725683845792516E-005  1.326399070958688E-007
          67  5.202654630343454E-005  2.501827120348730E-007
          72  1.075245252462887E-007  5.243826141637524E-010
          80  3.584820683454828E-012  1.661602380435532E-014
          83  9.342214879866469E-009  4.428225728538931E-011
          93  1.046768382073380E-017  4.852138052542392E-020
          99  4.020968265978516E-012  1.869001567519319E-014
         101  1.022976349282906E-004  4.985928331446331E-007
         111  4.467515682575543E-008  2.148051339477350E-010
         113  1.546269871343385E-011  7.176878995960028E-014
          14
           9  4.430438165044574E-025  2.041113594253060E-027
          14  1.180527145996459E-008  5.696832231214960E-011
          15  4.547626233698955E-007  2.249280020923402E-009
          20  2.266592305034544E-007  1.061615979890904E-009
          28  2.969010131373928E-006  1.396678016984633E-008
          39  1.366217245855582E-009  6.737968116162991E-012
          46  3.723970065592371E-019  1.717127259327487E-021
          48  5.959563213661277E-015  2.752574914051048E-017
          51  2.301527085065290E-007  1.080140650381036E-009
          73  2.073385386830097E-016  9.549454531092303E-019
          75  2.809865388386581E-005  1.344716761812487E-007
          77  2.596143685795559E-006  1.231098729813608E-008
          98  3.596075753194715E-005  1.737502796588425E-007
         110  6.421867585179965E-009  2.980685166258473E-011
          12
           1  1.277058221581614E-004  6.365937130944417E-007
           8  1.691922938325323E-013  7.985772541883050E-016
          10  5.981598826013147E-007  2.843574534596033E-009
          23  7.288115820669537E-018  3.385781899143931E-020
          53  4.385571727338502E-015  2.077105549024848E-017
          54  1.817226630850932E-015  8.481710473687067E-018
          61  7.105483294251957E-006  3.467737327046773E-008
          63  3.028086329279395E-011  1.430237799426451E-013
          67  1.764250968211017E-014  8.208860708716840E-017
          69  4.146354196677218E-005  2.101559681844308E-007
          72  4.414807115508456E-004  2.195082592432292E-006
         101  6.563688901914535E-009  3.156067339036183E-011
          14
          16  7.508866466974819E-019  3.480254872668143E-021
          24  1.881290362260867E-010  8.891381425707372E-013
          26  3.522036628432184E-009  1.664561271408910E-011
          27  5.159586436498077E-009  2.381368395554506E-011
          32  1.716577900731712E-008  8.003435590274836E-011
          37  2.583153669324323E-011  1.204131261894746E-013
          43  4.147204189701402E-021  1.916462846393049E-023
          55  1.280119071678218E-014  5.915386048604735E-017
          60  9.536331384851732E-016  4.401737273947852E-018
          82  6.975121745196266E-011  3.287228862599938E-013
          85  8.470152841341661E-009  3.976380437014849E-011
          86  1.294128628479597E-028  5.970878945497084E-031
          96  8.968767825989524E-012  4.224105602217891E-014
         104  8.700955592583466E-018  4.013265907572710E-020
           2
           5  6.024935728219480E-016  2.785593559615486E-018
          68  5.831207120668622E-016  2.686391664304535E-018
           6
           9  1.582436227466701E-018  7.295643438526544E-021
          11  1.419860099388796E-016  6.553272229997506E-019
          46  4.663565049649917E-025  2.151367671738217E-027
          73  1.097312481105108E-011  5.062196732654798E-014
         108  1.002857693175470E-015  4.623655199802101E-018
         115  8.469179993227857E-022  3.916718911383364E-024
          16
           1  6.778408176807591E-006  3.349693344019964E-008
           8  3.668849648576802E-004  1.801660737889554E-006
          10  4.546839729327597E-016  2.095954891525088E-018
          16  1.075650649269559E-016  5.003988721099484E-019
          25  4.155628529476469E-007  1.980731022681156E-009
          50  1.721370184077115E-006  8.202249130558141E-009
          52  9.550844092625757E-012  4.752452249634507E-014
          53  2.315906708043960E-004  1.166787652665519E-006
          54  2.206382942639923E-004  1.078198540693678E-006
          62  2.698470356878402E-014  1.244658338563902E-016
          63  4.249486128765601E-005  2.054516403963649E-007
          69  1.028887502328043E-005  5.181407181427101E-008
          72  6.461157391489356E-016  3.013482763914488E-018
          76  4.163935265856603E-019  1.940292298984741E-021
          86  2.169880387277520E-011  1.035225892964736E-013
          94  1.022010311138715E-008  4.903898007797266E-011
          12
           8  5.576070390334500E-016  2.598790894872460E-018
          10  2.530822041095958E-018  1.166092204693600E-020
          18  2.300786411777280E-013  1.063344852912029E-015
          36  6.852519848509342E-016  3.157607526484430E-018
          50  5.317651670349835E-020  2.448812546491569E-022
          54  1.347660967998450E-014  6.285073861673057E-017
          56  1.993173827341367E-014  9.189086654532851E-017
          63  2.148381782853549E-010  1.011668743337413E-012
          70  1.293846968458967E-024  5.978257863833064E-027
          84  7.983431938237319E-009  3.698313197380996E-011
         100  2.080203428904874E-010  9.609777739224342E-013
         114  2.603482585973743E-014  1.202095000938654E-016
          13
           7  1.318989242727578E-005  6.394662458325798E-008
          13  2.879065177924375E-011  1.333146958479262E-013
          14  9.303530247358537E-024  4.295185101282655E-026
          17  4.781785732987835E-018  2.243015783471545E-020
          38  3.738191906318799E-011  1.736822499408560E-013
          42  2.024848052645965E-007  9.899777417330199E-010
          59  7.902937972665563E-021  3.679052787117597E-023
          71  7.611769759684553E-006  3.588259455181644E-008
          79  6.026528074156297E-012  2.784515122451604E-014
          89  5.510580975618232E-008  2.576479306399324E-010
         103  5.411447152279053E-008  2.652003552260778E-010
         106  4.880147673501451E-011  2.378563708849134E-013
         107  1.225659268309335E-010  5.785390575692199E-013
          11
           3  1.666310611578669E-020  7.679604582421547E-023
          20  2.665922697492107E-008  1.242819390405318E-010
          22  6.132132241491671E-013  2.827012731189029E-015
          28  2.719763761145127E-007  1.273361376491530E-009
          48  1.104701926875267E-012  5.108142093414479E-015
          51  1.296778792416195E-008  6.055304602312585E-011
          73  5.849182413250165E-025  2.694562269185594E-027
          75  1.325476224351322E-009  6.241999384268781E-012
          77  1.171598622724370E-008  5.504453492323841E-011
          98  6.486838217988768E-010  3.071072347865028E-012
         110  9.597829720238361E-008  4.453023577076754E-010
           2
          97  4.627747109794627E-029  2.137268076017861E-031
         113  4.071387417509981E-021  1.881254302839884E-023
          15
           4  4.538234793801873E-007  2.373751411953797E-009
           6  6.471175496091172E-008  3.327579176729935E-010
           7  5.325527514649479E-010  2.568607290429140E-012
          14  4.750392300761024E-006  2.354518404174272E-008
          15  1.154490533501835E-005  5.841970604957783E-008
          17  2.384364157324475E-003  1.243482616210213E-005
          39  1.560049279242450E-004  8.057463082133431E-007
          42  6.474078667915598E-007  3.226327599636178E-009
          52  1.021428246619233E-008  5.269743410682915E-011
          59  1.029706733402917E-003  5.401061286564149E-006
          76  4.140744953857644E-011  2.044350863897005E-013
          92  6.848048927789354E-007  3.591202180589733E-009
          98  5.914149049915997E-012  2.809835236608036E-014
         103  4.643415573956559E-006  2.337794482313956E-008
         106  7.152649039444419E-005  3.681450516336182E-007
          15
           1  6.717472364674064E-014  3.181247317763289E-016
           4  4.819654246173555E-028  2.225033203036718E-030
           6  1.147605200360770E-015  5.514191430060087E-018
          23  8.100498557133515E-005  3.993182443946170E-007
          34  8.715880981900285E-014  4.131082981477501E-016
          61  5.038611429416979E-005  2.466545300408495E-007
          67  3.519706779180967E-005  1.699716449070501E-007
          69  9.223755055427786E-012  4.482369426598033E-014
          72  5.301073660925601E-006  2.617618624221758E-008
          80  8.932056433232304E-019  4.124325702037499E-021
          83  5.374960180340639E-008  2.564660731131288E-010
          93  5.163595001504911E-015  2.402695539503937E-017
          99  2.377432290812813E-026  1.100982316977345E-028
         101  2.893524409714461E-004  1.420747552374522E-006
         111  2.516008746267513E-006  1.223955761295008E-008
          11
           7  1.000086269266028E-005  4.829459729824829E-008
          24  9.920208526308106E-024  4.553105100676018E-026
          32  1.335044822093261E-017  6.133742600460680E-020
          42  6.143919744867891E-007  3.001809256882442E-009
          71  5.273715516056935E-009  2.458117764606056E-011
          76  1.228168464981854E-026  5.649089627899573E-029
          82  1.261806269205194E-012  5.888917435077384E-015
         103  8.717915119246319E-008  4.262345272338980E-010
         104  4.219502015208026E-020  1.937175671205242E-022
         106  3.244008195312710E-011  1.574791241893071E-013
         107  8.070113085654104E-006  3.860801554262573E-008
           2
           5  2.327052953129157E-011  1.075963362304936E-013
          68  9.544875776824152E-014  4.396812482171883E-016
          13
           1  1.239926235050836E-026  5.713812990741478E-029
          23  4.421232813719922E-006  2.155892125304799E-008
          61  5.473079882548041E-005  2.664934155945568E-007
          67  6.155054658173836E-005  2.958543465962530E-007
          69  5.061507678808856E-027  2.331290417205642E-029
          72  5.591963811187208E-007  2.732779819919867E-009
          80  4.147486232122433E-013  1.917114135034449E-015
          83  1.174091826535386E-008  5.561551566559544E-011
          93  1.157731519000373E-017  5.356577999167471E-020
          99  2.520366498714130E-013  1.168392922168015E-015
         101  1.752718438485215E-004  8.545991129084365E-007
         111  9.744498303831151E-008  4.686471212592889E-010
         113  9.388286364809363E-013  4.344620578467526E-015
           9
           9  1.603099595482170E-011  7.415457566944098E-014
          11  3.163897253861342E-022  1.459506892840624E-024
          30  1.281226175111623E-018  5.899752779479584E-021
          46  1.158983404191823E-012  5.365986405885567E-015
          58  5.255801414030009E-012  2.428897021792496E-014
          73  1.873914199522445E-011  8.641902613338844E-014
          78  7.057341594769857E-016  3.254632957978189E-018
         108  4.637889000703425E-016  2.137160668952320E-018
         115  5.849299517532931E-012  2.704503284986667E-014
          13
           8  5.663111051255319E-008  2.726644826007082E-010
          25  7.346463282511589E-007  3.490775962185520E-009
          33  3.713235506537801E-012  1.712972932750901E-014
          50  3.840283650193131E-006  1.824161151957520E-008
          53  6.709691490854996E-014  3.184895586361852E-016
          54  1.747790623645577E-007  8.395492493740160E-010
          57  1.597358713307376E-008  7.413450888186482E-011
          62  7.995359687710844E-007  3.729896716294328E-009
          63  1.176911434445349E-008  5.587876533180261E-011
          81  6.887946430348564E-021  3.179088717691530E-023
          84  7.271555291938758E-013  3.363315561737274E-015
          94  3.029579351100065E-012  1.426473236226901E-014
         100  3.589760120329030E-016  1.657342293550487E-018
           1
         114  5.999099870959461E-021  2.773537703416065E-023
          15
           7  3.831735803113582E-008  1.838740926318480E-010
          13  2.595933854818439E-011  1.201338119444571E-013
          14  1.777011820859886E-008  8.574104330245694E-011
          15  2.788061756609252E-018  1.299868326700129E-020
          17  1.193117900625678E-011  5.822628696626459E-014
          38  1.338661869929494E-006  6.281407592398440E-009
          39  9.354408102859841E-020  4.355871609299169E-022
          41  6.282213754690394E-010  2.909141296893231E-012
          42  4.326981724165940E-010  2.087048099027608E-012
          59  1.035620978451811E-015  4.935099579957694E-018
          71  3.166992247283010E-007  1.487625905257384E-009
          79  1.175735502382348E-010  5.435175402753178E-013
          89  2.331065126103711E-006  1.092794980376516E-008
         103  3.192777753694701E-010  1.543450873738177E-012
         106  9.552395183653802E-013  4.599877218885644E-015
          10
           1  3.348159586184639E-014  1.576169943372021E-016
           5  4.856279548829640E-018  2.246848572709976E-020
          10  8.327209986744812E-011  3.885728529147856E-013
          23  4.227321009370207E-014  1.981240367028421E-016
          61  2.070601372083180E-005  1.003681467921911E-007
          67  1.411671450640800E-008  6.681530678143360E-011
          68  8.756045099137658E-018  4.036772049804283E-020
          69  1.741248152404030E-021  8.050363913041078E-024
          72  1.615277412533564E-006  7.891944032461989E-009
         101  4.294468234363044E-007  2.068701904520864E-009
          14
           1  2.415087653179106E-017  1.123651016133827E-019
           8  1.164392814476519E-006  5.638459778423133E-009
          18  8.277866494718122E-021  3.824837826047521E-023
          25  1.881998672162572E-007  8.935473409018810E-010
          33  8.529352078214442E-020  3.926730870559267E-022
          50  3.503308649630083E-006  1.664088467239353E-008
          53  6.587030528878033E-012  3.165426074044272E-014
          54  2.523179062810354E-006  1.217612879561556E-008
          57  1.302417214875882E-010  6.031816241109785E-013
          62  1.090420182966896E-007  5.081952702480426E-010
          63  1.319373804391226E-006  6.312661405014166E-009
          84  2.717433805177187E-010  1.258950752177777E-012
          94  9.880578996760285E-015  4.610775226184211E-017
         100  6.156001620747369E-013  2.843471348061907E-015
          15
           1  1.534223246184762E-006  7.610075774843371E-009
           4  6.255000656655513E-011  3.158749828027449E-013
           6  6.929786188035570E-013  3.406366999652201E-015
          10  6.703294828798978E-014  3.121680474967704E-016
          23  1.310100348646372E-007  6.401807448899987E-010
          52  1.198125513997834E-014  5.839328962466613E-017
          53  6.138209750931216E-023  2.838956591192549E-025
          61  3.268499353476354E-005  1.603712897389169E-007
          67  2.014366623168293E-008  9.637842075882485E-011
          69  1.191457199940810E-005  6.049507911238503E-008
          72  2.629823266667792E-004  1.311298127024626E-006
          83  1.886366114194130E-018  8.732508110938444E-021
          92  2.257912983150340E-011  1.133645427997548E-013
         101  7.039397044280135E-006  3.445644829393971E-008
         111  2.975907549594461E-011  1.417668381538683E-013
          10
          24  1.221518727513342E-012  5.742428654637697E-015
          26  1.755044529394975E-011  8.259524374415924E-014
          27  2.272631638402022E-014  1.050330821610394E-016
          32  1.620843630314439E-007  7.597020466651284E-010
          55  2.886778535902712E-010  1.339651871302211E-012
          82  1.776841581015970E-010  8.416338076433851E-013
          85  6.578339844559847E-017  3.051778669285458E-019
          96  1.770379109231739E-016  8.242950553580829E-019
         104  6.021478075032743E-009  2.794332355461803E-011
         107  2.050661365343150E-010  9.700001952262046E-013
           1
          41  4.854763096482030E-023  2.238441282014851E-025
          12
          16  2.911020250338487E-027  1.342100230552770E-029
          24  4.007420369671604E-011  1.886887891936819E-013
          26  8.858359223415412E-010  4.177056638746873E-012
          27  1.481118988331477E-009  6.828399714303821E-012
          32  8.122083324699352E-008  3.789488900399131E-010
          37  3.357903654372932E-015  1.553106371107714E-017
          55  9.162250357835713E-012  4.232800132746157E-014
          82  8.667704752049594E-011  4.082955584566173E-013
          85  2.388222874024277E-010  1.115949911110688E-012
          96  4.023374721870040E-013  1.884523491369197E-015
         104  1.228290372981683E-012  5.665728204422148E-015
         107  3.589011836219324E-020  1.658472968647070E-022
          12
           6  1.817155007069612E-009  9.128795941537973E-012
           9  1.245604181215784E-011  5.775932774479799E-014
          23  1.662155664800445E-008  8.018503482709745E-011
          34  3.733859700742808E-004  1.850657354353643E-006
          46  3.034865378684263E-009  1.419471576761912E-011
          67  1.008634232489870E-023  4.629671119634561E-026
          75  9.267667056568497E-017  4.285801047230681E-019
          83  7.746158163695790E-009  3.666038365950418E-011
          90  1.622016239072230E-011  7.522242222600570E-014
          93  2.311781002453764E-008  1.090635031507384E-010
         109  1.590011517031065E-005  7.580102863410516E-008
         111  3.520356501870619E-007  1.697732340422501E-009
          17
           4  1.045945410973079E-006  5.490491750222621E-009
           6  3.461408370180572E-010  1.747943666232846E-012
           7  1.380391596493880E-007  6.732569048727339E-010
          14  2.850124647308263E-009  1.387275274091854E-011
          15  5.014394343802276E-009  2.484656497844375E-011
          16  1.294277422442865E-017  6.037606967802359E-020
          17  7.992316492894108E-004  4.162542435021790E-006
          39  1.141646969814425E-006  5.814362988612471E-009
          42  5.749793495486772E-005  2.888069031575763E-007
          52  1.142062942578838E-006  5.977510828785323E-009
          59  1.919891681192547E-003  1.007631848041190E-005
          76  1.056928294026754E-006  5.384448649595600E-009
          82  2.180688904103629E-022  1.006716836631010E-024
          92  1.671358157749392E-006  8.770659705279001E-009
         103  2.116236231454480E-004  1.072863201092212E-006
         106  1.354375592117388E-003  7.007289518657664E-006
         107  1.096286419593834E-012  5.176211954634110E-015
          15
           3  3.743565649416324E-017  1.723467729523906E-019
           7  1.929647380066057E-028  8.920804278844989E-031
          13  3.872964912680417E-014  1.788206900495723E-016
          14  1.884401879738060E-008  9.081323993392081E-011
          15  5.417164306747112E-020  2.515515031653817E-022
          20  1.165037444318190E-015  5.364387368265754E-018
          38  4.776126442250660E-006  2.240427837540289E-008
          41  2.278946689920323E-007  1.058112100134484E-009
          48  7.444441485115620E-013  3.439648872760648E-015
          51  1.190101721157396E-013  5.498673913430119E-016
          71  2.547463847272670E-012  1.181484987242056E-014
          77  4.007089466070348E-013  1.860105146117592E-015
          79  6.494979001948546E-012  2.997686670173035E-014
          89  2.235838000921596E-007  1.044879599632571E-009
          98  3.253887116201648E-016  1.508481883394625E-018
          21
           4  4.063057125801948E-010  2.064578936286642E-012
           7  9.724233258381649E-006  4.756586707249211E-008
          14  1.838387938262484E-018  8.530388752613371E-021
          15  1.566561921044752E-025  7.242725179972916E-028
          16  6.253005575958367E-010  3.026086436510567E-012
          17  5.601773588210865E-006  2.868294480094523E-008
          24  1.478075640520312E-011  6.994566199556413E-014
          26  4.246728090919102E-015  1.977268321523723E-017
          39  7.730719616105855E-013  3.749899522726547E-015
          42  6.615991750537934E-004  3.323846790685911E-006
          52  5.993106440515002E-008  3.091381902007700E-010
          59  7.740465631791797E-005  4.015688214234082E-007
          71  7.074855853193367E-018  3.267888655247130E-020
          76  2.457923584327222E-005  1.254651271938703E-007
          82  2.179477700509644E-009  1.042022141019396E-011
          86  9.311529007052234E-014  4.397565956324397E-016
          92  9.623541573329766E-010  4.899052312767057E-012
          96  1.333629885056883E-011  6.328499672254235E-014
         103  1.095622361606259E-003  5.536647481950473E-006
         106  1.468060089937155E-003  7.552824834091148E-006
         107  3.965674031989928E-007  1.912484533453591E-009
          25
           4  1.561437473051050E-022  7.250193939287977E-025
           8  2.749244484178411E-014  1.291040017180212E-016
          16  6.600751427038208E-004  3.282122497205659E-006
          24  2.714936709900248E-005  1.319317043046072E-007
          25  3.616986766575958E-010  1.707286798248551E-012
          26  4.698625751202068E-006  2.263157084697078E-008
          32  5.765463946296251E-018  2.660282744667065E-020
          37  1.804355786010434E-007  8.559430684633326E-010
          42  1.967032777786798E-015  9.243545285897581E-018
          50  9.427380153046411E-015  4.370576382119077E-017
          52  1.201872616129852E-008  6.146262542161969E-011
          53  8.280048608558429E-007  4.130916577626093E-009
          54  1.690868711087273E-015  7.876865463035535E-018
          59  3.280034101196608E-021  1.524758832179438E-023
          60  7.713445709360426E-019  3.557616079200352E-021
          76  8.259547258214854E-005  4.209692105262816E-007
          82  3.855997580811055E-006  1.865844054713240E-008
          85  2.286739500469754E-007  1.086317283156422E-009
          86  6.709697287145002E-004  3.331660859267100E-006
          92  5.510986842828228E-021  2.569841242144697E-023
          94  2.887256795521064E-005  1.409125807350560E-007
          96  1.215713349958177E-004  5.952017934187848E-007
         103  2.136807059099472E-014  1.011543400137209E-016
         106  6.100540432218239E-012  2.967455032563015E-014
         107  1.707356045192425E-014  7.965956597011186E-017
          11
           2  3.322355427357457E-019  1.532873464339224E-021
          20  4.793996389803201E-013  2.218640953902011E-015
          22  5.133313127084238E-013  2.369898980981358E-015
          28  2.226745379803641E-011  1.035745233713516E-013
          31  2.421513118060180E-028  1.118343196328177E-030
          48  2.579628746463788E-019  1.192827165173452E-021
          51  5.152287717435282E-014  2.384762697321471E-016
          75  6.857417349100503E-027  3.171257273083204E-029
          77  8.226808777961762E-016  3.812206733714450E-018
         102  3.949198732282810E-030  1.826227950173781E-032
         110  3.203363643450029E-010  1.484034792844825E-012
          18
          16  1.637190724058677E-013  7.710206973735608E-016
          24  7.460526806862240E-014  3.476988019223605E-016
          25  1.950277035509427E-010  9.145432061479487E-013
          26  8.537525900906369E-013  3.984788884295378E-015
          33  8.789682412101684E-011  4.052956668035510E-013
          37  5.906370249610076E-007  2.783790862331026E-009
          43  3.782140631522112E-008  1.754182503865659E-010
          50  3.397078770793468E-015  1.569534911884833E-017
          57  1.161928261525723E-014  5.357955455923315E-017
          60  2.305039843480020E-007  1.071357221402212E-009
          62  2.288962568266505E-017  1.053916266280193E-019
          82  2.885116815720914E-030  1.328227335122430E-032
          85  1.439973508412546E-008  6.762166636770222E-011
          86  5.149417497143228E-011  2.451360489360535E-013
          88  4.678129189302042E-019  2.155350807644084E-021
          94  2.235724435620928E-008  1.068695087445035E-010
          96  2.760265904922152E-012  1.296952457848646E-014
         112  3.716170607048472E-013  1.717351478909981E-015
           0
          25
           4  4.897379902570836E-007  2.565201924458910E-009
           7  4.955966256579207E-019  2.307679637501347E-021
           8  7.749899574495730E-020  3.601201007043483E-022
          16  3.775706763833271E-005  1.887730033775673E-007
          17  1.662431546133413E-010  8.290197725829125E-013
          24  8.445573523010407E-008  4.100153363261214E-010
          25  3.276253988282901E-027  1.513212121762506E-029
          26  1.126052208344775E-009  5.388338737938294E-012
          37  1.579054061591083E-018  7.321428518757310E-021
          42  1.672563737271391E-008  8.259406371953886E-011
          52  2.359568439017156E-004  1.251879193631318E-006
          53  1.105271405978100E-006  5.576526653229850E-009
          54  6.700548181842777E-030  3.097968231777241E-032
          59  6.361963578262246E-007  3.286283423342449E-009
          69  2.845960076728015E-014  1.364574951478211E-016
          76  1.805614271125119E-003  9.352633542626429E-006
          82  4.205189163517947E-008  2.035985901926218E-010
          85  4.577060862110758E-016  2.130290843351428E-018
          86  1.382376863950229E-005  6.888211036279311E-008
          92  6.914888079443254E-007  3.621697784020342E-009
          94  7.583423035903763E-009  3.674867815080646E-011
          96  7.231271600367500E-007  3.540522642624067E-009
         103  1.071868554139649E-007  5.339848472521073E-010
         106  5.393018809782513E-006  2.763293672293293E-008
         107  2.686465929908350E-013  1.266314284611627E-015
          20
           1  6.955117877449253E-007  3.453412767777647E-009
           4  7.679357413762781E-006  4.049141791985460E-008
           6  5.118316932998198E-014  2.491860338869292E-016
           8  9.549023376960389E-008  4.667058637733309E-010
          16  1.021431000775538E-010  4.932736582304322E-013
          25  3.961797988295279E-015  1.841592536681944E-017
          50  4.956214593628845E-016  2.294090659112853E-018
          52  2.913243347999954E-004  1.544305939659756E-006
          53  2.547160229612907E-004  1.297829949987701E-006
          54  1.211221816477133E-008  5.862604428366790E-011
          59  3.177561200941916E-012  1.568543617437198E-014
          63  4.250336425206186E-011  2.014102235032355E-013
          69  1.119016929014579E-004  5.722223062054292E-007
          72  1.267577189446255E-012  6.045454801479940E-015
          76  2.474212707084706E-007  1.253215860113013E-009
          86  1.640681219529669E-009  7.974655148760885E-012
          92  7.185481922202924E-006  3.783609515430768E-008
          94  3.986852986025381E-011  1.901847660608705E-013
          96  5.604973131693594E-021  2.582738089411765E-023
         106  5.736486044101165E-016  2.722615131782216E-018
          13
           1  2.049409015974697E-005  1.013026221338179E-007
           8  1.359174469441835E-004  6.650761793801966E-007
          10  1.216943472769060E-009  5.704733138472518E-012
          25  3.788910426112192E-009  1.790490032727334E-011
          50  1.981001154199128E-007  9.391834390786596E-010
          53  2.136092237539944E-006  1.063064157481128E-008
          54  9.816609916598842E-005  4.776089910429863E-007
          62  2.102020016395841E-015  9.684133105015842E-018
          63  1.659463834203507E-004  8.011433223138788E-007
          69  2.819026440359465E-006  1.413513968664687E-008
          72  1.046503908076484E-012  4.954483160882792E-015
          84  1.625780838386578E-016  7.499565593377519E-019
          94  4.490265177478696E-015  2.091198050594247E-017
           0
          11
           9  6.856353745366031E-018  3.159376224491632E-020
          20  2.634027486978588E-011  1.220053035591179E-013
          22  1.050014286810045E-014  4.836680982914927E-017
          28  1.976555656861330E-007  9.248473161805733E-010
          46  1.993659057866318E-018  9.193182097203991E-021
          51  5.367644756583473E-012  2.487073637587472E-014
          73  1.017980046262881E-010  4.699315857933906E-013
          75  9.471045738956874E-008  4.484245266508935E-010
          77  2.757279180448420E-011  1.285520439488833E-013
          98  4.773130559617832E-011  2.248378040313034E-013
         110  3.302877212518726E-009  1.529287171037855E-011
          13
          14  1.233097502033072E-009  5.926642934871212E-012
          15  1.317959305403668E-008  6.467334552902979E-011
          20  7.265485433283005E-007  3.408308586485100E-009
          22  9.345837493292367E-025  4.311988007554281E-027
          28  4.800005731266775E-006  2.261167306951971E-008
          39  1.863998667671264E-012  9.021405554105018E-015
          48  2.094774684869551E-012  9.707689999761249E-015
          51  6.595379599851010E-007  3.099495416835474E-009
          73  1.518380364643669E-017  7.003352303827796E-020
          75  7.007597860373909E-006  3.348273472686545E-008
          77  3.541671339654775E-006  1.681288604784050E-008
          98  1.291077645186605E-005  6.230527529156612E-008
         110  5.806754621475326E-008  2.701660779489122E-010
           3
          10  4.197491928532510E-015  1.941263550578489E-017
          56  2.476550087206400E-013  1.143077064591725E-015
          70  1.461585001923214E-011  6.767126800937746E-014
          22
           4  3.454027359763926E-005  1.834810609321430E-007
           6  9.539889017367695E-012  4.759046141821069E-014
           7  1.590885332584527E-014  7.493573303293751E-017
          16  5.168804394922828E-007  2.564426164603452E-009
          17  6.022827357582523E-007  3.089163593002820E-009
          24  7.604091238068895E-011  3.632212973086220E-013
          26  1.507053500020284E-014  7.055831671414981E-017
          39  9.979963883451344E-014  4.828878745227722E-016
          42  2.467620971079250E-007  1.229108030547828E-009
          52  1.009079898174172E-003  5.378937789180994E-006
          53  2.477990388461735E-008  1.237920637886005E-010
          59  7.084737078486511E-005  3.707114916122621E-007
          69  1.501413468800573E-014  7.185380776313403E-017
          76  8.506781042530970E-004  4.407055561549146E-006
          82  1.170466166074276E-010  5.594602614354371E-013
          86  7.102176870184204E-008  3.500384169947996E-010
          92  4.541817579514304E-005  2.409896274345929E-007
          94  4.389997589785369E-014  2.068319748300339E-016
          96  1.435274538347559E-009  6.931820635114742E-012
         103  1.765960430402288E-006  8.881310912466863E-009
         106  8.756656776560712E-005  4.511974812381783E-007
         107  1.201207099745251E-014  5.628684610895586E-017
           2
          13  8.311196305488661E-018  3.831243522731227E-020
          79  3.414458673864496E-019  1.571272874671752E-021
           8
           3  2.108846737553211E-010  9.749724260815879E-013
          20  1.241157585142991E-010  5.767995178798460E-013
          28  1.438453087708549E-017  6.656149842400953E-020
          48  1.485485547944912E-009  6.899255296609470E-012
          51  1.136831045488550E-010  5.291951553092615E-013
          77  3.140631681898560E-012  1.464469643314281E-014
          98  1.886390688026664E-026  8.725653924820716E-029
         110  9.978146373850734E-013  4.615296382082114E-015
          12
           8  7.074295623807108E-018  3.288996040269702E-020
          18  3.876318388743543E-012  1.794564686000584E-014
          36  1.105318006993499E-013  5.102173027654944E-016
          50  3.308605349681062E-014  1.535399039543513E-016
          54  1.747274186875561E-015  8.142021573437163E-018
          57  1.227670756973046E-021  5.672647374873039E-024
          62  5.400229081958397E-013  2.498399412601482E-015
          63  1.086847180228725E-012  5.085106785600664E-015
          74  5.239412738470329E-027  2.422665669114570E-029
          84  3.994240313389797E-009  1.852945138886408E-011
         100  4.552317831980605E-010  2.106470261990755E-012
         114  1.565576517763761E-023  7.240325975229502E-026
          13
           9  3.475850389555630E-017  1.603346097507172E-019
          11  2.731494756726715E-024  1.261162412503362E-026
          20  1.681513627041683E-017  7.745732422185815E-020
          22  9.748476381880552E-016  4.494316529984373E-018
          28  2.941428493492678E-009  1.371452269203676E-011
          46  8.614994992817047E-019  3.976183446302952E-021
          51  3.447547263031627E-020  1.588896139820318E-022
          73  2.950943325693504E-010  1.363791883400871E-012
          75  9.914596606762898E-010  4.665330867451560E-012
          77  1.755084973483766E-018  8.106566753565493E-021
          98  3.111314942363242E-018  1.439808678185627E-020
         108  5.427472395318546E-028  2.503236962541198E-030
         110  2.085723375478881E-011  9.641826008958749E-014
           6
          13  6.103596804593260E-009  2.824407497006728E-011
          38  1.952557142413771E-008  9.101015705120709E-011
          41  4.661145262408643E-010  2.153814834799093E-012
          71  1.768430954645667E-009  8.242951483025861E-012
          79  1.659966243277138E-008  7.672869999561499E-011
          89  1.849967981625194E-007  8.629891126818650E-010
          13
          14  1.026452822499096E-009  4.927366007581567E-012
          15  1.490022297053109E-008  7.314370696646797E-011
          20  5.846064946064597E-007  2.742998060815751E-009
          22  1.405515905634208E-025  6.482786230647586E-028
          28  4.842935540260635E-006  2.279531196016071E-008
          39  2.502757033343953E-012  1.212173327235591E-014
          48  8.788392889061514E-013  4.070132176865151E-015
          51  5.252499050444578E-007  2.468294703705628E-009
          73  8.307840071231349E-017  3.831200703479382E-019
          75  8.669686598629386E-006  4.143291178120832E-008
          77  3.049915782018555E-006  1.446503540922772E-008
          98  1.283233128336424E-005  6.194969949748336E-008
         110  4.957195051980641E-008  2.306025506782637E-010
          17
           1  1.005881379891409E-011  4.848535883750734E-014
           4  1.536305853124362E-005  8.126476944826322E-008
           6  3.427387790353984E-005  1.793288862587974E-007
          17  3.000933965088066E-023  1.389500640859909E-025
          23  4.550403366988581E-007  2.240590921388189E-009
          34  3.319011826979362E-009  1.625929395659696E-011
          39  2.432161209104232E-016  1.155158644835766E-018
          52  2.442480307561824E-008  1.265861484147603E-010
          59  7.523072237605873E-017  3.584451482616497E-019
          61  1.302518795230907E-009  6.286823160132829E-012
          67  1.739269309566873E-011  8.226519645834853E-014
          69  1.015525780823154E-007  5.116136432840137E-010
          72  4.152070947114804E-008  2.044560184394961E-010
          83  2.095918656495769E-015  9.765743670621485E-018
          92  1.047140845049593E-005  5.528787890382803E-008
         101  2.741269047908928E-008  1.332671707549311E-010
         111  2.652299187386137E-009  1.280973134058720E-011
          10
           3  2.522233733830537E-010  1.160521266096353E-012
          14  1.870641972808484E-013  8.774667876874273E-016
          20  7.573953727390175E-012  3.495705179930276E-014
          38  8.011437351913591E-009  3.722673202182026E-011
          41  1.956703179020437E-008  9.042635951056525E-011
          48  2.936190310008803E-009  1.357636850790736E-011
          51  4.437288092401114E-011  2.054431067203825E-013
          77  7.105760215442714E-012  3.300051921498408E-014
          89  1.170550227498901E-013  5.392800370973808E-016
          98  3.941327093588306E-019  1.815982644519711E-021
          13
           4  1.493306075184619E-005  7.884236760507075E-008
           6  1.461100491447830E-003  7.704896521638868E-006
          14  3.446902264888093E-009  1.677421698712289E-011
          15  4.937526300756459E-005  2.501522479626912E-007
          17  1.191850261767491E-005  6.143414479220506E-008
          34  4.811017115183960E-008  2.366907867760499E-010
          39  4.416949720435240E-004  2.280634127062481E-006
          52  1.013406445585290E-009  5.175571890813071E-012
          59  1.641608985383644E-006  8.476620137566449E-009
          75  4.033853282779594E-013  1.891687760386882E-015
          92  1.466342577819420E-005  7.730776614787433E-008
          98  2.421615772590065E-010  1.157056832335322E-012
         106  9.012109174407231E-013  4.381786129335478E-015
          13
           1  3.248557239478696E-007  1.588448877247932E-009
           8  2.025235834868051E-008  9.751763392862176E-011
          10  1.122865172025774E-006  5.311296295487983E-009
          50  4.367973089237813E-015  2.021359727600174E-017
          53  4.718835795255883E-018  2.200578730384186E-020
          54  1.857695741118308E-008  8.894608348174228E-011
          56  4.276076276138465E-010  1.979145517659259E-012
          63  3.232859119193739E-006  1.550315599172531E-008
          69  1.489498126095379E-010  7.261629977837125E-013
          70  5.572218528354744E-012  2.581214256385451E-014
          72  1.937957678709241E-013  9.145559399504045E-016
          84  1.959380290706937E-012  9.069083804592641E-015
         100  2.101481759149250E-020  9.700566968390866E-023
          17
           4  1.268070710280407E-013  6.222976763348927E-016
           6  1.402640272757785E-005  7.272724719035390E-008
           9  1.151690860480290E-013  5.334442223793496E-016
          14  5.441290398526972E-020  2.517504943370547E-022
          15  1.345320584506865E-007  6.677566700073726E-010
          17  3.649820779610282E-016  1.732042342965395E-018
          23  1.312354109208517E-014  6.153536331086102E-017
          34  1.354881973227158E-004  6.732329475874001E-007
          39  1.884272911056047E-007  9.483639154971866E-010
          46  1.425692841037019E-010  6.665133605148108E-013
          75  2.306741537688352E-008  1.098682413639150E-010
          83  4.755823988148079E-029  2.190575451690191E-031
          92  6.726126876959935E-014  3.292306321104327E-016
          93  5.752253944504757E-030  2.656160772609540E-032
          98  2.468361275366929E-011  1.167572103692474E-013
         109  1.929359449989400E-009  9.111002053511976E-012
         111  4.934730023885224E-013  2.321886003063218E-015
          17
           4  2.738981118165363E-011  1.376271863774541E-013
           6  5.648050338125737E-005  2.941905507422034E-007
           9  1.471141933784896E-016  6.804608100728147E-019
          14  4.825365676072082E-019  2.240270909770975E-021
          15  2.120229661051837E-007  1.055966953446979E-009
          17  7.843009553981155E-014  3.788225724126708E-016
          23  3.732293114316123E-013  1.766166577248183E-015
          34  1.462301868212311E-004  7.291671249902948E-007
          39  5.252655492812935E-007  2.656159084644321E-009
          46  4.619378909934594E-012  2.155813520840667E-014
          59  7.782467178561827E-021  3.629275412799518E-023
          75  3.901204203807833E-009  1.857593207398754E-011
          83  2.292764303968597E-024  1.058004085627598E-026
          92  1.762088407899257E-011  8.828572457103318E-014
          98  7.317236888765688E-012  3.462612287097053E-014
         109  6.646796554916785E-010  3.139476084056247E-012
         111  2.783018099491624E-012  1.316875503032599E-014
           4
          27  8.909347977656893E-016  4.095120782334181E-018
          32  7.892559987090905E-018  3.635806231740009E-020
          55  1.052900758144664E-015  4.856130574419136E-018
         104  5.113007968571900E-023  2.354052179876345E-025
          11
          21  1.036443709965197E-015  4.785638537843235E-018
          40  2.432446012973722E-022  1.122887668257375E-024
          65  3.571271499739711E-020  1.646282521037857E-022
          80  1.791839026997995E-011  8.276567089547050E-014
          83  1.105471790034956E-014  5.122949813676948E-017
          87  5.598105826866771E-017  2.583151109628098E-019
          90  7.821393290794374E-018  3.609755881652613E-020
          93  9.600947047879052E-012  4.471371244434395E-014
          97  4.016980937860743E-023  1.852016971696969E-025
          99  1.730512191462479E-014  8.001249096162114E-017
         113  3.958467786905792E-024  1.825949415817062E-026
           5
          12  2.670096111724631E-018  1.233636641883251E-020
          13  5.146548164962826E-012  2.375561606486786E-014
          71  9.564694620619133E-011  4.441942461769081E-013
          79  9.048160206083814E-014  4.167173158700127E-016
          89  4.006492970973276E-016  1.845123614774935E-018
          12
           7  4.116067437508007E-005  2.001966775952289E-007
          13  3.285646866511509E-014  1.521173101426051E-016
          17  3.561679469425271E-021  1.655534830584599E-023
          38  1.025774385899355E-016  4.736290686951230E-019
          42  1.324891659656261E-006  6.520138305764436E-009
          59  1.910197819773808E-020  8.916450336850982E-023
          71  2.734485572670939E-006  1.290633992690946E-008
          79  3.618737003539712E-016  1.671453497882199E-018
          89  4.210877814985096E-010  1.962878667052680E-012
         103  3.219009221378255E-007  1.586226995439031E-009
         106  4.523581719723955E-010  2.222813308621898E-012
         107  4.861226178648562E-008  2.321085095176849E-010
          12
           1  2.260134816222888E-011  1.085778828371398E-013
          10  7.986367684864045E-019  3.688133959703994E-021
          23  5.321672248434832E-006  2.609213413486810E-008
          61  2.183967027563350E-004  1.071269751081927E-006
          67  1.888993841998605E-005  9.102449075748171E-008
          69  6.190234313260229E-011  3.024203568041750E-013
          72  3.506941378613262E-005  1.736026341617099E-007
          80  2.873989018637988E-026  1.326510051057193E-028
          83  4.294166453753796E-010  2.030996325884991E-012
         101  2.339727899176009E-004  1.146571110205835E-006
         111  3.655151535863045E-008  1.761528546774483E-010
         113  4.967234176199600E-027  2.296861794649943E-029
           2
          22  1.844005043807795E-027  8.507090045354902E-030
         110  1.039089169531865E-023  4.794177282589112E-026
          17
           4  2.618461895345769E-005  1.385627813989836E-007
           6  1.607948975852105E-003  8.487657603467304E-006
          15  2.314322558424172E-010  1.135673250782263E-012
          17  1.247533596459607E-010  6.206142190407784E-013
          23  1.372018353348321E-008  6.681171980963506E-011
          34  4.485464251894984E-006  2.231774169396717E-008
          39  8.677072042346898E-008  4.388955157663884E-010
          52  2.278175415525484E-009  1.167022225930467E-011
          59  9.001193426695159E-011  4.507001003832848E-013
          67  2.589333336373194E-023  1.189737599116105E-025
          69  1.553994886792540E-016  7.328238515427423E-019
          72  3.055187770294872E-022  1.409947272087632E-024
          83  9.703777446445176E-018  4.489913710969955E-020
          92  2.026232270835918E-005  1.069822992526121E-007
         101  2.697325092134365E-014  1.266166975288482E-016
         109  2.458555110567597E-018  1.135198706477831E-020
         111  5.499657013999604E-010  2.642989536157295E-012
           5
          80  1.049968412699360E-017  4.835936965711072E-020
          95  2.610700558960955E-021  1.201519872467127E-023
          97  5.552699910545528E-014  2.560811154877600E-016
          99  2.247589664035067E-014  1.039500291404659E-016
         113  8.408108145157747E-014  3.881703589511363E-016
           7
           5  3.375260467563581E-012  1.562984129817914E-014
          61  2.175921532040634E-013  1.019729619113167E-015
          67  1.422887629141483E-019  6.549717152087139E-022
          68  8.565886106873786E-011  3.953446434895246E-013
         101  5.937370585601763E-019  2.744261893298678E-021
         105  8.255387629616664E-025  3.816316962441791E-027
         113  2.642462956151391E-029  1.219859491971720E-031
           9
           9  2.752684949553040E-021  1.268438000504801E-023
          30  1.271137854104003E-015  5.853771055206836E-018
          46  3.982625538456984E-018  1.836768434905558E-020
          47  6.156100634193608E-010  2.846027728853873E-012
          58  2.410103827603974E-018  1.112993739103070E-020
          78  6.494579149608355E-018  2.995288824325528E-020
          90  1.484660205560634E-008  6.891893409172142E-011
          93  1.676844607854633E-012  7.796944961352772E-015
         109  2.474529885046496E-010  1.156751524584489E-012
          26
           1  8.764277881624371E-018  4.094825807756594E-020
           4  1.170878414336776E-007  6.104739222346659E-010
           8  1.418672416193791E-010  6.836709250334083E-013
          16  3.809805994374685E-005  1.903130883193239E-007
          17  9.770665674203958E-017  4.644191865637319E-019
          24  1.854954503485563E-008  8.971111322106279E-011
          25  2.912991800305139E-012  1.373868129293809E-014
          26  1.884981851371799E-010  8.990157659021273E-013
          37  1.053308269500823E-014  4.914965542080722E-017
          42  2.054671064997151E-013  9.827126072565276E-016
          50  2.406573548218207E-016  1.118083609972573E-018
          52  1.612963829471830E-004  8.548494960012043E-007
          53  7.072696957325651E-005  3.600667991283176E-007
          54  1.085822833999710E-011  5.178675218649188E-014
          59  1.657553969564302E-009  8.392687023520866E-012
          63  2.180376200807097E-030  1.007289604055754E-032
          69  7.140737012068436E-010  3.542997941818942E-012
          76  4.539410579310505E-004  2.345077003796222E-006
          82  1.528681415224167E-009  7.348158082692191E-012
          85  3.835306497633967E-015  1.788926825532275E-017
          86  4.698756691341364E-005  2.344316440683361E-007
          92  1.508734917367630E-007  7.872175800083985E-010
          94  6.131454993626905E-007  2.999316509823932E-009
          96  3.907103814559968E-007  1.910055773977725E-009
         103  9.811211160746953E-012  4.755539055822415E-014
         106  1.356948745582800E-008  6.834191903964521E-011
           8
           9  4.194272471107631E-018  1.935210585132414E-020
          11  6.640340261948429E-017  3.067041066816037E-019
          28  2.746695099619179E-016  1.269728433977771E-018
          46  1.964597877839483E-022  9.069582584859467E-025
          73  9.426571702776442E-011  4.355064350245656E-013
          75  8.734109197955478E-017  4.044944346152218E-019
         108  5.380875939118986E-017  2.482654702682886E-019
         110  7.979694983464912E-028  3.680476150541422E-030
          23
           8  1.400722268829677E-007  6.797009680086914E-010
          16  7.991678033510942E-006  3.937832298011807E-008
          24  1.292119315722223E-008  6.188308769970687E-011
          25  1.095046596192092E-005  5.253885881437071E-008
          26  1.541150463685982E-009  7.315399112231208E-012
          33  9.966508267553218E-019  4.592822605170390E-021
          37  2.446119763069649E-007  1.159518573856412E-009
          43  1.746381525012277E-019  8.074895530501254E-022
          50  5.026410916698235E-007  2.393900349144550E-009
          52  3.231606054831242E-013  1.587268134881148E-015
          53  1.649911054664051E-005  8.274232461623891E-008
          54  9.874774116519406E-008  4.760222577572950E-010
          57  2.973917079594294E-017  1.373595907705382E-019
          60  3.040593988825215E-013  1.408809072957497E-015
          62  5.388950997662747E-013  2.496639523506964E-015
          63  8.729101014778296E-013  4.089852228390577E-015
          69  7.016536748913241E-019  3.269870835992303E-021
          76  1.246167008459655E-008  6.209596768725772E-011
          82  1.423740255929400E-011  6.720473440899318E-014
          85  5.536172409660407E-009  2.614185881980343E-011
          86  8.582677150286916E-005  4.242772895481044E-007
          94  2.872996771988231E-004  1.404845890600004E-006
          96  4.027309540769503E-007  1.948316324893684E-009
           9
           7  9.187434074808921E-006  4.454414758480149E-008
          13  9.001269642193898E-021  4.164479681383208E-023
          42  1.383339614474902E-007  6.768867412221093E-010
          71  1.995364370049755E-007  9.381796411954023E-010
          82  1.566763916482744E-024  7.231191609732273E-027
          89  5.539270637865445E-015  2.562065799643524E-017
         103  1.592555225202906E-008  7.790934147976011E-011
         106  9.298078445954986E-013  4.486207955785707E-015
         107  4.142589094695997E-007  1.982946891053962E-009
          15
           8  3.898685240816916E-011  1.849059501469900E-013
          25  1.942275561197802E-006  9.231653166554305E-009
          33  1.611823639640806E-008  7.446984263278691E-011
          37  9.154819191784535E-013  4.250686873075755E-015
          43  1.643014615568826E-015  7.585744239711973E-018
          50  6.588114803305323E-007  3.117881522970972E-009
          53  5.282426415675990E-016  2.479518549511653E-018
          54  2.105252113056348E-010  9.971680960547907E-013
          57  9.906973183099400E-008  4.595866416739315E-010
          60  1.353143251960165E-013  6.245443594540224E-016
          62  3.144707948041849E-007  1.464594023072423E-009
          63  7.002861091591067E-016  3.241143578717660E-018
          81  1.406711138151516E-019  6.484385457224834E-022
          86  2.711630926884121E-016  1.262640235635977E-018
          94  1.112555891962006E-008  5.309948894442344E-011
           5
          21  1.294855597689953E-022  5.990631397619360E-025
          45  1.592623361702854E-025  7.365841171766816E-028
          47  2.811454400669673E-018  1.300927767644456E-020
          90  4.906037084368015E-014  2.270499320120126E-016
          93  1.523296478338705E-018  7.054148718787042E-021
          10
          20  1.048806134753713E-012  4.853097944643085E-015
          22  8.953521918870663E-013  4.130828261473044E-015
          28  8.917930586596624E-009  4.165522551854738E-011
          31  2.295804874536148E-023  1.059485371234049E-025
          51  1.000686596781279E-013  4.629963668829939E-016
          73  1.310667743470473E-014  6.045388391097977E-017
          75  4.265245548569145E-011  2.000632557863315E-013
          77  7.468698448950899E-014  3.467348990966449E-016
          98  3.507364791014867E-016  1.628818150085802E-018
         110  1.541973152642700E-009  7.145218647575564E-012
           8
           1  7.797930789309110E-031  3.592817161540947E-033
           5  3.028042558903542E-013  1.401906871838787E-015
          10  6.814641543531868E-012  3.169778320195801E-014
          61  6.112174520426893E-007  2.942223495180765E-009
          67  3.677829236666561E-011  1.722283167322400E-013
          68  6.504230157689264E-014  3.000125047921769E-016
          72  1.169988403950945E-008  5.649084528165632E-011
         101  1.928451251419503E-009  9.180526716399938E-012
           7
          18  2.292005374910436E-012  1.059286458594536E-014
          36  7.018536635993352E-014  3.234321841559241E-016
          63  1.836172324451226E-016  8.496590495434234E-019
          74  1.978105821080159E-026  9.131687881145384E-029
          84  1.610843997698547E-009  7.457518336978523E-012
         100  1.945959866813140E-010  8.987285680195418E-013
         114  8.186345801701087E-016  3.779785839624554E-018
          16
          16  1.031099122130774E-011  4.899507583182571E-014
          24  5.680823559983782E-008  2.709797121563670E-010
          26  3.109135979068427E-007  1.479176098289957E-009
          27  4.457001144574468E-009  2.056170115547071E-011
          32  1.300132563728766E-007  6.068264741223716E-010
          37  3.969258499434197E-009  1.860735767849933E-011
          43  2.153128834300149E-017  9.942422348792013E-020
          55  2.556700575280449E-015  1.180547877661566E-017
          60  2.164636531870805E-013  9.994238725012309E-016
          82  2.533694881879881E-008  1.206332963101600E-010
          85  2.999718398386547E-007  1.414254823856134E-009
          86  1.672950440391007E-013  7.873127482241504E-016
          94  7.469900205622536E-022  3.447490554462250E-024
          96  1.017623093290067E-008  4.857627960169109E-011
         104  3.294670479919001E-017  1.518492762281170E-019
         107  4.254443664670917E-018  1.968230620417252E-020
           4
          30  1.250758724715441E-020  5.775740185848847E-023
          47  2.861097191108145E-015  1.324914010335914E-017
          78  4.125851259928793E-026  1.908075581862755E-028
          90  2.170310172562742E-019  1.004351395549064E-021
           2
          44  5.950628359117790E-021  2.747201881543180E-023
         104  2.814792420482850E-016  1.300337164734634E-018
          14
          23  3.369525942022673E-007  1.628943220763153E-009
          34  3.142545274477114E-016  1.466996171911777E-018
          61  3.188538549519780E-021  1.470969284205910E-023
          67  2.207922666183445E-007  1.048368354885395E-009
          80  4.069283115628075E-007  1.892704849816576E-009
          83  9.777032172172439E-006  4.658108235061143E-008
          90  3.800468299509290E-016  1.753648772362819E-018
          93  1.332593274991296E-006  6.292453267338849E-009
          97  5.109217225548442E-015  2.355093071884184E-017
          99  1.554230204381042E-008  7.224554413391086E-011
         101  1.863597623941986E-009  8.872044109289579E-012
         109  6.597896775810769E-011  3.080849814473280E-013
         111  2.175115492145551E-006  1.047206016399938E-008
         113  3.175101928786027E-010  1.469592028883738E-012
           2
          84  3.004782552259570E-029  1.392157803971239E-031
         114  3.323372484816984E-018  1.539213010461761E-020
           3
           5  2.471143455345800E-011  1.144400825860660E-013
          10  7.730416622034077E-021  3.560822667425995E-023
          68  2.545636893374879E-017  1.174354115347067E-019
           4
          58  6.985977838266178E-027  3.230103755123275E-029
          73  3.251314542426747E-022  1.498775291026643E-024
         108  7.658827658439320E-023  3.533800644506400E-025
         115  3.642668926376735E-020  1.685902563866573E-022
           8
           9  2.188346942521959E-010  1.014622009522561E-012
          30  4.115952130551111E-014  1.896390618884022E-016
          46  4.132859368307276E-011  1.919437673688195E-013
          58  1.490910314651636E-010  6.897135058151866E-013
          73  5.640398311079473E-012  2.601723535520845E-014
          78  5.971326125984001E-013  2.755511311463803E-015
         108  1.145780383969995E-018  5.282647308581334E-021
         115  5.468788756765104E-011  2.530301471228757E-013
          15
           1  1.525835965983385E-006  7.561765167688983E-009
           4  5.420879169564791E-010  2.758432223374112E-012
           6  9.969671998001551E-012  4.943303458403048E-014
          10  6.763114249875305E-015  3.136019048591872E-017
          23  1.254079408695713E-007  6.125321107639712E-010
          52  4.325469373873532E-013  2.133767525286825E-015
          53  8.832296326027544E-020  4.100097991688175E-022
          61  1.917721941075488E-005  9.389719911198250E-008
          67  1.023341170839540E-008  4.881811022917504E-011
          69  1.651343482289398E-005  8.383944170048607E-008
          72  1.987115904157573E-004  9.903189414365185E-007
          83  5.989683428289120E-019  2.766311105463746E-021
          92  2.280292378403701E-010  1.154676999450367E-012
         101  4.646966076802991E-006  2.271845696354075E-008
         111  2.931615196863822E-011  1.394229337449063E-013
          22
           4  1.671486543281335E-008  8.655603482984430E-011
           6  3.337581781070089E-019  1.572615353861655E-021
           7  2.702916224976059E-006  1.324389326926745E-008
          14  6.562385199131345E-016  3.079918258892642E-018
          15  2.231293177836530E-017  1.049545986066965E-019
          16  4.649383074494036E-010  2.257716774993379E-012
          17  2.369158432574352E-005  1.221603762124028E-007
          24  1.737234243265384E-012  8.217258607087473E-015
          26  3.289479547979541E-017  1.529568430304981E-019
          39  7.097166048715444E-011  3.508509683663996E-013
          42  4.130560244809806E-004  2.082988907338177E-006
          52  6.109183249173445E-007  3.186152107674009E-009
          59  2.606374962935823E-004  1.363793007087794E-006
          71  1.987789779859278E-024  9.193707358518379E-027
          76  3.848972241725500E-005  1.974863934834968E-007
          82  3.115550928556306E-010  1.490234656343655E-012
          86  1.113813470204819E-013  5.285611463254182E-016
          92  3.242992267506887E-008  1.679585138236419E-010
          96  2.925948105327143E-012  1.389142062646864E-014
         103  8.705578312829571E-004  4.414978528596081E-006
         106  2.033225574076257E-003  1.049006703430000E-005
         107  4.583012109484944E-008  2.210086960400874E-010
          17
           4  2.756234316165937E-015  1.336935990531226E-017
           6  4.978820477943772E-006  2.575963558541255E-008
           9  2.709512953505612E-013  1.259225888448749E-015
          14  3.518161103144880E-013  1.668538800072999E-015
          15  2.164459354551668E-006  1.084104571640977E-008
          17  9.853776396261574E-014  4.764734195197608E-016
          28  4.070055295390419E-016  1.887768453176344E-018
          34  1.913261646363541E-005  9.499234855419182E-008
          39  1.355489982095959E-006  6.869209688129510E-009
          46  1.607512958920770E-010  7.536050804258764E-013
          59  2.915275964785394E-026  1.348409620986510E-028
          75  6.604993184691129E-007  3.170348773913722E-009
          77  6.322182394754308E-018  2.929236372984073E-020
          92  1.580345329919462E-015  7.643342749515228E-018
          98  1.106777796117357E-008  5.316457437545443E-011
         109  1.377495745791464E-011  6.467525880783069E-014
         111  5.388666040915751E-023  2.492523396065724E-025
          10
           9  2.676826251299863E-008  1.245452892893986E-010
          11  1.969899885906934E-020  9.090916549396680E-023
          30  1.976320475341173E-017  9.104327490646819E-020
          46  1.396003457900939E-008  6.514619740403857E-011
          58  2.831998336178185E-010  1.310692753168413E-012
          73  1.203281789966285E-008  5.566390964946766E-011
          75  1.011891429316514E-013  4.706342389726513E-016
          78  5.971532305158097E-015  2.755162841417184E-017
         108  2.026694316374553E-015  9.343257599120860E-018
         115  6.725211033557343E-011  3.112048784816318E-013
           1
           5  1.664130208628562E-015  7.705641706075297E-018
