         115
  0.198547730010709     
  0.200416628242640     
  0.201061203979830     
  0.198821184889009     
  0.198936994292361     
  0.197784042114730     
  0.199203602090881     
  0.199279460696720     
  0.199639338005289     
  0.200930424210282     
  0.199864409703753     
  0.198406126562836     
  0.199286107727195     
  0.199674045330410     
  0.199305184267703     
  0.199192065705280     
  0.198861019325644     
  0.199174613331052     
  0.199873134291825     
  0.199923519083680     
  0.200046877538544     
  0.199310923589074     
  0.199328276233882     
  0.199326615977713     
  0.199179857140098     
  0.199979277746088     
  0.200070540960160     
  0.198823299216244     
  0.199200802957938     
  0.201276703530449     
  0.199671202120894     
  0.200137450547829     
  0.200634360563183     
  0.199102999827322     
  0.198732642772238     
  0.199759686196133     
  0.198987562154413     
  0.199906859980222     
  0.199384319420034     
  0.199527837362640     
  0.200685514875828     
  0.199379519329495     
  0.199389502769570     
  0.200094145101256     
  0.198774189416465     
  0.199726001487815     
  0.200398912090505     
  0.200331889235591     
  0.200918197940951     
  0.200073473131763     
  0.200025889123535     
  0.199094556689328     
  0.199523433920458     
  0.199629890149748     
  0.199338618337141     
  0.200075367808859     
  0.200233118888740     
  0.198734487756098     
  0.199454723120764     
  0.199656228324830     
  0.199973132934653     
  0.200469287347693     
  0.199592997094209     
  0.199912713531434     
  0.199929523250378     
  0.199878728704585     
  0.200410654074400     
  0.200389392328833     
  0.201057151542758     
  0.199137514580422     
  0.199648478014519     
  0.198929071411099     
  0.199281010766743     
  0.198395872068232     
  0.199403000605954     
  0.199833279226779     
  0.198926873025297     
  0.199579713327219     
  0.198995442188835     
  0.199575695462993     
  0.199882359783418     
  0.198925536064519     
  0.200154243219978     
  0.199430893738739     
  0.199642714639962     
  0.199531867739187     
  0.200524757739719     
  0.199455035861889     
  0.199451945596212     
  0.198229795827251     
  0.200571084767110     
  0.198947615921879     
  0.199440621366000     
  0.198986316486549     
  0.200334364275180     
  0.199525348231807     
  0.200384665945298     
  0.198872162878555     
  0.198809565067903     
  0.199995613451976     
  0.199209396722005     
  0.200932879104807     
  0.199039377975801     
  0.200029222765542     
  0.199014972950573     
  0.199989451805964     
  0.199094648758570     
  0.200604645740782     
  0.200865835414157     
  0.199253945630525     
  0.199920320676475     
  0.199894187028507     
  0.198925529723859     
  0.198869054583685     
  0.199193296140304     
