         123         132
          11
           1  2.623010484579752E-012  2.732874426775437E-014
          13  6.126424415482223E-013  6.320204152062338E-015
          33  6.111050061397898E-011  6.315960512412630E-013
          39  1.040840879562459E-015  1.071659977148626E-017
          67  7.263263508403189E-016  7.455794312762213E-018
          80  2.987701420593386E-015  3.072981823127936E-017
          88  4.251395361991437E-028  4.382338534425383E-030
          95  2.734815923566930E-010  2.808403504641415E-012
          96  3.323502261940476E-012  3.439764835440735E-014
         103  2.618884112183891E-014  2.719010316553804E-016
         108  7.813242963515580E-020  8.042155824909251E-022
          12
           1  6.635760085320748E-010  7.014959919180684E-012
          13  1.029211329884696E-008  1.072275304046382E-010
          31  1.231416760581831E-008  1.311181631144205E-010
          33  1.832719861235183E-009  1.910260758006043E-011
          39  1.258345929845470E-005  1.336888421893548E-007
          56  6.063064041828796E-006  6.446710880385610E-008
          67  7.981998774706039E-009  8.277238988576699E-011
          90  9.054871096726981E-009  9.973192406887960E-011
          95  7.545084029081657E-013  7.793033782057252E-015
          96  1.096677017387391E-011  1.144551303311546E-013
         103  3.062839224843311E-011  3.230999050290268E-013
         108  1.553960701299541E-008  1.616740438815392E-010
           6
           9  6.898037639091915E-022  7.102161885253074E-024
          25  6.201128694406285E-008  6.421113145517385E-010
          42  7.514625425603230E-014  7.726251095625071E-016
          70  6.671963660002495E-016  6.936774250261734E-018
         104  6.590567489805946E-014  6.739666504441029E-016
         109  6.871998497746280E-008  7.077310009914572E-010
           5
          49  1.856780568303164E-012  1.930151460767459E-014
          82  4.908883817840470E-014  5.090649865211007E-016
          87  3.790196391121102E-011  3.948048536482239E-013
         109  1.264468713766672E-018  1.299526824180948E-020
         113  2.287437652146110E-012  2.371191969906527E-014
          16
           2  1.141993831211182E-018  1.188499114378278E-020
           3  2.539700112162832E-008  3.217862950950375E-010
           4  8.575673727507773E-014  9.201643807597174E-016
          10  5.178010818677176E-007  6.783662912373386E-009
          28  2.037645173996736E-010  2.561588858608431E-012
          30  1.876911124065681E-006  2.248247335387154E-008
          35  1.514758785227280E-017  1.577904523823937E-019
          38  4.759888305923722E-024  4.869089677094197E-026
          60  6.229749358797488E-009  6.824119625596456E-011
          85  2.373159537867271E-004  2.861893282361889E-006
          89  7.361368839752810E-015  8.629950186989154E-017
          93  3.873883215006575E-010  4.754321613234398E-012
         106  2.460314788768340E-007  3.003370116430076E-009
         115  8.358729251783516E-005  9.734708339446684E-007
         116  1.000424244546987E-004  1.154289739270943E-006
         119  3.505314105525138E-005  4.148606977176285E-007
          21
           1  5.017639715366720E-006  5.374322520345167E-008
           5  3.259673789588616E-025  3.381050827146295E-027
          13  1.773294692224210E-013  1.836743512918994E-015
          26  1.344149444638567E-010  1.577094254198066E-012
          31  6.915495492714913E-011  7.287872122472378E-013
          33  7.723517239029372E-013  8.012219926451397E-015
          39  2.434533125610659E-006  2.582740488238250E-008
          43  8.307443214070723E-009  9.000273057871692E-011
          46  1.310786485165143E-017  1.358974381043246E-019
          47  7.523330882196458E-009  8.624986172797360E-011
          56  3.774779829966076E-007  4.001664335511180E-009
          67  1.874902243627338E-015  1.931203497071817E-017
          80  2.934308946841558E-014  3.030826658486615E-016
          81  2.151492703368701E-008  2.432314614637835E-010
          90  4.999354053649219E-006  5.610312278931446E-008
          91  2.427192034421565E-010  2.717871900248838E-012
          95  3.891579142196602E-015  4.004816295333737E-017
          96  4.658344115122023E-007  4.922860276592814E-009
          97  7.695278855549630E-011  8.292752625705160E-013
         103  4.633219215402219E-006  4.975535905141415E-008
         108  1.666281584297932E-015  1.720935147613445E-017
           7
          14  2.251053212172515E-015  2.301292273524980E-017
          37  9.937350322525496E-019  1.015436963359470E-020
          53  2.599287993609832E-019  2.661029228818069E-021
          54  1.351604979897448E-019  1.385177015476169E-021
          63  3.014427046247191E-024  3.099331456689367E-026
          86  1.399737465536619E-026  1.432736982586676E-028
          99  1.747954907460680E-016  1.788284504465866E-018
           1
          12  6.626457504363118E-021  6.823022188807887E-023
          14
           4  1.795874395655962E-004  2.045667711077119E-006
          10  1.500696696491418E-007  1.945350768716918E-009
          30  4.434320943378113E-003  5.369143014477674E-005
          35  1.653893537622539E-014  1.737562434304510E-016
          38  3.504200217793420E-009  3.757161562463573E-011
          58  1.589847471401711E-012  1.721086030605978E-014
          60  9.500313286527448E-011  1.021274480274757E-012
          64  1.480649971247806E-007  1.606096662446410E-009
          75  9.988027336544385E-019  1.031064201595501E-020
          85  2.267027554457399E-026  2.333410501350460E-028
          93  1.790525343289132E-005  2.265254210064112E-007
         115  8.586379313914783E-009  9.679837792002841E-011
         116  1.800923169529058E-010  1.986386124615684E-012
         118  5.499100017030538E-005  6.220474547726670E-007
          10
           8  4.409392894194008E-007  4.675145815353018E-009
          20  3.916424740034627E-006  4.176110465065045E-008
          27  3.087549741054361E-022  3.229327683232779E-024
          48  2.675292525588686E-004  2.983347480617306E-006
          57  1.196847371209084E-014  1.237492006488762E-016
          58  4.916555360285441E-004  5.571362802778881E-006
          73  2.925420872087947E-015  3.021293304552351E-017
          92  6.952524809101759E-008  7.328407943153297E-010
          93  1.572951007674250E-011  1.852688096179999E-013
         122  8.844319812447366E-008  9.401542864507853E-010
           0
          16
           2  4.059097019439167E-015  4.310674082781016E-017
           3  2.231400547007958E-013  2.633071118348292E-015
           4  2.757821185302694E-016  2.918321357472328E-018
          10  5.614718579180350E-013  6.818597715231875E-015
          28  8.445396728193450E-025  8.929770628376085E-027
          30  1.923842338036901E-008  2.255956036628156E-010
          35  5.608289225829452E-011  6.005031485283506E-013
          36  5.994690261444901E-013  6.285009138833289E-015
          38  1.179980144463332E-015  1.230031878441274E-017
          60  1.695307423566688E-006  1.871708775349183E-008
          85  3.779578693924790E-004  4.523360169806977E-006
          93  2.441184875337964E-028  2.519290217031694E-030
         106  6.785987008159952E-009  8.106420344238537E-011
         115  9.472711187227884E-004  1.099771255166181E-005
         116  1.362390703441790E-003  1.576498295268082E-005
         119  1.213103180403064E-004  1.432691343697429E-006
          12
           1  4.858426759552243E-014  5.047339751816359E-016
          13  2.848503404540711E-009  2.945597221218753E-011
          33  2.702566123772237E-009  2.797981491637322E-011
          39  1.902405569575733E-009  1.984387726302162E-011
          56  5.761090682687065E-012  5.975414158198667E-014
          59  5.367799146524680E-025  5.528451146859440E-027
          67  8.297222055466508E-010  8.535770605339622E-012
          88  2.432623670094164E-023  2.508256083198192E-025
          95  5.774801816803816E-011  5.930249446061358E-013
          96  1.758899897776928E-015  1.811158743933014E-017
         103  5.241718180542940E-018  5.416493465531561E-020
         108  3.089551621919050E-010  3.187585687983947E-012
          17
           5  1.267064755115220E-020  1.315228513332713E-022
           6  1.389047249896017E-004  1.635169876455796E-006
           7  3.314537356285060E-005  4.129816577696217E-007
          26  2.165196750664341E-020  2.307302825897578E-022
          27  4.207236719746657E-006  5.103323295268441E-008
          43  2.369287271710179E-007  2.608780077427179E-009
          46  4.822585292853174E-005  5.386279030321218E-007
          47  8.709884645451317E-006  1.034613039237044E-007
          51  6.905240800551827E-007  8.633912531839414E-009
          65  1.417847162937449E-005  1.576928581864653E-007
          72  4.326100828989628E-010  4.586011306387084E-012
          74  3.314913739010732E-004  3.729927211561774E-006
          76  1.648422966391691E-003  1.924394628089752E-005
          81  1.300488236003000E-005  1.511650342311445E-007
          91  9.891521376075513E-005  1.162634242001943E-006
          97  1.059478812829556E-005  1.188046803411706E-007
         123  2.909932406928516E-003  3.429947670661624E-005
           0
           1
         114  1.534687465704193E-029  1.577128983303417E-031
          15
           2  1.045695083454334E-009  1.150951922764868E-011
           3  3.767483826550493E-013  4.445698791273470E-015
          10  4.080712193306471E-023  4.392139901824228E-025
          16  3.023533577981635E-015  3.171634405441710E-017
          21  1.311268787287289E-021  1.355483813674699E-023
          28  8.807211462031576E-031  9.064982160342881E-033
          30  1.439268766461437E-013  1.597047921435346E-015
          35  1.013390978228206E-014  1.065565561041607E-016
          36  2.119550358051182E-012  2.221185640880200E-014
          60  6.719072387834173E-008  7.342682044774140E-010
          85  1.218093745433542E-003  1.456169629420527E-005
         106  1.475415356264609E-007  1.768265038133948E-009
         115  2.087915169316911E-004  2.407856583486947E-006
         116  6.273008865864749E-004  7.194348368397010E-006
         119  8.230419167157579E-004  9.695697587559972E-006
          12
           2  1.905105948025820E-006  2.120931221268778E-008
           3  6.599413198657753E-013  7.773578223894635E-015
          16  8.748488736558422E-009  9.373079681598535E-011
          21  2.187368546881669E-010  2.298645119740842E-012
          36  3.952211869895455E-016  4.080830342587350E-018
          60  2.700923154687768E-012  2.853438449788741E-014
          68  2.737262594278183E-014  2.825146899658357E-016
          85  1.187810020237179E-003  1.406407837419621E-005
         106  1.856868420296620E-006  2.237538100740594E-008
         115  2.266806036512291E-006  2.572310183740895E-008
         116  2.192861242844985E-005  2.474098371751935E-007
         119  1.714902122431714E-003  2.010784810402139E-005
           9
           1  1.557933505188237E-020  1.618362645607868E-022
           5  3.457584413579066E-011  3.629059257684956E-013
          41  4.321654259039102E-010  4.476283065947959E-012
          61  7.838851787319565E-011  8.137507174792364E-013
          62  3.883283850961062E-010  4.048743268567117E-012
          80  4.741599886788835E-011  4.922506751134345E-013
          96  9.315397194091302E-016  9.648569180977586E-018
         103  2.647977929727538E-018  2.752347479412765E-020
         111  4.454436349755393E-010  4.621207663541334E-012
          14
          11  2.216205374512688E-012  2.285230282390038E-014
          18  3.862638302912217E-016  3.998476294843309E-018
          22  2.388920048796503E-009  2.476707039585103E-011
          32  2.718824420327669E-022  2.796635472424500E-024
          35  1.233844867075846E-006  1.318368802683396E-008
          36  1.282756084522641E-009  1.338787178729380E-011
          38  1.107432576186473E-008  1.170705033282066E-010
          60  1.023801009975547E-007  1.099854905358421E-009
          66  6.274198357968853E-007  6.607244172986889E-009
          71  4.867943064815095E-013  5.021626961031920E-015
          75  9.696568024017913E-008  1.017930734994967E-009
         102  1.624763421954911E-023  1.679284412967876E-025
         115  4.828254039407450E-013  5.185552343533292E-015
         116  2.070383423087829E-015  2.179965244719033E-017
          10
           8  6.332826958518366E-020  6.522238426159298E-022
          23  5.968412349059360E-011  6.188269419401895E-013
          34  4.470394092262943E-015  4.624234086808885E-017
          55  8.969027925856410E-017  9.267342662154081E-019
          57  4.869071043768943E-015  5.027211981534647E-017
          64  4.748387423879389E-012  4.956764883696417E-014
          73  1.354317556454138E-009  1.407512285431635E-011
          83  4.462084457771718E-012  4.607106979438538E-014
         107  2.628121961287462E-010  2.715578775690475E-012
         118  1.414561616739238E-016  1.474850643105905E-018
          18
           5  5.711217209412048E-018  5.945624423208023E-020
           6  1.974864994204218E-005  2.324045871394815E-007
           7  3.141173493270619E-004  3.955250927296013E-006
          26  1.503068364788722E-010  1.785360412869461E-012
          27  1.477899913842296E-006  1.790198954507164E-008
          43  3.753511648654026E-006  4.185258587866038E-008
          46  8.023621092896813E-005  9.011157730161325E-007
          47  3.478482357709871E-004  4.194198425661997E-006
          51  4.107907295253488E-005  5.234690029060988E-007
          65  1.274789320274124E-007  1.404144110883746E-009
          72  3.614302684629914E-016  3.765156417417828E-018
          74  7.019102440981193E-005  7.898508605753967E-007
          76  2.403853382034008E-003  2.833574140330064E-005
          81  2.691157066644750E-004  3.172525104902385E-006
          91  1.085939134885270E-003  1.289723075831367E-005
          97  6.052973173550878E-005  6.853239439847038E-007
         103  3.888792801178696E-020  4.025849143494586E-022
         123  1.893916102133258E-003  2.242178665501835E-005
          16
           1  3.178621374408483E-007  3.358810203628577E-009
           5  4.786885706892924E-007  5.030899688009733E-009
          41  1.205552903556609E-007  1.242946794405604E-009
          43  7.126952761321831E-008  7.698976829123736E-010
          46  6.164443522987274E-011  6.547245055247670E-013
          47  5.869785377646145E-025  6.036030164451325E-027
          61  1.807012711122329E-009  1.863567200058140E-011
          62  2.047187565767849E-007  2.127466199433421E-009
          80  4.133695297245700E-007  4.283445933658670E-009
          81  2.076625936872400E-012  2.261960191799174E-014
          91  4.992308767338016E-016  5.311983270500143E-018
          95  2.393447632238913E-017  2.448930437296744E-019
          96  7.239967237975405E-007  7.586289055007695E-009
          97  2.056707338863423E-009  2.216239651056032E-011
         103  9.148429539467062E-007  9.710058074167317E-009
         111  1.805779563712869E-007  1.866403400388381E-009
          10
          14  4.506581061371922E-012  4.631445441069974E-014
          37  1.729030171866542E-021  1.770076940140987E-023
          53  3.459379534227783E-011  3.550182675888171E-013
          54  1.316739142247162E-008  1.361906119518295E-010
          63  1.074567252987258E-010  1.120955537422859E-012
          65  1.037915106295488E-013  1.085559216601582E-015
          72  2.120233138357646E-010  2.213829542930788E-012
          86  1.029002718606889E-008  1.059550381092707E-010
          99  2.543037248683391E-009  2.619419001790096E-011
         114  1.627268756696175E-008  1.684040783057536E-010
           0
           0
          18
           4  1.110283974413335E-003  1.249767646396884E-005
          10  1.189637073359291E-015  1.381490487825125E-017
          22  1.179443365590860E-015  1.209818725819657E-017
          23  1.550901463432336E-019  1.595268673260022E-021
          30  6.087183654761490E-004  7.219699169409616E-006
          35  1.540451744702095E-009  1.635826985884362E-011
          38  3.609380052868877E-006  3.866659469885111E-008
          58  4.306022896585854E-020  4.430790903030380E-022
          60  1.233196025450757E-008  1.324812394951092E-010
          64  1.514382044252610E-005  1.636557251478307E-007
          66  8.666909385407573E-012  9.020368447816796E-014
          75  8.966126515878328E-010  9.383501278593746E-012
          83  1.578159729247258E-014  1.623172077233450E-016
          93  1.544310162388743E-009  1.859865738165684E-011
         102  2.343684483393593E-019  2.406999573128360E-021
         115  5.078352885601699E-009  5.635602960900915E-011
         116  3.504647876983242E-011  3.794478281622741E-013
         118  2.696993523509885E-004  3.011470796695923E-006
           0
          17
           3  1.556598238464500E-007  2.017734253300492E-009
           7  9.958921348057810E-006  1.279207572066944E-007
          10  4.655800326331743E-012  5.875390771369868E-014
          26  5.464625222120132E-003  7.101048319911688E-005
          27  5.130814447379606E-018  5.589171148349965E-020
          28  1.934715415852110E-005  2.588179405336414E-007
          43  4.121270095769569E-023  4.250372326812445E-025
          47  7.170431065657508E-006  8.777298775614909E-008
          51  4.811447394547703E-004  6.304206456775228E-006
          70  1.421482977592491E-018  1.484899517710618E-020
          76  1.139722191597491E-013  1.258997723533409E-015
          81  1.153360526645464E-008  1.350554232520097E-010
          89  1.538926990337805E-004  2.057159025872712E-006
          90  1.013008205709159E-007  1.167237120058047E-009
          91  2.963440325187573E-008  3.503771780078389E-010
          97  1.244667394790272E-018  1.301769252499984E-020
         123  7.877506296359420E-016  8.570107372477213E-018
           5
          11  1.776608511762813E-012  1.845269073703191E-014
          17  3.456879096672739E-015  3.601620387762477E-017
          32  1.767767598597190E-009  1.838372229309544E-011
          36  1.145080992903685E-010  1.200439153425251E-012
          79  5.990239306757072E-010  6.208688192309442E-012
          17
           4  1.044884892486054E-007  1.148970363557825E-009
          22  4.834301280327607E-007  5.026624236231620E-009
          23  5.102605428324785E-013  5.287964222364074E-015
          29  4.374446825554767E-020  4.509834173563429E-022
          30  1.604243785718512E-014  1.746228523259212E-016
          35  2.149249669012150E-007  2.294145989591242E-009
          38  1.502988985424933E-005  1.607882644527813E-007
          60  2.588543094317665E-009  2.762431152324159E-011
          64  2.054045189268462E-008  2.180117481213367E-010
          66  7.026554614688017E-007  7.403355245679739E-009
          69  2.936778788953651E-023  3.027556976364447E-025
          71  2.389966808417381E-014  2.463505600226267E-016
          75  4.427919902448740E-006  4.669432805597498E-008
          83  1.890559429657029E-010  1.958181614498845E-012
         102  2.990899342411043E-008  3.110868341273993E-010
         115  1.426358220359384E-017  1.496223611963847E-019
         118  8.141505427216251E-010  8.790617921030609E-012
          15
           4  1.941137670858583E-006  2.157483641551734E-008
          22  2.137652407995865E-009  2.224046486166525E-011
          30  2.510046824553393E-007  2.924288277815664E-009
          35  4.914890799405035E-005  5.317920831673386E-007
          36  2.281306254742071E-011  2.378125363129085E-013
          38  5.746623735345394E-005  6.185612375890491E-007
          60  1.354290173701439E-004  1.482156591555609E-006
          64  1.853697497097608E-010  1.959419002624409E-012
          66  2.010160352029230E-006  2.131202054293650E-008
          75  2.318908129879287E-006  2.456694316532423E-008
          85  1.269814734419271E-022  1.318170247932468E-024
         102  1.300748837723834E-016  1.344439743159047E-018
         115  1.414568181500613E-005  1.602764401872871E-007
         116  1.617276026183433E-006  1.809478399481388E-008
         118  2.258713329363011E-009  2.459898376949530E-011
          13
           1  9.044797531233914E-009  9.578041109300483E-011
          13  4.618207773681976E-011  4.800215374691709E-013
          33  1.536681699720543E-009  1.600152627520925E-011
          39  6.536164596152525E-011  6.837880562401031E-013
          41  2.996110756947593E-029  3.092781777960964E-031
          56  1.883217714235621E-017  1.945470049428273E-019
          67  3.615977916206289E-013  3.738231534581382E-015
          80  1.256512126249949E-011  1.304123827230280E-013
          95  3.589035045849837E-009  3.711554283079598E-011
          96  6.427565915002506E-009  6.755012815125899E-011
         103  1.083899787693274E-009  1.148535465640153E-011
         108  3.771337997404017E-015  3.907543273089161E-017
         111  4.794318097340113E-026  4.956022465722935E-028
          11
           4  1.024608726133576E-014  1.084235812201827E-016
           8  1.231364249222721E-017  1.272358393796318E-019
          23  4.490679201317445E-009  4.679465005307795E-011
          34  8.130245980153221E-017  8.431645286881349E-019
          55  8.001518995295531E-021  8.288849481523027E-023
          57  1.193566434750989E-015  1.235436776369322E-017
          64  1.451961604096624E-008  1.542224659946534E-010
          73  3.227322532230048E-009  3.366944033943159E-011
          83  1.446669848972992E-009  1.503139625396550E-011
         107  1.345130614333278E-010  1.393583843586404E-012
         118  1.770403617451391E-010  1.906655601489367E-012
           4
          50  1.824596685961500E-020  1.888351568295817E-022
          77  2.987830894755330E-016  3.067184938182263E-018
          84  1.086731072454914E-018  1.122419704288760E-020
         104  7.313435149850835E-022  7.528194320587765E-024
           1
          61  1.306133426918215E-020  1.341552178864278E-022
           1
          17  4.641139041897768E-014  4.810853627804337E-016
           7
           5  8.775548349340302E-012  9.191214450262253E-014
          41  1.715402130809503E-013  1.770347113773144E-015
          61  1.603914042154789E-011  1.662743181087969E-013
          62  1.602445311425304E-012  1.664775642988401E-014
          78  2.314139825644934E-015  2.383761880950665E-017
         111  1.838820440577446E-013  1.900842647072236E-015
         121  4.327841697812816E-016  4.475016995010894E-018
          10
          14  3.087762789678707E-010  3.194184515419979E-012
          37  1.995504162725918E-021  2.050289023641767E-023
          53  7.122591412816170E-011  7.338164475255504E-013
          54  8.940453799145386E-008  9.286002250998761E-010
          63  9.086534979959212E-009  9.571695842467642E-011
          65  1.824370487513227E-010  1.947587407205518E-012
          72  5.941499688347675E-009  6.247719420075338E-011
          86  3.659210353531663E-008  3.783755555984880E-010
          99  1.906172816476885E-008  1.974028260764979E-010
         114  6.563275636578565E-008  6.826521189981120E-010
          19
           1  4.587767085713793E-007  4.922383958648954E-009
          13  1.152462911571096E-011  1.202185978491558E-013
          26  1.365668511037942E-011  1.589356868832987E-013
          31  2.064361344931492E-008  2.210075212185865E-010
          33  6.314398999893943E-012  6.591175799202754E-014
          39  1.266544979456962E-005  1.352773848904765E-007
          43  2.476530343543007E-012  2.642086216055247E-014
          47  1.272052219561780E-011  1.434393318970202E-013
          56  5.873200042132168E-006  6.279346354674425E-008
          67  1.692205728524573E-012  1.756104253598425E-014
          80  9.818977531998667E-022  1.017099488450664E-023
          81  2.367543888299325E-011  2.630865661081787E-013
          90  1.640091898792571E-005  1.849792320654801E-007
          91  6.364854330712835E-015  6.882264266110081E-017
          95  1.595856049410869E-015  1.651017383571507E-017
          96  2.125571172061454E-008  2.249434398688867E-010
          97  7.008905036468598E-017  7.345078090269425E-019
         103  2.367421275613596E-007  2.544089139119168E-009
         108  3.895610393773268E-012  4.054779882691520E-014
          15
           3  1.257807659825105E-004  1.684299194745089E-006
           7  1.715451885443254E-012  2.074514019938180E-014
          10  3.294472017152375E-003  4.538290498199954E-005
          26  2.968033103743098E-012  3.582711544635349E-014
          27  9.760245253564919E-024  1.017604050314569E-025
          28  2.394922766477487E-004  3.255085071089541E-006
          30  8.728466099161024E-010  1.046567968978250E-011
          51  4.009751360586224E-010  5.097349252616412E-012
          85  8.047429558844215E-010  9.584886208847064E-012
          89  3.395504666306037E-005  4.564297288857182E-007
          93  8.368461659243540E-006  1.103305252145303E-007
         106  5.645798400591438E-008  7.076771599165572E-010
         115  2.485042975459926E-022  2.582711221672292E-024
         116  1.139330357886925E-021  1.178392902202212E-023
         119  1.970558935805163E-012  2.243110682082565E-014
           6
           5  3.095461844215174E-018  3.206626904428907E-020
          19  3.729365501578178E-017  3.837176132479846E-019
          61  5.977123148155577E-017  6.156665749295149E-019
          62  2.429071397874300E-023  2.505239259838529E-025
          78  8.344318730975528E-014  8.550410775231248E-016
         121  2.270901419823938E-013  2.336342051571072E-015
          11
           4  7.833370987589372E-006  8.844493893699385E-008
           8  1.748401818273726E-013  1.828792887637450E-015
          10  8.454960080548973E-010  1.069204488944639E-011
          30  7.543434165229274E-005  9.023902062759216E-007
          38  9.696926405353668E-022  9.982917678638778E-024
          48  1.101210992444714E-014  1.170227444902137E-016
          58  2.043159292958024E-005  2.327889455983828E-007
          64  2.663981195886376E-007  2.896583651908612E-009
          73  3.044253300487958E-017  3.157153265542905E-019
          93  4.121435462776047E-005  5.197488318099988E-007
         118  7.721456030949949E-005  8.720223470344291E-007
          16
           1  6.450904208514742E-007  6.858555146342191E-009
           5  2.570551848287020E-007  2.715611732067224E-009
          41  7.969098707270658E-008  8.264420418520966E-010
          43  5.353508842680062E-008  5.796642608312260E-010
          46  1.702555165962050E-011  1.813078237293512E-013
          47  8.210837759229265E-025  8.500013534433931E-027
          61  6.624943999841778E-010  6.870327582231272E-012
          62  1.253715372612731E-007  1.309700197972486E-009
          80  4.909822344434914E-007  5.119639765225472E-009
          81  1.651281520470780E-012  1.803959777076043E-014
          91  1.993416152408456E-016  2.126036527295199E-018
          95  2.364034257142056E-015  2.433761598447656E-017
          96  1.285113300199748E-006  1.354166941270790E-008
          97  1.105785526297662E-009  1.196962431497344E-011
         103  1.525353324954678E-006  1.629282293426444E-008
         111  1.213154418186347E-007  1.261016372868188E-009
          14
           4  1.117155037902365E-017  1.163094171406608E-019
          11  9.116567307600778E-013  9.381257103460715E-015
          30  3.798453874390491E-013  4.184219685459375E-015
          32  2.209944931238638E-013  2.270786511436015E-015
          35  1.545871951810328E-006  1.658394887985521E-008
          36  8.566270383171182E-007  9.006963240040401E-009
          38  6.985967203715621E-010  7.358616480479040E-012
          60  1.227900784259346E-004  1.343218622409964E-006
          66  3.986228607298296E-010  4.168640738713581E-012
          75  5.197945853316193E-012  5.395840671231515E-014
          85  5.346858726432648E-008  6.128241418519175E-010
         115  4.315980733192047E-004  4.909252504612125E-006
         116  4.084220465356544E-004  4.609656342375656E-006
         119  2.011318722037824E-008  2.272310569415942E-010
           6
          44  3.242532700544080E-016  3.346933171290591E-018
          49  7.927431586087105E-011  8.249289906011076E-013
          68  2.230489739431195E-014  2.300987426515848E-016
          82  3.254586570825561E-011  3.377836360509030E-013
          87  7.459238274399610E-016  7.705387486718072E-018
         113  3.441845453939877E-011  3.572822022624884E-013
           9
           2  1.463319935957759E-016  1.537082178933618E-018
           3  2.351098898393088E-005  3.026991835204993E-007
          26  4.700587671954624E-008  5.789313595201995E-010
          28  1.995578478785148E-005  2.613037531753720E-007
          70  4.264128135377936E-005  4.850629515519299E-007
          87  4.467731067335086E-028  4.582441405309567E-030
          89  7.761977134394080E-005  1.013745929590824E-006
          90  7.948450502403950E-011  8.772454111198860E-013
         106  7.311253850315240E-007  8.896466772270326E-009
          23
           1  1.867982851181556E-005  2.005465167359360E-007
           5  2.387274100602664E-015  2.491771146633588E-017
          13  2.737838266139623E-011  2.848395105866820E-013
          31  1.373600403334269E-018  1.423627076972873E-020
          33  4.046997481726647E-010  4.219719757428348E-012
          39  6.028631695669803E-007  6.384141933654344E-009
          41  1.379842199013446E-017  1.423886868325503E-019
          43  2.135281062132126E-009  2.308898959281875E-011
          46  2.642554301505299E-021  2.731554620152300E-023
          47  3.309214656644877E-013  3.655321790809168E-015
          56  7.627693901670072E-009  8.047585541816889E-011
          62  2.857219170771431E-017  2.964668726520765E-019
          67  3.001333119602848E-013  3.103762560083220E-015
          80  5.332499585675139E-010  5.554204564687089E-012
          81  6.993402009143381E-011  7.765586525981011E-013
          90  7.852450373907586E-010  8.604922333839953E-012
          91  1.916239972592384E-014  2.079625628067953E-016
          95  1.752911458441476E-010  1.814343233150975E-012
          96  4.818694775621955E-006  5.111308817723424E-008
          97  3.268231041177382E-012  3.501174985827655E-014
         103  1.294304375968351E-005  1.392306728135668E-007
         108  3.753242989103713E-014  3.890740845092902E-016
         111  1.987162056938738E-016  2.054091416423011E-018
          15
           3  1.907531362093038E-006  2.540081728127302E-008
           6  1.085315618153475E-015  1.195209309992778E-017
           7  3.850771361337424E-006  5.022214263324167E-008
          10  1.446635477486062E-003  1.991660523468610E-005
          26  4.438221115531058E-008  5.648784855670079E-010
          27  1.470027307881642E-008  1.821617673358762E-010
          28  4.065834054978772E-005  5.501141119268947E-007
          30  6.929564468831082E-017  7.566981825403450E-019
          47  2.975778946717270E-014  3.362318694546544E-016
          51  1.846021441048394E-005  2.444664813942429E-007
          89  1.711028791252156E-005  2.310445259189500E-007
          91  8.321445718098163E-029  8.534177916798040E-031
          93  7.316955329003561E-006  9.614814760711617E-008
         106  2.369936452934232E-015  2.694968763613356E-017
         123  5.557071193796524E-027  5.713147288330696E-029
           6
          49  2.296757870069707E-009  2.389642981750999E-011
          68  3.450126819790075E-018  3.534000534941735E-020
          82  5.544366714406202E-011  5.743944593850001E-013
          87  1.540469517335092E-007  1.615973898502061E-009
         109  1.577032639091726E-013  1.620235293739633E-015
         113  1.842308327505757E-008  1.918753766295346E-010
           7
           1  3.185439275570698E-021  3.304016405607535E-023
          13  7.283068761320901E-016  7.546095866444369E-018
          33  4.071534969222182E-013  4.224960052088827E-015
          67  8.039632839258778E-021  8.293062698160110E-023
          88  5.255420420927604E-031  5.443706925821258E-033
          95  2.816587900748981E-012  2.903972129899823E-014
          96  3.713558607266625E-020  3.832964710708453E-022
          12
           3  6.789133430102179E-004  8.995237089438049E-006
           7  2.607569263244660E-015  2.972233576957439E-017
          10  6.119809273205011E-012  7.705635724089272E-014
          26  6.065703139906311E-005  7.770816306834893E-007
          28  2.038501488541135E-003  2.746202016624727E-005
          47  1.312154457415327E-019  1.388778681683950E-021
          51  3.170639778195865E-009  3.980046667166324E-011
          70  2.122203410913536E-008  2.396744454242898E-010
          85  1.360121794083174E-028  1.392917987861723E-030
          89  4.830199743457520E-003  6.458700273780867E-005
          90  3.407859442433919E-010  3.826893789368726E-012
         106  5.853824535602565E-007  7.237309234269780E-009
           7
          25  8.491632196569692E-007  8.860703731911896E-009
          31  2.692037605927348E-022  2.771572378773968E-024
          42  6.249042689501258E-021  6.449485396255839E-023
          70  6.342087492539279E-007  6.948111024890199E-009
          87  2.068594193001712E-013  2.136850190998989E-015
         104  1.691336344233135E-015  1.736981453530855E-017
         109  9.406634871652050E-007  9.758978697887779E-009
           3
          13  3.530148210919588E-021  3.661751003411041E-023
          67  2.193194453329407E-019  2.265004015121135E-021
         108  1.017786877786338E-019  1.053967715406628E-021
           9
          25  2.925621780635716E-021  3.021989968593386E-023
          31  2.534261255604714E-005  2.721843846124184E-007
          39  1.137857803907086E-010  1.188470509980449E-012
          50  1.228081823923868E-008  1.277460435702046E-010
          56  2.235905696675433E-007  2.362431764944962E-009
          70  5.957477436987067E-010  6.445334257684728E-012
          77  1.002604750976836E-010  1.031742015116955E-012
          90  2.106201948173005E-008  2.321544262652095E-010
         108  9.720678215404654E-018  1.003876859930486E-019
          19
           5  2.032674378835638E-012  2.138933291038636E-014
           6  2.636759012530717E-007  3.036144873737517E-009
           7  4.273103776169554E-011  5.037607810435115E-013
          19  1.045484943339630E-017  1.084296207814208E-019
          27  7.528467012550714E-012  8.615705032814328E-014
          43  5.984571999545138E-008  6.541544531510435E-010
          46  3.822298111402181E-005  4.240806993660502E-007
          47  7.122668584837185E-010  8.172994550779981E-012
          51  3.771025452275803E-017  4.194888726291391E-019
          65  1.973033127003692E-005  2.179951310387520E-007
          72  4.299813102142794E-007  4.602140375698385E-009
          74  5.132850776984723E-004  5.737625351497924E-006
          76  7.521308508844527E-005  8.664877384740605E-007
          81  4.856856621567302E-008  5.526052171393128E-010
          91  3.591496336454563E-007  4.129428837522030E-009
          97  2.324616913379502E-006  2.581373584337921E-008
         114  7.695811652713671E-018  7.994597865748856E-020
         121  2.784258557257907E-019  2.885576012817774E-021
         123  7.314040099532102E-005  8.487504421247163E-007
           2
          77  4.073640945350074E-023  4.192015305190483E-025
          84  2.461290576950677E-028  2.548285772904049E-030
           5
          23  4.973855124260914E-023  5.146649672524301E-025
          29  2.781565582154504E-021  2.868946521243565E-023
          69  8.552045799143236E-018  8.820538379837874E-020
          83  4.690756339682941E-020  4.834922489716714E-022
         102  5.374688176520992E-017  5.552971963911602E-019
          19
           1  3.467069378718251E-006  3.702571232952038E-008
          13  4.499643668022860E-010  4.673278711515194E-012
          26  6.260569667330786E-025  6.501810711178161E-027
          31  1.044350843562919E-011  1.096198342945488E-013
          33  1.080093185182646E-009  1.123401506386259E-011
          39  6.291994120112964E-006  6.666168382482150E-008
          43  6.314570073254475E-012  6.719915004175448E-014
          47  3.940837747599921E-015  4.273930487955880E-017
          56  5.037949553639425E-007  5.334191206567901E-009
          67  3.771590996982813E-011  3.895069940909287E-013
          80  4.607326444752981E-013  4.764038618754378E-015
          81  5.464879103225365E-013  5.959219752599618E-015
          90  5.391476029501782E-008  5.973611437274577E-010
          91  5.272654625691784E-019  5.546578834212032E-021
          95  4.563729234056872E-011  4.707799010379094E-013
          96  4.679653624430358E-007  4.937437873875262E-009
          97  6.660009230116567E-017  6.950655262633178E-019
         103  1.579469761663410E-006  1.689822432724570E-008
         108  2.313166486617994E-011  2.395230015246346E-013
           8
          19  9.228240089623201E-011  9.495757747071579E-013
          65  1.703646226299159E-012  1.794542304729005E-014
          72  1.902485234758123E-008  2.000213687473968E-010
          74  1.218645300218926E-014  1.276100009889741E-016
          86  7.552558421605494E-030  7.753180305679685E-032
         105  2.357711669388883E-013  2.429023646658147E-015
         114  9.309445508587275E-011  9.623799712703462E-013
         121  3.001486708310325E-013  3.085497207556007E-015
           1
          17  6.373352891000945E-017  6.578449509204882E-019
          11
          13  1.654044732617283E-019  1.710667596864343E-021
          26  1.234048505740220E-017  1.344922727226623E-019
          31  9.950235926867430E-005  1.071491151226999E-006
          39  2.585258665652670E-007  2.732332864642612E-009
          50  3.883047170205127E-011  4.033650138876553E-013
          56  1.503456245345219E-005  1.599436287576514E-007
          67  2.977322400183918E-016  3.067706589608112E-018
          70  5.988876370859343E-010  6.496053132768927E-012
          77  7.956033945836276E-017  8.168295689309209E-019
          90  1.830642521782245E-005  2.057154764430026E-007
         108  3.514587977084265E-013  3.636896490033012E-015
           7
           8  1.017047615641992E-013  1.057605549899413E-015
          34  1.574087131318941E-018  1.635230787633077E-020
          55  4.381536580963881E-017  4.546867292523195E-019
          57  6.246510924623619E-011  6.497316546554587E-013
          73  5.352710468570667E-009  5.591103535481471E-011
         101  3.845408057253193E-027  4.000184859724799E-029
         107  3.048341442997828E-009  3.164701949145904E-011
           9
           2  5.786734442048940E-013  6.152826962171174E-015
          16  2.686176462731496E-014  2.807243177810663E-016
          21  3.360418751342277E-018  3.468908071347055E-020
          49  1.263360320863301E-007  1.319764833368014E-009
          68  1.537880943461641E-008  1.615381274443983E-010
          82  3.787455076119865E-009  3.935127071687516E-011
          87  2.564483724962157E-006  2.706614529984118E-008
         109  6.517007835228854E-025  6.692329768357845E-027
         113  2.116222080717460E-006  2.220017201698459E-008
          10
           1  3.232647408245977E-021  3.355078294673965E-023
          13  3.426000234374073E-011  3.556461377184207E-013
          33  8.981844565577088E-011  9.333834663092812E-013
          39  9.518850696665871E-014  9.882109635592802E-016
          56  1.521395197117061E-023  1.568278709349746E-025
          67  3.589878119582262E-012  3.708821495551800E-014
          88  1.026733969011727E-021  1.064203695418310E-023
          95  5.386749574772822E-012  5.558137172821616E-014
          96  1.270988921524140E-023  1.312610540120427E-025
         108  2.949286898100768E-013  3.053973665896827E-015
           6
          25  4.542989048254865E-007  4.753910165769381E-009
          31  4.295910834462688E-019  4.436228901226465E-021
          70  7.981046352962247E-006  8.829258355563947E-008
          87  1.768982048188449E-011  1.841529354001142E-013
         104  5.824902124962456E-020  5.992092724151464E-022
         109  7.923086511378733E-007  8.247285652669937E-009
          12
           3  1.349078079533409E-009  1.721424808152334E-011
           6  8.581588868627497E-013  9.721439124013516E-015
           7  4.622667275388709E-007  5.933261271281035E-009
          10  3.018559389432579E-003  4.139444511991711E-005
          26  9.874943627988480E-014  1.161400302790994E-015
          27  4.008027393639990E-007  5.027883120494266E-009
          28  8.880235698061483E-008  1.184507136094145E-009
          30  7.995630182654764E-011  9.412391099590724E-013
          51  4.314011491308069E-007  5.614472404352134E-009
          58  4.922863739326548E-018  5.173325099283662E-020
          89  1.072076754322190E-008  1.405600683277042E-010
          93  4.760956360075601E-004  6.267277157488480E-006
           5
          54  1.529842837135016E-021  1.574117596687213E-023
          72  2.095811614923252E-013  2.177420996855661E-015
          86  1.252808378853185E-016  1.287571910884921E-018
         105  2.129989295690190E-025  2.196507022779373E-027
         114  1.752807199952010E-011  1.811698364064210E-013
          17
           3  3.334098516284583E-018  3.699322605798893E-020
           4  5.924352300516297E-007  6.668345330862049E-009
          10  7.111696598962225E-008  9.189943999652325E-010
          30  3.690345760470233E-004  4.457332260584892E-006
          35  6.866649639482511E-010  7.382930552907557E-012
          38  2.021983220536565E-009  2.163231918423489E-011
          60  1.299659581285548E-006  1.436890357898106E-008
          64  1.989862868677465E-015  2.070504580879159E-017
          66  9.916865234597094E-018  1.027927370689757E-019
          75  5.806525223921747E-017  6.013706032331538E-019
          85  3.357909545525996E-007  3.953375751194777E-009
          93  1.969814933301586E-008  2.442240694824309E-010
         106  2.549492063320229E-016  2.807022168216699E-018
         115  1.718603202980968E-004  1.988459827827669E-006
         116  6.291925351394180E-005  7.234694758229929E-007
         118  1.731698721666148E-009  1.905734449422866E-011
         119  9.958857310650024E-009  1.145533860616882E-010
           5
          31  4.272180448854699E-023  4.398894806230542E-025
          50  1.894484447974894E-011  1.958235808623888E-013
          77  1.129994858470487E-011  1.157697097567618E-013
          84  1.069850487792847E-017  1.102126834639523E-019
         104  5.812121715520860E-026  5.967216152934938E-028
          14
           2  1.301477694924118E-004  1.454029577617821E-006
           3  4.022145098913354E-010  4.872183848192550E-012
          16  1.342376739498372E-007  1.440958300014261E-009
          21  6.612775237443901E-010  6.953024525932899E-012
          28  6.700417570340912E-015  7.779749307193595E-017
          49  1.097440109862868E-014  1.138648374497474E-016
          68  3.081255519983373E-006  3.280141981920771E-008
          70  7.849026973054775E-015  8.263591041015198E-017
          85  1.672532373604344E-010  1.886808426219543E-012
          87  1.577155035147966E-007  1.669218569475491E-009
          89  8.953071892484159E-017  1.011005716698286E-018
         106  1.174447277165782E-005  1.413232943333574E-007
         113  9.155956924298342E-009  9.594098991313206E-011
         119  2.609994065031888E-009  2.943595285748806E-011
          10
           8  7.805121356665447E-006  8.256284371429310E-008
          20  2.110730749401249E-009  2.214900725409214E-011
          48  4.619278794090268E-012  4.928905238586555E-014
          57  4.357654924895794E-007  4.543693271993971E-009
          58  1.142631116648094E-008  1.254200480877501E-010
          73  2.904304173718172E-007  3.036811470224410E-009
          92  1.735318332048517E-007  1.821558862095936E-009
         100  2.341551660568303E-019  2.417129888999655E-021
         107  2.394854993492258E-009  2.479152617791700E-011
         122  5.666339246180343E-018  5.872307574126388E-020
           6
          25  1.599948986949094E-017  1.647431256023301E-019
          49  9.551353531667942E-011  9.896249426275478E-013
          82  4.839246744720346E-013  4.994914077888290E-015
          87  9.153390953557564E-008  9.572067658879581E-010
         109  1.120754556765174E-010  1.152168119364262E-012
         113  1.708985063185897E-009  1.772388758673935E-011
          20
           1  1.795019710856730E-007  1.904135054621460E-009
           5  4.988029372682788E-006  5.281591660396521E-008
           7  1.656761933014946E-020  1.756902189486215E-022
          41  7.756786240901257E-009  8.011373319754772E-011
          43  2.285088159752086E-004  2.514346208197502E-006
          46  4.793946912161635E-005  5.276910254581829E-007
          47  1.925286551852475E-007  2.221785786476461E-009
          51  4.353727618368511E-024  4.542038175857797E-026
          61  1.152522968135296E-010  1.190581506579355E-012
          62  5.673650260449679E-008  5.910783889060633E-010
          74  6.179617580456738E-008  6.708667676522942E-010
          76  4.785110068003734E-007  5.412810619698895E-009
          80  4.700933702168225E-009  4.872944207562885E-011
          81  1.501054597357055E-005  1.716635605804145E-007
          91  3.823008562631209E-006  4.381288200665422E-008
          96  1.731690138595134E-007  1.818446785054119E-009
          97  1.343766020920999E-004  1.489558714011975E-006
         103  2.219939911171089E-006  2.373317501752197E-008
         111  1.714931207722919E-008  1.776073033331786E-010
         123  5.680954421320684E-010  6.335552016179045E-012
          16
           1  9.567116303904929E-007  1.012048280923226E-008
           5  2.833773044860714E-011  2.953111450897183E-013
          13  2.546500104012793E-017  2.620963757359162E-019
          33  2.135678049141059E-012  2.202791938983975E-014
          39  5.503451395090982E-014  5.670385299967234E-016
          41  1.546717140400896E-010  1.590023918680213E-012
          43  6.437962212534230E-012  6.799004141226481E-014
          61  5.612829275129122E-016  5.771262690343451E-018
          62  1.028597586123979E-010  1.063553936694843E-012
          80  8.284368919336782E-008  8.574599085942476E-010
          81  1.557183981416377E-024  1.611243991936246E-026
          95  3.445551127236527E-010  3.533900242971577E-012
          96  1.197914041712086E-006  1.255927808835949E-008
          97  4.265514593237050E-017  4.426935072546952E-019
         103  6.688884324374525E-007  7.096217226009561E-009
         111  2.696877717036867E-010  2.777387565484906E-012
           5
          12  1.119446484119354E-015  1.157703277965291E-017
          14  3.535425276356169E-019  3.644035599987289E-021
          15  3.526673011444714E-013  3.652483561835719E-015
          24  6.051853082346817E-011  6.250819314715059E-013
         122  4.730178938124962E-016  4.920186038168479E-018
           6
           8  4.247760800035975E-017  4.381959460599910E-019
          57  1.851650653899863E-012  1.915454020313154E-014
          73  9.933956065603370E-015  1.026195939604775E-016
          92  3.266736968833412E-027  3.377162324769154E-029
         100  2.632123129294001E-021  2.718019819364789E-023
         107  3.920693750571156E-014  4.043192498273709E-016
          22
           1  9.582894215933537E-008  1.028337893744497E-009
           5  4.995973849100679E-018  5.192114869270286E-020
           7  1.069285797202760E-008  1.297256025912160E-010
          26  1.733822503813913E-005  2.152769523811733E-007
          31  1.277287243894280E-021  1.316025450636299E-023
          39  1.612679668591461E-011  1.690903409497941E-013
          43  6.252738429481656E-006  6.944400084150951E-008
          46  2.114637466920726E-008  2.315881799634814E-010
          47  3.849988540063516E-004  4.589953373038410E-006
          51  5.319323732741440E-007  6.625127120907808E-009
          56  1.038401927997956E-012  1.084549584273522E-014
          74  5.978678205084525E-017  6.239782972221543E-019
          76  2.610223023339456E-008  2.964566651998761E-010
          80  6.295075780773646E-027  6.475074633933382E-029
          81  2.084042624764151E-004  2.435625218828158E-006
          89  1.692085072105033E-027  1.755010098107770E-029
          90  4.241858307329878E-006  4.810532482207957E-008
          91  6.311278072015275E-005  7.399924460110613E-007
          96  3.741500032885314E-009  3.959280065974220E-011
          97  2.603319424376345E-006  2.908629357000322E-008
         103  5.185507073277228E-007  5.599139025202008E-009
         123  1.067901767120725E-011  1.184930266354919E-013
          10
          12  9.410870855664181E-016  9.768274024783904E-018
          14  7.613923773391092E-009  7.952107415181458E-011
          15  1.031568438583191E-012  1.072506058436024E-014
          20  1.559189601678712E-015  1.621949726045036E-017
          24  2.730504296361853E-008  2.838140623701047E-010
          48  3.297828942705475E-015  3.487309277020506E-017
          54  1.016473649754856E-016  1.055230680339663E-018
          63  1.419106795788356E-009  1.502112374256219E-011
          99  4.408730691268951E-014  4.572386494752064E-016
         122  2.110012983822731E-009  2.231958935881171E-011
           8
           4  2.145668402623963E-006  2.434696943417602E-008
          10  1.718779897617534E-006  2.256486134327164E-008
          30  3.418365166843869E-004  4.140525738543282E-006
          48  5.042502919779993E-017  5.306960103736209E-019
          58  3.658451723542317E-006  4.175410097132363E-008
          64  2.634654646209392E-009  2.846774600636086E-011
          93  9.382343607084025E-004  1.199520006861796E-005
         118  9.843832274749121E-006  1.116474675238048E-007
           9
          14  5.156667163328324E-021  5.295628375325931E-023
          53  4.208703950710040E-014  4.332854290940215E-016
          54  1.372001107210355E-010  1.420096033895756E-012
          63  1.148158224390822E-015  1.190106803468380E-017
          65  3.814441272902445E-014  3.999898713087295E-016
          72  1.128617978632812E-009  1.184988150507170E-011
          86  3.998593852748388E-010  4.126456373764733E-012
          99  4.637232790474498E-012  4.780286076360155E-014
         114  1.589041145346729E-008  1.650910806038934E-010
           1
          57  2.580175691827612E-022  2.662895398818359E-024
          14
           2  1.443218184115438E-015  1.536258003538751E-017
           3  1.934296153720538E-003  2.582843745621872E-005
          10  7.295221077904349E-005  9.934797118206749E-007
          26  1.278604058209016E-014  1.471801769616765E-016
          28  8.667910681548826E-004  1.168438319226297E-005
          30  8.264928567772235E-013  9.400650893089019E-015
          51  7.303468171933744E-018  8.141020556806382E-020
          85  4.965690400118966E-006  6.044152439405589E-008
          89  1.137445317758257E-004  1.519950214682041E-006
          93  1.141451008965367E-009  1.427222900280766E-011
         106  1.152565376900959E-004  1.458183567744166E-006
         115  1.511525373106290E-013  1.657798548876730E-015
         116  1.936105709420612E-012  2.128677879334470E-014
         119  4.305247947536758E-007  5.121330759418890E-009
          22
           5  1.221516598280422E-009  1.298100883656779E-011
           6  3.251845502632012E-008  3.734122131485418E-010
           7  4.160858544747079E-010  4.950026137667699E-012
          19  1.014054072532845E-022  1.053598812806137E-024
          27  2.724119423451272E-013  3.072588400332642E-015
          41  8.886662984837277E-031  9.204644350961214E-033
          43  3.743192489992758E-006  4.142134284793542E-008
          46  2.497528702941453E-004  2.787696811406107E-006
          47  7.328757261328028E-008  8.572952331843530E-010
          51  1.016373324951197E-013  1.179123537116845E-015
          62  2.392963771198806E-017  2.494851189354911E-019
          65  1.450263874498406E-006  1.597041330075150E-008
          72  8.203449690511724E-009  8.755027553111518E-011
          74  5.404343434120007E-004  6.061721421945032E-006
          76  2.252840170600836E-004  2.608698522552410E-006
          81  2.447826901772037E-006  2.824430742464008E-008
          91  7.582241938376670E-006  8.806123813558511E-008
          97  4.381516452185533E-005  4.908800776945677E-007
         103  9.303301102491579E-020  9.698654480601053E-022
         111  5.533088329462730E-024  5.739331886820187E-026
         121  2.346052636507769E-021  2.437153105738044E-023
         123  8.448104708334882E-005  9.861072090729810E-007
          13
           4  1.137241351194663E-008  1.258279678560563E-010
           8  9.457513365620436E-009  1.003153585588520E-010
          10  2.922779863336791E-013  3.504638011729957E-015
          20  4.931071035279256E-014  5.133247926612393E-016
          30  1.732093685484699E-007  2.025709567175904E-009
          48  1.467389688132930E-008  1.613667903847565E-010
          57  9.634650374549868E-019  9.948207526414333E-021
          58  5.740671407689804E-004  6.544255143673829E-006
          64  1.614785352789006E-009  1.723709468753300E-011
          73  3.472696705019700E-012  3.620606196512219E-014
          92  7.438204734099595E-016  7.714041971379213E-018
          93  4.805285904606679E-006  6.016079450577068E-008
         118  1.882522813114047E-006  2.095983398996205E-008
           0
           5
           2  2.053732959299860E-010  2.210569215074855E-012
          16  4.588563307383197E-007  4.893504078180801E-009
          17  1.989231473872373E-017  2.053842242851516E-019
          21  1.062352339453751E-006  1.120263371432653E-008
          68  1.025318915358643E-008  1.074118219623375E-010
           6
          44  4.974203619095677E-016  5.137980078709069E-018
          49  1.302899006799930E-009  1.358769242055872E-011
          68  5.181027374207444E-013  5.365018644403140E-015
          82  3.515953413899341E-010  3.653380260172790E-012
          87  3.341907228912992E-012  3.475583544041463E-014
         113  1.172269553559404E-009  1.221784164309828E-011
          15
           4  2.120650546146627E-009  2.302191638823206E-011
          22  4.987156949766833E-008  5.170555763372255E-010
          23  3.638192039697732E-010  3.777218867385136E-012
          29  7.415689266843461E-015  7.638866894910460E-017
          35  3.894616301585138E-011  4.098198415584432E-013
          38  2.844432160648882E-007  3.016193150153219E-009
          60  4.526407577575225E-017  4.682146283650860E-019
          64  1.553975387826204E-008  1.644899978591966E-010
          66  3.094792854000828E-009  3.237097444426448E-011
          69  1.833241258422665E-014  1.888450474198539E-016
          71  1.033522823227313E-016  1.063669390606799E-018
          75  1.041946564990017E-007  1.092585365380701E-009
          83  1.002473610442453E-008  1.040188956710363E-010
         102  1.012767747241979E-007  1.051646471328273E-009
         118  5.337573446957610E-011  5.711709220461861E-013
          16
           4  5.724000378155787E-005  6.405897916416303E-007
          22  1.147373457397613E-008  1.194906954145614E-010
          23  6.129806966564615E-020  6.339172771517449E-022
          30  1.592093608827283E-006  1.853687591538996E-008
          35  6.295805552669193E-006  6.784444315505724E-008
          36  1.893461503347756E-023  1.951435599199000E-025
          38  1.315288337490791E-004  1.417710852669650E-006
          60  5.814040595528844E-006  6.316882232878096E-008
          64  4.241079675973728E-007  4.547059291798466E-009
          66  7.769067843254457E-007  8.219595903366581E-009
          75  3.410786806160028E-006  3.610516597784728E-008
          83  8.029608750949119E-014  8.297307758387576E-016
         102  1.255801895547484E-011  1.303604646352338E-013
         115  1.209773361743084E-007  1.351117186281451E-009
         116  2.700640845284236E-009  2.972243127920977E-011
         118  1.185477033103878E-006  1.310165851256248E-008
           8
          14  7.364232422362484E-010  7.610335980262665E-012
          24  2.538598856013108E-014  2.607375620138524E-016
          37  2.414406744663075E-015  2.479416143300400E-017
          53  4.292549126155512E-014  4.416533695170932E-016
          54  4.038680122629408E-012  4.169869773094185E-014
          63  2.264882443543460E-011  2.365170558433304E-013
          86  1.643848580876168E-014  1.691461022279612E-016
          99  4.149203623573414E-011  4.277750496020758E-013
          14
           4  2.368935064854717E-005  2.706955679588231E-007
          10  5.553347583645045E-006  7.341917432958139E-008
          30  4.270659024704798E-003  5.211020085692349E-005
          35  1.581984176315147E-016  1.655756907188835E-018
          38  7.921452828303985E-011  8.445633707862129E-013
          58  1.309943548755471E-014  1.402056405226404E-016
          60  7.365135448110167E-011  7.948758513812453E-013
          64  1.036663478551642E-009  1.117632718283739E-011
          85  3.377061386715266E-014  3.723162466948323E-016
          93  7.087191942578797E-005  9.008655676489661E-007
         115  5.997871563108040E-008  6.824269199814884E-010
         116  3.728750931799273E-009  4.183064362412493E-011
         118  3.856561399215753E-006  4.367894650319694E-008
         119  8.097324986439169E-024  8.367851059701858E-026
          10
           8  1.293710352788723E-008  1.358540176504773E-010
          20  2.782572901408088E-012  2.900107409475977E-014
          57  7.306484283431822E-009  7.601787593800459E-011
          58  1.915976038700622E-025  1.973979985716828E-027
          73  6.054859114279527E-011  6.292870285549803E-013
          92  5.799060240206577E-009  6.069528684189324E-011
          94  3.615748047119580E-018  3.724302741559362E-020
         100  8.383189751685811E-014  8.670370739458603E-016
         107  1.189488157755755E-012  1.229343158099109E-014
         117  5.379362304191393E-018  5.555878349084905E-020
          13
           4  1.798506471110441E-006  2.005698420096191E-008
           8  1.003945007817742E-009  1.057373293978609E-011
          10  3.267525540819463E-015  3.809116267693009E-017
          30  2.522482012215388E-006  2.973566625692910E-008
          48  1.869307121844878E-012  1.998481654796296E-014
          57  9.731218235622769E-020  1.002665022975230E-021
          58  6.370200139004104E-005  7.219925426766270E-007
          64  5.579188617202920E-007  6.004234447722148E-009
          73  2.865096764774763E-011  2.986553790581017E-013
          92  4.266135410792066E-029  4.394964065941534E-031
          93  9.688066638781822E-007  1.196424708026514E-008
         107  2.844121095830471E-030  2.921606643006704E-032
         118  5.650370314924951E-005  6.324441034096829E-007
           4
          23  1.485767250986185E-017  1.541921577463040E-019
          69  2.154276891079018E-018  2.228448250102923E-020
          83  4.749564166360415E-017  4.910436851858432E-019
         102  2.973683901217451E-019  3.081213721172776E-021
           9
          14  1.043570126515770E-030  1.072102188975925E-032
          53  3.116865535698345E-015  3.209824358828989E-017
          54  2.851737268951535E-011  2.949150249313737E-013
          63  6.133443234445409E-018  6.347927619450062E-020
          65  1.479011306319251E-014  1.547806685600090E-016
          72  1.091688043246447E-009  1.145880729212229E-011
          86  1.240886961345811E-010  1.280777041740195E-012
          99  4.889110466730048E-013  5.037765826182600E-015
         114  1.147672365173630E-008  1.192336811538320E-010
           7
          12  5.841242038680802E-014  5.979286783246604E-016
          14  1.082349257517575E-012  1.107474005934924E-014
          15  4.367271127263761E-012  4.477289296218502E-014
          20  5.739047883230036E-020  5.869602028566140E-022
          24  3.578152117905820E-009  3.662882216099640E-011
          63  5.871471919993605E-016  6.042874686914012E-018
         122  2.895437710486223E-011  3.005559046773338E-013
           2
          57  9.515886682250206E-023  9.841937579649853E-025
         107  4.830900926633013E-021  4.988218175666329E-023
          10
          12  2.375446340923370E-017  2.458677086470574E-019
          14  7.463461293893298E-008  7.792949795836855E-010
          15  4.902221607731401E-015  5.082659805939770E-017
          20  2.937697415705674E-010  3.085112382060522E-012
          24  2.942060828493527E-008  3.053419353473607E-010
          48  1.512133629407592E-008  1.647926190756458E-010
          54  2.097804267642643E-014  2.174019845342297E-016
          63  1.825962356945592E-007  1.941310022243136E-009
          99  6.284355891166437E-013  6.507221643570991E-015
         122  4.350456098660097E-007  4.626746582756639E-009
           2
          50  3.518392874641804E-014  3.639924493368939E-016
          77  1.251561418721510E-017  1.283939597770488E-019
          14
           6  6.245930416348521E-006  7.281311541798994E-008
           7  1.467154660587914E-016  1.623924994284622E-018
          14  1.266548898546105E-011  1.314860867691699E-013
          20  4.889057823517113E-013  5.096567903910979E-015
          27  1.980971089574976E-005  2.395438907911678E-007
          48  2.938879140119471E-006  3.261127883315122E-008
          54  6.402568662557449E-023  6.590917889022777E-025
          58  2.300684500251490E-011  2.498798166755818E-013
          63  8.769045141263392E-008  9.350117439034485E-010
          65  9.319811498835246E-010  1.007048260472571E-011
          93  1.164530342720030E-021  1.235218814991350E-023
          99  1.840839830761444E-025  1.890987504009091E-027
         122  6.203369206468760E-010  6.558036166068163E-012
         123  1.855404863598741E-013  2.024040908515750E-015
           9
          14  2.057661136467956E-011  2.122933925247396E-013
          37  4.335109660108452E-015  4.452017515442018E-017
          53  4.836853738768587E-011  4.978158592299023E-013
          54  1.253165867392024E-009  1.296760751822154E-011
          63  8.920264748141917E-012  9.306706660934139E-014
          72  1.379348475441238E-028  1.426431889213374E-030
          86  5.418106300752380E-010  5.588244575315222E-012
          99  9.863999408241494E-010  1.018141846478582E-011
         114  1.673370011853963E-012  1.729781713659373E-014
          13
           3  8.250627201897240E-005  1.085431977250421E-006
           7  4.791303081311402E-010  5.908468285220737E-012
          10  7.063004043140989E-012  8.909359256270780E-014
          26  9.887003581336472E-004  1.282898515703348E-005
          28  7.965271540492080E-004  1.071408846085265E-005
          47  8.338447103631106E-011  9.743078747442292E-013
          51  1.130434618985179E-006  1.464974708849338E-008
          70  1.424184715185903E-009  1.598032851805550E-011
          81  7.940465717914457E-022  8.299790740736615E-024
          89  3.076922079766490E-003  4.109852278832246E-005
          90  3.530667010825983E-008  4.049567837598068E-010
          91  8.626420804119192E-020  9.087249580605055E-022
         106  9.003710338663607E-010  1.084243468053987E-011
           5
          57  5.389207287309635E-025  5.560938318802821E-027
          92  3.962809379233726E-024  4.093999994896142E-026
          94  1.686050416925988E-030  1.732867486882455E-032
         100  6.163213743068720E-019  6.360040336818654E-021
         117  5.349339610894670E-024  5.512841260374614E-026
          15
           4  4.258811147505567E-016  4.481246251788970E-018
          11  1.526617056733498E-011  1.577881169326678E-013
          18  7.930653654380814E-024  8.218597181645703E-026
          22  2.118759964765071E-009  2.200601564369253E-011
          32  4.918144050373458E-017  5.066142592248644E-019
          35  1.969138073972398E-005  2.120741178003494E-007
          36  5.605327326338878E-008  5.888639796758909E-010
          38  3.418623192905617E-007  3.640883498678635E-009
          60  1.155732709762595E-005  1.254621775064784E-007
          66  2.452450666073913E-006  2.591631095577769E-008
          71  6.073219240244287E-016  6.271458276424146E-018
          75  4.452056656234029E-007  4.698280134658053E-009
         102  1.378501095830236E-027  1.426456583979062E-029
         115  2.966053315068988E-008  3.293162177060367E-010
         116  3.243560696161423E-009  3.553165581494313E-011
           3
          25  8.545260583937580E-026  8.800852864007644E-028
          42  3.602795724089732E-019  3.716563746051318E-021
         109  1.018313498581161E-019  1.041494268412187E-021
          16
           1  1.400737302043690E-006  1.487832627963783E-008
           5  7.472191545166950E-011  7.815018701829414E-013
          13  1.314122673699505E-017  1.356967730142131E-019
          33  1.623302440515100E-012  1.679735772037912E-014
          39  8.476019807866681E-014  8.764896122928047E-016
          41  2.651374425350125E-010  2.734501573719362E-012
          43  2.866358371702254E-011  3.045438423284006E-013
          61  1.967797858480586E-015  2.030164377003792E-017
          62  1.952571097463558E-010  2.026731596593451E-012
          80  1.096086942989598E-007  1.138315326393779E-009
          81  1.870939823512807E-020  1.956661533526805E-022
          95  2.868421596789572E-010  2.951521060646247E-012
          96  1.694451956645025E-006  1.783504245062418E-008
          97  1.262212928321606E-015  1.320775227578376E-017
         103  1.067394469059351E-006  1.137398028220696E-008
         111  4.619578038076830E-010  4.774922651929690E-012
          17
           4  1.117209768817239E-005  1.250803538988168E-007
          22  1.295112144331240E-011  1.346648812713089E-013
          30  1.353839232637278E-005  1.598056835363484E-007
          35  1.313228173072352E-005  1.424154916568180E-007
          36  3.760386967258163E-013  3.916423166987175E-015
          38  2.630531439917377E-005  2.846721684597031E-007
          60  1.153375611888058E-004  1.269137056853058E-006
          64  7.304191383024980E-010  7.777766334979650E-012
          66  1.424037344415999E-007  1.511361363419912E-009
          75  2.207550538263359E-007  2.342340309683661E-009
          85  6.833673666841157E-014  7.493625796383752E-016
          93  7.560697471602730E-023  7.973183822754459E-025
         102  2.884382538793597E-027  2.982498374751284E-029
         115  7.121780012147555E-005  8.098077105005000E-007
         116  1.084487956108471E-005  1.223299698928218E-007
         118  3.932700039318816E-008  4.327442186067456E-010
         119  3.118287293476102E-018  3.293118091912841E-020
          11
           8  1.626197538673888E-005  1.732679753925020E-007
          20  8.985532807634083E-007  9.561139982440544E-009
          48  6.140867620376682E-006  6.786841605364176E-008
          57  2.908704438988064E-009  3.034548574153172E-011
          58  2.393297912344027E-004  2.700339909041246E-006
          73  5.426190297511796E-009  5.677284335185737E-011
          92  4.594052659227392E-007  4.846353110582048E-009
          93  5.880730444434242E-016  6.572674293952099E-018
         107  1.121032820555309E-014  1.157937098655504E-016
         118  1.232392190449276E-014  1.297991130326655E-016
         122  4.355818064226685E-010  4.592815497659737E-012
          13
           4  1.658506671771282E-009  1.799276692781423E-011
          22  2.301937064810304E-011  2.372898314857270E-013
          23  6.822341278256487E-008  7.095058678107879E-010
          29  1.329931056144379E-017  1.368710890496056E-019
          35  7.503780831302065E-028  7.769766069760563E-030
          38  9.813964711532055E-010  1.030667950728677E-011
          64  2.569404426943237E-007  2.733267611193111E-009
          66  9.237789419814898E-016  9.543960914035208E-018
          69  9.040930493856711E-014  9.306878462127278E-016
          75  2.952880813411954E-011  3.066581592546237E-013
          83  2.915813160782165E-007  3.029791474457885E-009
         102  1.696229175716824E-008  1.758038861435303E-010
         118  1.488466510336361E-009  1.605401119896098E-011
           2
          61  4.469721781051537E-019  4.624636259103434E-021
          78  4.608881779860525E-026  4.744127172888788E-028
           9
           2  1.009801767166542E-009  1.092652475990606E-011
          16  2.088112592593775E-008  2.219914573873736E-010
          21  5.534311160924671E-009  5.804549148203125E-011
          44  3.764631193102144E-021  3.876700518445453E-023
          49  1.022337740300338E-008  1.064994862557276E-010
          68  1.353388332873962E-006  1.426821527697966E-008
          82  4.178343267432355E-010  4.332632683104858E-012
          87  3.476610975157972E-009  3.633400577657378E-011
         113  1.834121206441062E-007  1.916517011912576E-009
          21
           1  5.535606035714960E-008  5.899805927275821E-010
           5  2.061792161254573E-006  2.193220781189653E-008
           7  3.583190340929244E-013  4.107683851213058E-015
          41  5.028602818294780E-010  5.215821721559313E-012
          43  4.671280889325604E-004  5.184648778229940E-006
          46  1.878188017150450E-004  2.080033829804624E-006
          47  3.308528748542300E-006  3.884505908616893E-008
          51  2.939397297468607E-014  3.356165481023920E-016
          61  3.139311282401494E-012  3.255273056839401E-014
          62  6.775495856651267E-009  7.087262103096589E-011
          65  7.581856065760391E-022  7.825896313138012E-024
          74  8.598628859757219E-007  9.468029972787887E-009
          76  8.297091859457629E-006  9.504084627121221E-008
          80  2.284592017715291E-010  2.375793034123313E-012
          81  9.615439235751264E-005  1.108567508141141E-006
          91  4.005195904619535E-005  4.634380165903167E-007
          96  3.873612189023927E-008  4.085904653512651E-010
          97  4.315938456808647E-004  4.831189147341708E-006
         103  1.035327386708049E-006  1.110388741610168E-008
         111  1.389547973053947E-009  1.444855107745049E-011
         123  5.653266773691814E-008  6.417891167730411E-010
           3
          18  3.065551650017067E-019  3.195184273555488E-021
          66  5.946505929776633E-028  6.192939326909143E-030
          71  6.237643220310449E-021  6.476556127760347E-023
          11
          11  1.690550485857106E-013  1.752552893125264E-015
          16  6.218693873979186E-023  6.487204767326082E-025
          17  8.068187497682384E-013  8.395108145821738E-015
          21  1.017111424960323E-018  1.055681104654977E-020
          32  1.359920621976043E-009  1.412653018752289E-011
          36  1.026472982973272E-009  1.077630994251686E-011
          79  2.041202281920252E-010  2.112616318339461E-012
          85  1.809203341746173E-026  1.878828248232301E-028
         115  1.647137724713526E-018  1.733266839567504E-020
         116  2.048411778669653E-014  2.177958406080156E-016
         119  1.039456984019789E-017  1.103774752615061E-019
          13
           2  8.919105262332200E-006  1.005768513700832E-007
           3  2.116982445062704E-009  2.621392646981707E-011
          16  9.909411452601909E-009  1.071981189917904E-010
          21  1.017506541789565E-010  1.078196687451131E-012
          28  2.281855794740650E-014  2.695485378979617E-016
          60  3.307061197394099E-015  3.474080304667201E-017
          68  5.331397818422582E-013  5.576669548051662E-015
          85  2.475713885246249E-003  2.972967180921681E-005
          89  1.075995329847992E-026  1.128088538625799E-028
         106  4.256346299412374E-005  5.212982258560239E-007
         115  5.969545476774678E-007  6.802260988691489E-009
         116  7.049927868777777E-006  8.027848555320905E-008
         119  3.085882581034880E-003  3.660926598777553E-005
          15
           4  2.595774668320451E-013  2.778827563216265E-015
          22  4.171965604154836E-008  4.356522208987008E-010
          23  1.407978991943981E-012  1.468234879440127E-014
          29  7.430588030804947E-014  7.712731852811524E-016
          35  4.966885298629200E-012  5.249547200533479E-014
          38  1.933485365668738E-008  2.054194828354764E-010
          60  3.660087881856995E-022  3.793879043544921E-024
          64  8.996912859586068E-012  9.474966610674924E-014
          66  1.672916678063141E-009  1.760640230507241E-011
          69  1.335429004479873E-014  1.386053044108443E-016
          71  5.766047203583766E-014  5.980631859034177E-016
          75  3.439605715732006E-008  3.624704721777115E-010
          83  1.591925709695839E-010  1.658404443410300E-012
         102  3.536339541273207E-008  3.695848141847393E-010
         118  1.018508762322490E-017  1.065731082840532E-019
          13
           4  5.626958668475632E-013  5.980870342787873E-015
           8  3.215450885731378E-006  3.390176628019591E-008
          20  2.592933962811575E-013  2.680623125981647E-015
          23  2.827786078385462E-025  2.909102808717665E-027
          30  7.153404469160932E-022  7.407039919772428E-024
          48  6.187198821260313E-013  6.553468467459820E-015
          57  2.707486307103260E-008  2.811300731431123E-010
          58  2.980484497461024E-006  3.304168314768902E-008
          64  1.806189792759958E-009  1.904490933866463E-011
          73  1.559439584567909E-006  1.629782973687418E-008
          92  1.440675817485189E-010  1.497409202995430E-012
         107  3.098599123554265E-009  3.198360194758104E-011
         118  2.145102486245213E-008  2.332096494842023E-010
          14
           4  3.768882906489220E-012  4.038139580685458E-014
           8  2.119791178883610E-006  2.244488307962650E-008
          20  2.651483596630919E-014  2.748137657901743E-016
          23  4.663980508263412E-021  4.819494014883839E-023
          30  1.996091709196242E-019  2.099237956505550E-021
          48  1.026395593701076E-013  1.087044949100735E-015
          57  1.754865468236688E-008  1.828944634915116E-010
          58  2.294381677772259E-006  2.558969262724562E-008
          64  5.477013119306944E-009  5.808550066035595E-011
          73  1.479179015157554E-006  1.552269626990606E-008
          83  4.963431218354820E-025  5.108676616975653E-027
          92  3.970779090418198E-011  4.139606914229422E-013
         107  2.901161150644243E-009  3.009089385845253E-011
         118  5.088391370812050E-008  5.557837139801080E-010
          12
           2  1.072655988920856E-009  1.158705696303536E-011
          16  6.071400486926650E-008  6.466283524293718E-010
          17  6.314783094613309E-013  6.510702379291211E-015
          21  7.408370227751030E-008  7.782740833248711E-010
          32  1.518537514675620E-016  1.556429703705156E-018
          36  4.909360511100067E-015  5.058284805970226E-017
          68  9.381490188309962E-014  9.651249600953546E-016
          79  4.896977871637659E-019  5.009970134000112E-021
          85  4.431266841139113E-010  4.980347188816233E-012
         115  5.511981776855598E-016  5.806972900617188E-018
         116  3.900419713311409E-012  4.177045106502419E-014
         119  1.450504484203296E-008  1.629178075531193E-010
           4
          41  1.335487306121086E-021  1.377908969590071E-023
          61  9.102207579913563E-019  9.430088045285048E-021
          62  1.356766202711432E-022  1.407427943665964E-024
         111  2.224437889690123E-022  2.298352563792864E-024
          12
           4  9.642178438798767E-017  1.019960239831125E-018
           6  5.329724251616796E-017  5.716617640360861E-019
           7  6.043448545002825E-013  7.137947147726017E-015
          10  3.824172942418435E-004  5.162718281672580E-006
          27  2.903764139871068E-008  3.552054444994250E-010
          28  1.712183478022516E-019  1.903928827527757E-021
          30  3.376901253486710E-007  4.065808556722835E-009
          48  4.811587062615333E-013  5.211034260247205E-015
          51  2.584021695877452E-015  2.978973929103922E-017
          58  2.390432012424178E-007  2.745850593478950E-009
          93  5.288234880214395E-003  6.926551175237948E-005
         118  5.806031101855571E-014  6.234104075751638E-016
           2
          50  9.409704287585683E-016  9.750026527078653E-018
          77  1.157907869373635E-025  1.190005610578851E-027
          11
           4  1.859393034220727E-012  2.037948639446160E-014
           7  2.871515563940789E-017  3.200058967363228E-019
          10  4.415456939504454E-004  5.944590637273275E-006
          27  4.028171931678885E-010  4.818238959758543E-012
          28  1.152599600015287E-020  1.262453373343884E-022
          30  4.898842859025928E-006  5.964048101482312E-008
          48  1.281782748352125E-014  1.373499916252056E-016
          51  3.752071122998532E-022  3.997133939606147E-024
          58  2.941289834154590E-007  3.391588267915233E-009
          93  7.214468893963012E-003  9.427144088544209E-005
         118  3.948426920994652E-011  4.357322875194718E-013
           5
          31  1.648443948543030E-011  1.737564252414200E-013
          50  2.701688980153849E-009  2.819115249943813E-011
          56  7.039147647241247E-018  7.288828910174925E-020
          77  2.742630338818713E-010  2.834494995680935E-012
          84  1.257152982098785E-018  1.305516869876152E-020
           5
          44  1.867560607962103E-025  1.924941679457718E-027
          49  1.630378779020733E-013  1.691628419310318E-015
          82  1.326665798480792E-013  1.373972876324897E-015
          87  2.873195601083409E-021  2.957942419913005E-023
         113  1.747327263039727E-015  1.802875334967527E-017
          10
          14  8.668034347290075E-011  8.982203047508539E-013
          37  6.457368593044384E-021  6.650625951168649E-023
          53  6.683872348229137E-011  6.901740623382611E-013
          54  4.954520208698640E-008  5.157189216067653E-010
          63  2.187583228045984E-009  2.302633726749929E-011
          65  1.470200169148159E-011  1.561465582498756E-013
          72  1.730712336720626E-009  1.822355082400933E-011
          86  2.552959307571891E-008  2.645539012989515E-010
          99  1.052865564187550E-008  1.091847551869350E-010
         114  4.074800294818424E-008  4.246800188338878E-010
           0
           1
         102  2.078390389448979E-030  2.149647328779139E-032
          10
          12  1.906197455556723E-012  1.970899004494551E-014
          14  2.622702144332714E-011  2.716763167957602E-013
          15  1.103473617323487E-013  1.142146700364170E-015
          20  2.007085774420691E-007  2.121099561069193E-009
          24  1.670799016699879E-008  1.729670217233433E-010
          48  3.079213031089529E-007  3.365446995744561E-009
          58  7.724948342021893E-020  8.007685892539337E-022
          63  3.542219437320728E-011  3.716763167783401E-013
          92  9.243045770867473E-012  9.628406059777418E-014
         122  6.129185415637205E-006  6.526629400071276E-008
           5
          11  1.672734262943934E-014  1.723228971017328E-016
          32  9.647010099365712E-013  9.934272117482315E-015
          36  5.804040980387719E-017  5.994688870086734E-019
          52  5.748530087967503E-020  5.964875409106214E-022
          79  2.776026828942417E-013  2.852636965406867E-015
           0
