# h / Lmax	F_rep (kT / Lmax^2)	F_att (kT / Lmax^2)	F_plate (kT / Lmax^2)"))
0.05	11.98293	-6.102809	5.88012
0.1	9.21034	-4.748211	4.46213
0.15	7.58848	-3.959382	3.629098
0.2	6.437752	-3.401535	3.036217
0.25	5.545177	-2.969987	2.57519
0.3	4.815891	-2.618188	2.197703
0.35	4.199288	-2.321341	1.877948
0.4	3.665163	-2.064662	1.600501
0.45	3.194031	-1.838625	1.355406
0.5	2.772589	-1.636733	1.135856
0.55	2.391348	-1.454355	0.9369933
0.6	2.043302	-1.288075	0.7552278
0.65	1.723132	-1.135301	0.5878309
0.7	1.4267	-0.994019	0.4326808
0.75	1.150728	-0.8626345	0.2880938
0.8	0.8925742	-0.7398622	0.152712
0.85	0.6500757	-0.6246518	0.02542389
0.9	0.4214421	-0.5161336	-0.09469155
0.95	0.2051732	-0.4135799	-0.2084067
1	0	-0.3167591	-0.3167591
1.05	0	-0.3113987	-0.3113987
1.1	0	-0.3058379	-0.3058379
1.15	0	-0.3000579	-0.3000579
1.2	0	-0.2940364	-0.2940364
1.25	0	-0.2877472	-0.2877472
1.3	0	-0.2811595	-0.2811595
1.35	0	-0.2742364	-0.2742364
1.4	0	-0.266933	-0.266933
1.45	0	-0.2591944	-0.2591944
1.5	0	-0.2509517	-0.2509517
1.55	0	-0.2421167	-0.2421167
1.6	0	-0.232574	-0.232574
1.65	0	-0.2221687	-0.2221687
1.7	0	-0.2106822	-0.2106822
1.75	0	-0.1977931	-0.1977931
1.8	0	-0.1829949	-0.1829949
1.85	0	-0.1654068	-0.1654068
1.9	0	-0.1433717	-0.1433717
1.95	0	-0.1117864	-0.1117864
2	0	0	0
