         116
  0.199337366613741     
  0.199727129684992     
  0.173670407777069     
  0.199246185903053     
  0.198286412516924     
  0.198924489657567     
  0.198204218563998     
  0.200126438984212     
  0.199343122238689     
  0.199969551439709     
  0.199721758208276     
  0.200457877435861     
  0.199122604819812     
  0.199231882837106     
  0.198843565934726     
  0.198843174135953     
  0.199399479184616     
  0.192378509484159     
  0.195440286463177     
  0.200040193517810     
  0.164640125318765     
  0.199491757634116     
  0.198710256418534     
  0.200102607943288     
  0.199534573728798     
  0.198594674622551     
  0.200194136784827     
  0.200425287829885     
  0.199353814047649     
  0.198793080559868     
  0.199961199596540     
  0.199023615345532     
  0.199634778540138     
  0.198899840343443     
  0.198758750393254     
  0.199324373194308     
  0.198990524686013     
  0.198500167197262     
  0.198059758349760     
  0.198517089956124     
  0.199160167428974     
  0.200548346252082     
  0.198745115161720     
  0.200237992345530     
  0.199165339464439     
  0.176965628910672     
  0.199961942977574     
  0.176920291268119     
  0.199217680599225     
  0.198774956940591     
  0.200079094800766     
  0.198576095542103     
  0.199436260174475     
  0.200286302358486     
  0.198762102108285     
  0.200407554957008     
  0.199366175563577     
  0.199437605548692     
  0.199491331206848     
  0.188485948526285     
  0.185291772360149     
  0.199271551328213     
  0.200370556311465     
  0.199975108947871     
  0.200222063718349     
  0.201170428035328     
  0.200656264747721     
  0.200629209835926     
  0.198809288711397     
  0.200169268719799     
  0.195372480885193     
  0.200061034020497     
  0.199701030590964     
  0.199263990884965     
  0.198468269098975     
  0.199881923616141     
  0.170912984577076     
  0.198061043447016     
  0.199660333586560     
  0.199055977759773     
  0.199407147823089     
  0.200624781806839     
  0.198793472653411     
  0.199589303011185     
  0.199212882168654     
  0.200098011879024     
  0.199009708044928     
  0.199847951765397     
  0.199720181409319     
  0.199832763613794     
  0.199493231063058     
  0.200311918571858     
  0.199070940794757     
  0.200178521707758     
  0.199871452801107     
  0.199643401893276     
  0.199569069539523     
  0.193889161997327     
  0.175510173760941     
  0.198939784631836     
  0.199402037876926     
  0.166916715873958     
  0.198459875544200     
  0.199780648609482     
  0.199460209490120     
  0.198715102629657     
  0.199405598217151     
  0.199074528562966     
  0.198300347422605     
  0.198073674438565     
  0.198578586615552     
  0.199461082294904     
  0.200224874823542     
  0.198658280141189     
  0.199582060519775     
  0.200062937384921     
