         115
  0.198383667793365     
  0.199188477412033     
  0.197073953387797     
  0.199863301132507     
  0.199853804137155     
  0.200057792964049     
  0.198062710896094     
  0.199445353986337     
  0.196458588760848     
  0.199940112096024     
  0.199173189246334     
  0.199102501907382     
  0.199609149449081     
  0.199551012069182     
  0.200518300796030     
  0.200145847298229     
  0.199163748669453     
  0.199417348099696     
  0.199681003604363     
  0.199304995950670     
  0.199540886955304     
  0.199206440005575     
  0.199102425147253     
  0.200753122498970     
  0.199148886957152     
  0.200550721542940     
  0.196280302186258     
  0.199712513586700     
  0.199127798645481     
  0.198754490004735     
  0.198489280388386     
  0.199361274560209     
  0.198879929043803     
  0.200523190786299     
  0.199164929034037     
  0.199598291878753     
  0.198827292397903     
  0.199869897996837     
  0.199822334095721     
  0.199333504555835     
  0.198323039505937     
  0.199682438321210     
  0.198462620492785     
  0.200128736648403     
  0.201231860785777     
  0.200002701883677     
  0.199662834794728     
  0.199478372757275     
  0.197964213173564     
  0.199851763516287     
  0.199699260328084     
  0.199823743159463     
  0.199286864325086     
  0.200000270841590     
  0.198589026504233     
  0.198707505793203     
  0.198874327678642     
  0.201079393229869     
  0.199053164710624     
  0.200200876185401     
  0.199161152232319     
  0.199731739301783     
  0.199661475977839     
  0.199707073325485     
  0.200803308169768     
  0.199332721929763     
  0.200070994147701     
  0.200957473323804     
  0.201028058688421     
  0.199242789766685     
  0.199625189329452     
  0.199656605493477     
  0.200155561335135     
  0.198644171891748     
  0.199687188205700     
  0.199539779912488     
  0.199508327222382     
  0.200139613674477     
  0.199646822223216     
  0.199281067789062     
  0.199203040675916     
  0.198180153939314     
  0.198913140940137     
  0.199410333374560     
  0.200194808199598     
  0.196108588645331     
  0.199765590118008     
  0.199594749005846     
  0.198665179533131     
  0.198025580118565     
  0.199512773402261     
  0.199113355646906     
  0.198915031319687     
  0.200336748103880     
  0.199165892692490     
  0.200044515694207     
  0.199332575377648     
  0.200590451536788     
  0.200241261565165     
  0.199974415984034     
  0.199046906267946     
  0.199744981529295     
  0.199405937803630     
  0.200457503450963     
  0.200100106060674     
  0.198151792596007     
  0.200145785757680     
  0.199932083895854     
  0.200231362537653     
  0.199384360492417     
  0.199048470913284     
  0.199720852172253     
  0.199756209911824     
  0.201202183172908     
  0.198306229272583     
