         117
  0.199886164491025     
  0.200179415695036     
  0.200223148163058     
  0.200453038044196     
  0.200089683947693     
  0.200877904734334     
  0.199142741391193     
  0.199825079279838     
  0.199707369121873     
  0.199304693139903     
  0.199413111823812     
  0.198795756942608     
  0.199344382185307     
  0.199467923580578     
  0.199130613338082     
  0.200258192034937     
  0.198944397472903     
  0.199263936288345     
  0.199365461734553     
  0.199282414584419     
  0.199329720926382     
  0.199476533867528     
  0.197897362168673     
  0.198822443723438     
  0.198945390724801     
  0.198046898963742     
  0.199863191874175     
  0.199271746027118     
  0.199824447397027     
  0.198752405973559     
  0.197644672131381     
  0.200357321163982     
  0.199927892974767     
  0.199594025860039     
  0.194404122442698     
  0.199579464872485     
  0.200454108272323     
  0.199159806744332     
  0.198758667479514     
  0.199420066523454     
  0.198412266353089     
  0.199434327005513     
  0.192102583919123     
  0.199093357241499     
  0.199846026733834     
  0.197099530328967     
  0.199946999697420     
  0.198186891962248     
  0.200306890834272     
  0.198812034720986     
  0.200032472172883     
  0.200726909073893     
  0.200878769170835     
  0.199274141380437     
  0.198957093335971     
  0.199324857820758     
  0.198914648976665     
  0.198344194822645     
  0.195431116551389     
  0.200602215540885     
  0.200156924556949     
  0.200485648385069     
  0.199458326176818     
  0.199581059272417     
  0.200463994590065     
  0.199724605991562     
  0.199352072493048     
  0.199511572288530     
  0.199004637170768     
  0.200607498052919     
  0.199631240946019     
  0.199836104393341     
  0.199847979413010     
  0.196701547988426     
  0.199510940767694     
  0.199828917852188     
  0.200200013052688     
  0.199095578839275     
  0.199700120570416     
  0.199488314732174     
  0.199377927978299     
  0.199107352204153     
  0.199192994968711     
  0.200149670078134     
  0.199946698281267     
  0.199211196501215     
  0.200129319184674     
  0.199057781888635     
  0.199808278610391     
  0.200156315214512     
  0.200023239362159     
  0.197710333915367     
  0.198631887142718     
  0.199674526656289     
  0.200227073259899     
  0.198709704305769     
  0.199368937946337     
  0.199109172057065     
  0.198637643389776     
  0.200086295385660     
  0.198992989875020     
  0.201230957382907     
  0.199964422400613     
  0.199096947900313     
  0.197932487615932     
  0.199494937819633     
  0.199178100112523     
  0.199214097893458     
  0.200421361479119     
  0.198588504351220     
  0.200188963472169     
  0.199483347393225     
  0.199905607083006     
  0.199734983620817     
  0.198870646846177     
  0.199728845046374     
  0.198454845811974     
