         183
  0.200251798834191     
  0.199421404172426     
  0.198812408151526     
  0.127263016750533     
  0.199750185639190     
  0.197786938635308     
  0.199690350162198     
  0.199509586658067     
  0.193036433961356     
  0.199694593832314     
  0.198541029194626     
  5.881735985307607E-002
  0.199531583925631     
  0.200826635695291     
  0.199298311691867     
  0.199851636402427     
  0.197315741995865     
  0.199812000040761     
  6.153423046718748E-002
  0.199600145273044     
  5.906315150213814E-002
  0.200091377039439     
  8.868091059094156E-002
  0.199400013133594     
  0.198775118577144     
  0.110576467676755     
  0.198596830581551     
  0.199306096876230     
  0.200247221927314     
  0.111014338339178     
  0.199772530717824     
  0.196212538500890     
  0.199044714466166     
  0.198553430019814     
  0.199576626363435     
  0.199733491257876     
  0.198927839756974     
  0.198688391956146     
  0.158035286332010     
  0.199007369883115     
  0.157680530949416     
  0.199694657182183     
  0.196146080187165     
  0.189436308242618     
  0.200310870400710     
  0.199959984617558     
  0.110361594710043     
  0.135531103987849     
  0.159131233843189     
  0.198774946294340     
  9.315489593257653E-002
  0.200062380699144     
  0.198300419925735     
  0.200280055603951     
  0.199462807767426     
  0.198580451961971     
  0.102839163219105     
  3.176698914115048E-002
  0.200291165392234     
  0.194249498598744     
  1.422255358100868E-002
  0.199207303875595     
  0.199255990860066     
  0.200521085436531     
  0.201171233734700     
  0.199801838375922     
  0.198799317442625     
  0.198503972113332     
  0.200340185013523     
  0.163756604341730     
  0.199372933147902     
  0.199448398377082     
  0.199191538698615     
  0.199550874450761     
  0.200226534588851     
  0.199967113270687     
  0.192549009777651     
  0.199488347805719     
  0.199469995386381     
  0.199661604053180     
  0.199287389322447     
  0.199048663981395     
  0.199356792162735     
  7.815536081134657E-002
  8.528167928574892E-002
  5.568020619140027E-002
  0.179091569985535     
  0.198542510395410     
  0.198492180905171     
  0.199589169977366     
  0.153832634474162     
  0.199989200768487     
  0.165485692678566     
  0.199378504648852     
  0.161490002008871     
  0.199849789900226     
  0.200251760957305     
  0.199344688855182     
  0.199957381273477     
  0.200264553247826     
  0.198968262540985     
  0.199440462272370     
  0.199722341872752     
  0.200450499458765     
  0.173601775375592     
  0.198259599540588     
  0.199422348715574     
  0.103780148918917     
  0.146026200139243     
  0.200104919005100     
  0.111296556237117     
  0.199805874147099     
  0.200112430971101     
  0.199155513572681     
  0.200559328127719     
  0.199315092546098     
  0.199844477756608     
  0.199692239896340     
  1.091853369630390E-002
  0.198602826918953     
  0.199563757508592     
  0.200142711336621     
  0.199328140575628     
  0.200102127962535     
  0.198998035366799     
  0.199333342556504     
  0.200236799077664     
  5.807346820318847E-003
  0.199687021334378     
  0.149713284316950     
  0.199264031245060     
  0.200094455970572     
  0.199275761969526     
  0.200574636230868     
  0.200026054684496     
  0.121964083866620     
  3.374932283000417E-002
  0.199675660889395     
  9.884700372899057E-002
  0.189357158852906     
  0.198913303912512     
  0.200034772234446     
  0.199332269750744     
  0.198423468926165     
  0.199606985693156     
  7.860948577987520E-003
  0.200146003605141     
  0.189215300048621     
  0.199575001712241     
  0.200363523437925     
  0.200114037188700     
  0.198877397439817     
  0.199365913523686     
  0.161524899395624     
  0.201326296147222     
  0.199690088394847     
  0.199699440090866     
  0.198694061010840     
  0.199392582921511     
  0.199244465824473     
  0.199750543878705     
  0.201002530536144     
  0.199149274448402     
  0.198475290118074     
  0.199478675683258     
  0.199684863740539     
  0.199490735399048     
  0.199410011498852     
  0.200403648218439     
  0.198844660840285     
  0.199110055412105     
  3.228275642726061E-002
  0.199171573917753     
  0.199685631117142     
  0.198968296917272     
  0.181360056725147     
  0.199435277618685     
  0.199483931592713     
  0.199707253333990     
  0.198078651220249     
  0.199151761954928     
  0.199522999727155     
  0.199084365042302     
