         154
  0.198626948270136     
  0.198788915932320     
  0.159363694130622     
  0.200498728745141     
  0.199904977783053     
  0.200000148395413     
  0.199488192943467     
  0.199679299277373     
  0.181786954442296     
  0.198840227192905     
  0.199557724124191     
  0.200018594382557     
  0.178373862319347     
  0.199995792615520     
  0.199341679560613     
  0.199565999894167     
  0.153506117800872     
  0.195423160558202     
  0.200388040212896     
  0.199562283639752     
  0.199921287234440     
  0.199387687382605     
  0.197617880306893     
  0.199791594726344     
  0.198587614129300     
  0.197837620525445     
  0.198596652079105     
  0.198920662565778     
  0.199744954662389     
  0.199010393213304     
  0.198477357793199     
  0.199825150779025     
  0.199735514609838     
  0.194671816253167     
  7.135838612204869E-002
  0.199725954760667     
  0.198650498378294     
  0.200134530753099     
  0.199662179590707     
  0.199242521756107     
  0.127913291162714     
  0.199631435736172     
  0.105242053557587     
  0.199628638386689     
  0.199767941082449     
  0.199858319019780     
  0.200359302683099     
  0.198120597831772     
  0.198802740334318     
  0.199132126905967     
  0.187804162459051     
  0.199107025084298     
  0.198181401868233     
  0.199659225838990     
  0.199254243542380     
  0.199220765091372     
  0.198987681892317     
  0.198919613196963     
  0.199733511749630     
  0.199390250629951     
  0.200096729235644     
  0.198881500282003     
  0.198009785471563     
  0.199894705203397     
  0.199225619475193     
  0.198813595227092     
  0.200083822517163     
  0.198366580317220     
  0.200716769050767     
  0.199452607513467     
  0.199766966326518     
  0.194737945700064     
  0.200274881243875     
  6.105744710999805E-002
  0.199369214048026     
  0.200348069235720     
  0.198330396315562     
  0.195575152718438     
  0.195752360549497     
  9.731953296715172E-002
  0.198767413048135     
  0.199641720123147     
  0.191147260514039     
  0.199567269823375     
  0.199566920308945     
  0.199924502786666     
  0.201119908393560     
  0.200234052159050     
  0.199064881173904     
  0.199186910714694     
  0.199298591405067     
  0.199173254214235     
  0.199310636289517     
  0.199421034845211     
  0.200287059323267     
  0.199218118108651     
  0.198837527334764     
  0.199269907259428     
  0.193527702714788     
  0.152676395131948     
  0.199541748296228     
  0.198453382124662     
  0.200523796907162     
  0.199620117011474     
  0.191566354165790     
  0.199744697010810     
  0.194763894271410     
  0.198430361263509     
  0.199627897438688     
  0.197584300402743     
  0.200924129057567     
  0.199673190940191     
  0.198400163524110     
  0.199209439277839     
  0.162365835888961     
  0.200011836853122     
  0.198799110322130     
  0.199938559229822     
  0.200599983851291     
  0.198832621902160     
  0.197739779420747     
  0.200555282431571     
  0.200421248397977     
  0.199835568672021     
  0.199277988127992     
  0.200002752519651     
  0.200133566718803     
  0.200255608117535     
  0.200272618440456     
  0.199168848534576     
  0.198613868924488     
  0.193775282446442     
  0.199135585157026     
  0.200840106787000     
  0.199727289194200     
  0.199240561232057     
  0.199693142442007     
  0.199767397866179     
  0.199430292904970     
  0.198812738897264     
  0.170133829585105     
  0.182859608349823     
  5.495943630831549E-002
  0.200232560699621     
  0.199587849527919     
  0.199653578698126     
  0.199446872517197     
  0.199924196745113     
  0.198962066325857     
  0.199036311225965     
  0.156573042219618     
  0.199535914254411     
  0.198922547397641     
  0.199120695062129     
