         141
  0.199228825299002     
  0.199523464077818     
  0.191347969075722     
  0.199565926980385     
  0.200411499409103     
  0.200170610239851     
  0.198831092810261     
  0.200327533774968     
  0.197182565114964     
  0.199508794142876     
  0.198812288213672     
  0.200369528680109     
  0.195302307400917     
  0.200558699370663     
  0.200189579793795     
  0.190076355927847     
  0.198951423424591     
  0.200040727149356     
  0.200000164588805     
  0.199844951831720     
  0.198511317947750     
  0.201354640201355     
  0.199212810664024     
  0.198814515659024     
  0.199966646659231     
  0.200032766851059     
  0.199875592670735     
  0.199532691940325     
  0.199889057955998     
  0.199730611037291     
  0.199115525850109     
  0.199602309537616     
  0.198965640033864     
  0.156725017059799     
  0.199327202047529     
  0.199259375671429     
  0.199974145266716     
  0.198298041079906     
  0.198924165379504     
  0.179944985887580     
  0.200296524877200     
  0.172271850493829     
  0.199054041638481     
  0.199445043517283     
  0.200461574359679     
  0.198530594466973     
  0.200459877109671     
  0.199793469102553     
  0.200062360450196     
  0.199050510437431     
  0.198897551543867     
  0.198934897181790     
  0.199239216928624     
  0.199645827832835     
  0.199950420931060     
  0.201054538339467     
  0.199185076390905     
  0.200025470639143     
  0.199944029584223     
  0.199108320760938     
  0.198339389808898     
  0.199783926226035     
  0.199821138045098     
  0.199201743167616     
  0.199133593001718     
  0.199665203771720     
  0.200566795048547     
  0.200382943387734     
  0.198152873311095     
  0.198406118632015     
  0.148759224981263     
  0.199202140594902     
  0.198231947352168     
  0.199769230199074     
  0.198099331923477     
  0.168522642089844     
  0.199256296073147     
  0.200454365817285     
  0.198892938285325     
  0.198927191568791     
  0.200608983559668     
  0.199256765042933     
  0.199145162936047     
  0.199920199363827     
  0.199597703476238     
  0.199408951772661     
  0.201085247825783     
  0.200190790485630     
  0.200029857811434     
  0.199877736405183     
  0.198916787084408     
  0.200633745782230     
  0.200005563995868     
  0.199300345183129     
  0.188003738622735     
  0.200112414660157     
  0.199946310779389     
  0.198967381210235     
  0.199286258501319     
  0.199105756170127     
  0.200293593950421     
  0.199708862175510     
  0.199295884708766     
  0.199093050328229     
  0.199645911099418     
  0.198879768552736     
  0.199931554950815     
  0.191923116312444     
  0.200146040905830     
  0.198513940870392     
  0.199307256844201     
  0.200171445536248     
  0.199324683450363     
  0.198496209528975     
  0.199807676941502     
  0.199437041524065     
  0.199368698624479     
  0.201719596996938     
  0.199455876877657     
  0.199485990730079     
  0.199304232579665     
  0.199354756979075     
  0.200474209207252     
  0.198908226177793     
  0.198863692810972     
  0.199758069255891     
  0.198123696584642     
  0.199485918398511     
  0.199897211193204     
  0.194663225394409     
  0.196877590199347     
  0.146162544736361     
  0.199559160581880     
  0.199195728141705     
  0.198546105301840     
  0.199666572859338     
  0.198904143213114     
  0.200500217644206     
  0.189697677550088     
  0.199940640030999     
  0.200386094133313     
