         140         104
          24
           3  2.823896241905414E-009  1.327435471883779E-011
          15  8.729076861310233E-011  4.103612449630599E-013
          18  2.139852930439202E-007  1.086339145146298E-009
          21  8.096623504885432E-008  4.010025258506957E-010
          25  2.854076220193550E-005  1.409116867498308E-007
          30  2.430416211565489E-009  1.154571931990852E-011
          37  2.588101824898564E-010  1.208811525778324E-012
          46  1.331752120876194E-017  6.161809423126040E-020
          48  1.453710613571004E-004  7.344944569863287E-007
          53  4.210435470344542E-008  2.012067067168153E-010
          59  4.924096963790575E-015  2.295085455946168E-017
          60  2.228731599528922E-011  1.045597639228573E-013
          66  5.928460762026190E-009  3.002082733256276E-011
          77  1.304180875401792E-004  6.547913465287727E-007
          89  2.103022945503248E-018  9.731949607076293E-021
          96  3.202509484504888E-004  1.570054589947715E-006
          99  2.811072929805709E-011  1.314034416186240E-013
         107  5.294807832613212E-004  2.629195300483098E-006
         108  8.380425339998857E-011  4.179040023906670E-013
         118  2.088516087730931E-010  9.989857372898757E-013
         119  1.749216795325167E-013  8.330347499572615E-016
         125  3.152888735162300E-005  1.524457426457747E-007
         127  2.700355650125358E-011  1.289793579596933E-013
         134  7.851200534223294E-006  3.852956079295742E-008
          16
           5  2.263335034609796E-010  1.060276229002174E-012
           9  7.990091577152722E-011  3.869505564210209E-013
          26  1.756589250153549E-005  8.314454017635542E-008
          34  1.969386654888520E-005  9.333048811243779E-008
          42  8.547391658979725E-008  4.131593705413913E-010
          44  4.960709026550161E-021  2.293952638124546E-023
          51  2.306736413474023E-012  1.070188120160187E-014
          52  1.096620923865860E-005  5.258341941934386E-008
          68  6.074417537994486E-014  2.815588414679961E-016
          70  4.820114352071078E-011  2.246609484041315E-013
         101  3.171415295856070E-008  1.486555427916083E-010
         103  4.752480650474679E-008  2.223485692366006E-010
         122  5.179801099639549E-019  2.412020252918455E-021
         126  1.493255752120088E-011  7.020689256905979E-014
         131  5.736623724822844E-007  2.802261202757439E-009
         135  2.988684184506285E-007  1.397783712054327E-009
          23
           4  6.933320824770328E-004  3.694142649043017E-006
          11  2.289679852768771E-011  1.097908844747762E-013
          12  1.505983866068317E-012  7.201937048566959E-015
          18  1.527998767252196E-007  7.857612484259091E-010
          19  1.164920434478151E-006  5.897696671162098E-009
          48  1.832091132668156E-020  8.512879072814949E-023
          54  3.113189917904775E-004  1.665103977304514E-006
          64  2.472561239180481E-007  1.235937809807145E-009
          66  2.635737436025200E-007  1.370572487279102E-009
          79  2.143245567835645E-006  1.096601440085946E-008
          87  2.703490294951066E-003  1.441755942068588E-005
          90  1.316010366715599E-004  6.864236253301902E-007
         100  7.206023587106641E-004  3.851226227789674E-006
         106  4.312278027667919E-010  2.098526585149210E-012
         108  3.283451653926986E-007  1.708441936957788E-009
         109  1.485302084343608E-016  6.924843909564792E-019
         116  1.521272958990840E-003  8.136578928522464E-006
         119  4.695220482257421E-012  2.272776401521291E-014
         122  1.986119984970513E-008  1.004776218573182E-010
         123  4.346697766505039E-008  2.236853412752071E-010
         124  2.913721513287251E-009  1.424478137815838E-011
         127  2.965543525841135E-029  1.365876103363653E-031
         132  8.145245994935336E-012  3.890575764511592E-014
          24
           3  7.100729383667631E-019  3.291342894035018E-021
          12  4.242677279559100E-018  1.972197468095862E-020
          14  4.268158855662847E-012  1.995808701414809E-014
          18  2.070253719203439E-006  1.058791589844050E-008
          21  2.348666756374446E-014  1.117668575755978E-016
          25  5.150436001387111E-009  2.499198561521927E-011
          30  1.380936528361456E-005  6.663802422203943E-008
          37  2.625937750295784E-009  1.230369799014902E-011
          43  1.246362878424076E-015  5.793289281729676E-018
          48  2.713642975661386E-005  1.368690163052626E-007
          53  3.393279094434328E-005  1.639647815881282E-007
          54  4.838240680155673E-030  2.234878685164104E-032
          66  5.255579153946249E-010  2.643360876435939E-012
          77  4.040669579843069E-004  2.033327588216836E-006
          90  1.287197056644381E-016  6.116166055745078E-019
          96  6.319112152682445E-005  3.092833426756254E-007
         107  1.065272304725927E-004  5.278351082857584E-007
         108  5.308640375978849E-013  2.601048149193252E-015
         118  1.066452086342598E-005  5.226311457826438E-008
         119  4.239132690091387E-007  2.099432341977881E-009
         120  3.538119731576306E-011  1.658853999919252E-013
         125  1.558048726321769E-008  7.443600105010810E-011
         127  4.447267622858528E-006  2.185447355858177E-008
         134  4.207498282997457E-004  2.080018015603460E-006
          11
           1  2.109999014777707E-010  9.973899240058259E-013
          16  7.029223544168583E-011  3.247954000077808E-013
          22  6.292573390687838E-015  2.907422585335378E-017
          27  9.159575921417823E-008  4.280125404435140E-010
          33  1.741290243695116E-009  8.132518013015963E-012
          49  2.682210663654644E-021  1.240401720217349E-023
          88  2.742615209095957E-008  1.286756373283520E-010
          98  1.302680154743945E-009  6.113667650501146E-012
         106  9.095082817144820E-020  4.210845768387177E-022
         114  1.005850321371250E-014  4.641636849282902E-017
         138  4.418301321209480E-009  2.047370465919229E-011
          14
           1  1.067304008068087E-006  5.146486290807679E-009
          11  5.938181560137773E-006  2.891968733687388E-008
          19  3.197119448524581E-009  1.570259402979900E-011
          27  4.457015750289490E-008  2.094206085030750E-010
          33  7.769509794611337E-006  3.682981767778391E-008
          64  1.421496931949286E-011  6.832162566516063E-014
          79  4.600370193619188E-019  2.153923744178876E-021
          88  5.432148381818771E-008  2.565693615685105E-010
          98  1.871544689627075E-005  8.940739546091004E-008
         106  1.789329317179514E-007  8.740699054150064E-010
         114  4.764393405233822E-016  2.205957653903447E-018
         124  2.123906616971998E-008  1.031173948510198E-010
         132  1.125736862758335E-005  5.488214046778003E-008
         138  7.879172688872822E-028  3.646506343605250E-030
          14
          31  5.548144060588525E-013  2.567215050147306E-015
          38  5.873659849498818E-012  2.721973629689114E-014
          58  2.603164008047565E-012  1.204565156969472E-014
          61  7.176092597074711E-022  3.317315660035882E-024
          69  2.356951518968452E-014  1.091698843071498E-016
          75  1.130383159846784E-010  5.238757899403710E-013
          93  1.095225057504601E-018  5.076559619582699E-021
          94  5.170841107040900E-014  2.399243588075390E-016
          95  3.920805313561666E-012  1.821771681727702E-014
         104  2.920117758682247E-014  1.353174093020266E-016
         111  1.381689796043805E-010  6.398440387504706E-013
         112  2.436408989954804E-012  1.128419553563545E-014
         117  3.574393392644713E-013  1.651177247544897E-015
         121  2.727872896255455E-010  1.265506905606235E-012
          23
          26  1.363063910548581E-007  6.426920505323528E-010
          34  1.244543085991743E-007  5.872117430463565E-010
          38  1.893321398247701E-012  8.775073092319750E-015
          42  8.700718907943955E-020  4.029147014697025E-022
          44  1.839707797935711E-010  8.546605185312345E-013
          51  1.549000223954509E-006  7.304227263745189E-009
          52  1.574655691090869E-010  7.432917745978945E-013
          58  1.241753925632558E-011  5.753640285034642E-014
          61  1.119781198919533E-019  5.174482989064138E-022
          69  4.346901803536992E-009  2.035461768364652E-011
          70  2.910256195797015E-006  1.374816990860459E-008
          71  2.500255550278357E-011  1.185528549058099E-013
          93  6.819965059785446E-009  3.228043781738558E-011
          94  5.114710971002004E-013  2.378924449603614E-015
          95  2.407318898105461E-013  1.116404414033130E-015
         101  8.980871580473273E-006  4.245121997065419E-008
         103  5.195035866326948E-006  2.445694249429814E-008
         104  2.798047973011132E-009  1.310601332657622E-011
         111  2.909922618595255E-018  1.342834363094377E-020
         122  7.108409185677580E-021  3.299374095128659E-023
         126  4.430829749607294E-007  2.124444694722274E-009
         131  2.513394595078186E-009  1.214782257874170E-011
         135  1.113116382167841E-016  5.149108613557955E-019
           0
           9
          14  2.471938211649154E-010  1.155849566372561E-012
          30  4.770135174571663E-013  2.225487747401340E-015
          35  1.358271717294718E-022  6.259251192831750E-025
          43  4.285855772368339E-019  1.980531515782691E-021
          53  1.066751128652777E-014  4.956324554400914E-017
          74  9.455724025268649E-010  4.361190329281485E-012
         118  1.144159669643578E-021  5.282934511184597E-024
         120  5.069695817173887E-009  2.375321888470040E-011
         136  7.967712028468005E-018  3.679365669706282E-020
          18
           3  1.727838959404244E-007  8.095131041673606E-010
           6  1.932619400712684E-009  8.954332666574115E-012
           8  4.175623538902047E-010  1.930522984461226E-012
          10  1.378198208370841E-014  6.360516471220605E-017
          15  1.965406675182352E-008  9.246551852961811E-011
          25  3.028444781379952E-013  1.428552067838682E-015
          28  6.657510952065960E-014  3.068619540935514E-016
          46  1.479343428120997E-008  6.908685736297781E-011
          57  8.483648618445665E-021  3.905914209405992E-023
          59  1.818134836720672E-014  8.457823419489694E-017
          60  1.128587231666334E-008  5.302671631488152E-011
          82  1.727456373396965E-017  7.964784815297380E-020
          89  1.433406859083734E-007  6.682346054558932E-010
          96  2.902517661154171E-017  1.344844214926019E-019
          99  3.004739908170104E-007  1.408544198741389E-009
         107  6.383695119362224E-028  2.944397800443770E-030
         125  3.464741350585431E-009  1.637579935537721E-011
         140  3.054636259419495E-011  1.407193885919375E-013
          16
           5  2.124518938999340E-005  1.013673485638093E-007
           9  2.227167023092870E-006  1.112518304357378E-008
          26  1.740776134055291E-013  8.089187639342466E-016
          32  2.892888124875350E-011  1.343043044410418E-013
          34  8.448719714924383E-013  3.932454014194334E-015
          39  4.974942258153322E-007  2.481527561644445E-009
          42  3.489698218898238E-005  1.712147880140616E-007
          50  1.791907925727738E-026  8.247785450816390E-029
          52  5.087338755008816E-007  2.437501529074857E-009
          68  2.348335269027277E-005  1.118220011816165E-007
          83  1.335071116410070E-012  6.374061907084151E-015
          86  2.764184883031218E-011  1.292177734444327E-013
         122  3.058412474546921E-027  1.408566111770389E-029
         123  6.677574732527052E-012  3.282164164353430E-014
         131  3.824852754695153E-009  1.853929225234426E-011
         135  6.642473766302870E-011  3.093728354097642E-013
           8
          38  5.764341885671590E-015  2.659232530371834E-017
          58  3.867390761325713E-015  1.781564737158916E-017
          61  4.778568068485803E-014  2.202971405204381E-016
          69  1.039231244109997E-023  4.786687906639530E-026
         104  1.051751593037212E-027  4.844063694053597E-030
         105  5.786444501664791E-020  2.672330685687657E-022
         111  3.588404127509138E-016  1.652170258271421E-018
         112  1.086539121993023E-014  5.017402171595259E-017
          27
           4  7.122005899799772E-013  3.514053490853380E-015
           9  6.067170891017010E-010  2.979472264932601E-012
          19  8.640274957739650E-012  4.188154482185136E-014
          26  1.595604009721732E-010  7.510174875236301E-013
          34  2.583008476070336E-010  1.217126596844322E-012
          38  5.299869034605714E-013  2.466199979102089E-015
          42  5.724093275764245E-012  2.730573418251367E-014
          51  7.018023881074965E-007  3.330690604143297E-009
          52  1.203460642482300E-010  5.710868288215216E-013
          58  3.852323768107662E-012  1.792602889581078E-014
          69  1.234734086241086E-007  5.843748837253409E-010
          70  5.458466028630095E-007  2.593637397392169E-009
          71  6.683144343290628E-005  3.284731911183615E-007
          79  2.133351488296979E-007  1.073150717066525E-009
          93  7.684240372306440E-006  3.700739742074718E-008
          94  2.298400070756178E-007  1.094740501437813E-009
          95  1.334813658964287E-008  6.301999161332306E-011
         101  4.295729868938896E-007  2.037945907556107E-009
         103  1.308771193555611E-008  6.166866563002924E-011
         104  1.949490106276871E-007  9.241517624097979E-010
         106  4.997361509947163E-015  2.353011733663195E-017
         111  3.864260078721844E-016  1.790177973691534E-018
         121  5.100763441505512E-023  2.360935143717770E-025
         122  1.076355081563710E-005  5.476547264263016E-008
         123  2.053937701531828E-011  1.019712306936542E-013
         126  1.833879312431306E-004  8.948280553625063E-007
         131  8.329479952438479E-006  4.127077589260012E-008
          17
          15  8.442667632591950E-019  3.909456185035676E-021
          21  4.149590499006210E-018  1.939977776619552E-020
          23  1.021625477416700E-006  4.810542214003514E-009
          29  4.181197860480853E-010  1.940063137916806E-012
          40  1.074187809757681E-013  4.969133823814053E-016
          41  4.044640526174489E-007  1.893677930355246E-009
          46  5.144271909954789E-020  2.379616982697144E-022
          50  2.582379805123771E-008  1.205906773611886E-010
          59  7.970836393960898E-009  3.782956820616202E-011
          60  1.192107508950736E-016  5.526847083294609E-019
          72  3.466239137473984E-012  1.605508452341314E-014
          80  1.287367599485731E-006  6.101541697740493E-009
          83  8.181777908747873E-011  3.943727937662472E-013
          86  6.081436489130374E-009  2.860410903527173E-011
          97  1.945612562234477E-011  9.001586488551188E-014
         115  5.831568759713234E-006  2.776933590760423E-008
         130  4.559127837749330E-011  2.113937895674945E-013
          20
           4  7.515213437140393E-010  3.816939962806122E-012
           5  7.311530337654633E-013  3.422939309241433E-015
           9  1.097245431838643E-004  5.577326432605038E-007
          21  9.492713184102683E-010  4.668875192580205E-012
          39  1.932473207391540E-003  9.897867885778056E-006
          42  1.395188048317550E-006  6.861145585728867E-009
          52  1.064470468840396E-012  5.007497224354260E-015
          54  1.104961086154903E-008  5.698410019831257E-011
          66  4.205322269475676E-009  2.141106655031189E-011
          68  2.541696293422384E-012  1.190260592241403E-014
          83  2.534802125541591E-005  1.272150749079290E-007
          86  4.099210613115281E-013  1.913918509293006E-015
          87  2.834013681759559E-021  1.320592830618831E-023
         100  1.108921054382078E-008  5.718618251989710E-011
         108  2.583478789781278E-007  1.333428971536763E-009
         115  3.887987269699353E-018  1.798819340146593E-020
         116  4.526929894188699E-012  2.256800446127407E-014
         122  9.620795116304745E-009  4.829388477344381E-011
         123  1.573533582874047E-004  8.211459525371208E-007
         131  4.210584125912819E-009  2.058395548937434E-011
          26
           4  8.568988307603765E-014  4.204166372359934E-016
          11  1.342831359458682E-009  6.469229250405905E-012
          12  2.699598886685955E-004  1.345160692848149E-006
          14  2.808808195808734E-018  1.300974363460169E-020
          18  3.350950243450796E-008  1.700365229477646E-010
          30  1.902527899498532E-026  8.787814841061332E-029
          43  7.109723001016455E-009  3.393327110120887E-011
          45  6.910321760204516E-010  3.259417729358170E-012
          48  3.933123875188666E-030  1.817257788189326E-032
          54  2.555797592887137E-010  1.299150438242367E-012
          64  1.302429862284558E-004  6.541728945962672E-007
          66  4.890096042798708E-014  2.384958458593194E-016
          77  6.846301566760680E-016  3.234768388589267E-018
          84  2.995317164011144E-010  1.413808677922426E-012
          87  3.484901464025200E-006  1.816579684849439E-008
          90  6.643114037978672E-004  3.455083491431109E-006
         100  6.051216377790864E-011  3.048956388761873E-013
         108  4.300238018638455E-018  2.033966210477089E-020
         109  2.427290333123906E-005  1.189158151777297E-007
         116  8.430661564551446E-008  4.356441589952766E-010
         118  1.049057440036874E-008  5.088478243062589E-011
         119  2.915543137682074E-005  1.465787954411371E-007
         124  3.197447418999468E-006  1.579819965702926E-008
         127  3.535442931698639E-007  1.736119488893496E-009
         132  1.783848898853130E-010  8.548487867956564E-013
         134  3.177017000910756E-015  1.491832019640664E-017
          16
          11  2.718607865185553E-023  1.255066674304124E-025
          12  4.816877750206419E-005  2.367796880782117E-007
          14  2.279485064985443E-010  1.068305629601731E-012
          36  5.633324250882508E-010  2.623413157965342E-012
          43  3.888696306913994E-006  1.860147455095589E-008
          45  8.159365309352083E-006  3.869306093500251E-008
          64  2.902309239388972E-008  1.419591701517960E-010
          84  1.381367997788908E-005  6.561846118118227E-008
          90  4.885379555831416E-010  2.423087179595564E-012
         102  8.086384505839535E-012  3.758516425554817E-014
         109  2.052589924235999E-005  9.951693014816058E-008
         118  2.380188967782942E-010  1.136129541708420E-012
         119  9.612211277888021E-008  4.725383774661643E-010
         120  2.208473872956651E-017  1.022664347998962E-019
         124  2.316895199479859E-010  1.111123969579034E-012
         127  5.504131292945854E-009  2.655502075478340E-011
          22
           4  9.932096342740596E-004  5.309894366667403E-006
           9  7.998446876452439E-010  3.966535665248430E-012
          18  3.573094584696891E-006  1.857381128612710E-008
          19  2.422757571038389E-011  1.185785642489204E-013
          21  8.572660518043661E-012  4.174646459162808E-014
          39  2.160129975501112E-008  1.085478179536767E-010
          48  1.969824027046111E-010  9.729681707540339E-013
          54  3.698259699896415E-003  1.988021385184905E-005
          64  7.916056237000414E-019  3.683862938559705E-021
          66  1.634583739145586E-004  8.660499225505232E-007
          77  6.628850982222492E-016  3.133856796452526E-018
          79  2.296001730037823E-008  1.160674363057027E-010
          83  1.786355137527240E-013  8.547665221360938E-016
          87  4.802283240022647E-004  2.556304853329887E-006
          90  5.634840120072435E-007  2.905764097175228E-009
         100  3.994762171574211E-003  2.145159230976632E-005
         108  3.790951262586200E-004  2.010239167874266E-006
         116  2.082532937651940E-003  1.115121595611308E-005
         119  2.050663437295148E-017  9.604685855800107E-020
         122  7.379108955352317E-007  3.775794856342716E-009
         123  1.094855892377557E-004  5.766389676083516E-007
         131  5.847079705247232E-019  2.719269214990669E-021
          11
          12  5.485958406924923E-010  2.624654382499015E-012
          14  3.308908844595892E-013  1.534416772625552E-015
          36  7.327920749470813E-010  3.398712567690551E-012
          43  2.208743810242574E-008  1.043548828013072E-010
          45  4.510104863635062E-007  2.121159012021193E-009
          84  1.842600511141025E-006  8.687888595274482E-009
          92  1.709512458634241E-021  7.867453497975114E-024
         102  1.495079475936636E-012  6.919228338849538E-015
         109  9.527320361681396E-010  4.519167394514398E-012
         119  1.392131232308875E-020  6.444833521954559E-023
         127  4.152309574171449E-024  1.910056221329774E-026
           9
          14  2.069433658030730E-012  9.627621242382273E-015
          17  3.145834719935798E-023  1.452868432080328E-025
          43  6.085455038165144E-013  2.837825963284857E-015
          47  6.260721900859743E-019  2.898725928266966E-021
          74  1.511014216548916E-022  6.961339761527313E-025
          84  3.612680423795917E-019  1.671118186106770E-021
         110  2.759982110882615E-013  1.273796041379242E-015
         120  3.884081662039680E-015  1.800881896670197E-017
         136  1.462033405339628E-019  6.751735553803729E-022
          14
           2  8.302858347345511E-018  3.831478293577680E-020
           6  1.215970328193849E-021  5.637254330365010E-024
           8  4.482358822245006E-011  2.074967795394366E-013
          13  1.743903768768474E-011  8.059451476563449E-014
          15  2.602407521503570E-014  1.209927448520638E-016
          28  2.017634283723442E-017  9.321948386505519E-020
          29  1.472546610080437E-009  6.830817768905761E-012
          46  1.054314597780739E-011  4.904702502645844E-014
          59  4.311892997733614E-014  2.012175288759962E-016
          60  1.213828192851587E-013  5.649541220532830E-016
          80  5.754332950296138E-013  2.680461222873713E-015
          89  1.478558378133850E-015  6.848667333993173E-018
          99  8.571588731835061E-019  3.969415726288181E-021
         140  4.486980273569825E-011  2.071890524326664E-013
          19
           2  4.565529002291215E-028  2.100366602394803E-030
           3  2.807687121264700E-018  1.297334660411242E-020
           6  4.284547939923037E-014  1.980899412754215E-016
           8  1.195446860667085E-008  5.532049141345724E-011
          13  8.532155915543954E-012  3.932503646835697E-014
          15  6.050945249698840E-008  2.848935048301582E-010
          21  3.054483853210968E-023  1.411821903100025E-025
          25  7.329291626508636E-016  3.421734017695439E-018
          28  3.017059427073300E-015  1.389832160453193E-017
          29  7.606066122615581E-008  3.527050531043727E-010
          46  1.592305172926826E-007  7.448793477340401E-010
          59  1.054390211143870E-007  5.004816799459021E-010
          60  9.948133952452481E-008  4.686540198597878E-010
          80  3.610322236977800E-008  1.698204362745884E-010
          89  1.117391718954271E-009  5.192120310905033E-012
          99  8.778968102571282E-010  4.092470393113803E-012
         115  7.546701993571835E-013  3.508907376649741E-015
         125  7.059409294495530E-018  3.256793596939240E-020
         140  4.100251020866228E-009  1.890991407220693E-011
          13
          11  4.015548080067046E-007  1.943144955469248E-009
          12  5.995350669339933E-013  2.839779867630849E-015
          36  4.436575766223333E-009  2.071661991435830E-011
          45  1.039951068949697E-008  4.894849176773069E-011
          63  4.757630064505734E-023  2.198136134052752E-025
          64  1.767588081389106E-007  8.677243031106459E-010
          84  2.110372322538683E-011  9.878573149026615E-014
          90  3.665300152435811E-026  1.699636204605382E-028
          92  5.966120610745207E-022  2.757631464643070E-024
         102  5.882695064874328E-008  2.754492987870818E-010
         109  7.569533286490222E-007  3.654462787771857E-009
         124  1.955088885822361E-006  9.553841303046926E-009
         132  1.901184800237686E-007  9.184175685618057E-010
          20
           8  5.540343327222538E-011  2.560356815349083E-013
          13  1.849658261295656E-013  8.527387719584716E-016
          15  6.137527000106622E-009  2.884144453226365E-011
          21  1.961130513170349E-015  9.238188755817920E-018
          23  1.913611180049075E-011  8.900525047586757E-014
          25  2.557530204461770E-016  1.192778851073186E-018
          29  2.231526175600380E-007  1.036141505831471E-009
          40  2.239231752178051E-019  1.032789504696830E-021
          41  4.134203591741122E-013  1.908700130450338E-015
          46  8.987951050818906E-009  4.197506572259491E-011
          50  8.553567327797916E-022  3.934172953150116E-024
          59  7.399556582875353E-007  3.527346906197624E-009
          60  1.478714665187475E-008  6.956147341344323E-011
          72  2.027910499689701E-024  9.361239850382523E-027
          80  2.260578693172465E-006  1.069042044446794E-008
          83  7.184629041841736E-018  3.342877007008612E-020
          89  1.851132007913008E-013  8.564674083230302E-016
          99  4.099299956268637E-013  1.900846118934523E-015
         115  3.769294353954592E-008  1.777970350524690E-010
         140  1.135993320848571E-011  5.233210171582828E-014
          22
           8  1.656361834871746E-017  7.636528286341020E-020
          13  2.071436186856187E-022  9.548901467299039E-025
          15  3.387974881700079E-011  1.583880453054121E-013
          21  5.235413964350317E-013  2.497787613627676E-015
          23  7.831392558133119E-008  3.672210834092619E-010
          25  1.109643113915923E-018  5.149766793944816E-021
          29  2.601544001882268E-008  1.207806488842024E-010
          40  1.751662906111600E-015  8.083904424001368E-018
          41  1.527930794003324E-008  7.119785299362664E-011
          46  1.453964672408793E-011  6.755611196245460E-014
          50  1.209384092521515E-010  5.610407527602490E-013
          59  5.944203111594295E-007  2.835072160191245E-009
          60  1.473511099249547E-010  6.897483111728672E-013
          72  6.413095630734716E-015  2.962435727933431E-017
          80  8.061420648882186E-006  3.823423970376857E-008
          83  8.800119580880520E-011  4.233431599354587E-013
          86  1.635518665431104E-011  7.622144007729178E-014
          97  1.010774094656914E-014  4.662065828420045E-017
          99  1.354766594539734E-025  6.258404690833181E-028
         115  4.187108898354833E-006  1.989353634525179E-008
         130  2.179504038135746E-015  1.006490848311558E-017
         140  5.658838249638273E-020  2.603374663972674E-022
          16
           1  4.927927658376188E-005  2.382321798852741E-007
          11  4.078650867131557E-010  1.945891678826919E-012
          16  2.429957989160987E-019  1.122414182133380E-021
          19  6.123826092053194E-008  3.022580967723914E-010
          27  1.827159120622204E-006  8.586828658135245E-009
          33  2.652873493238721E-006  1.252463620528402E-008
          71  9.074232655013551E-021  4.193372616343341E-023
          79  1.402577262703880E-012  6.775738807640782E-015
          88  1.618048618202896E-005  7.673020207686364E-008
          94  2.653955196288092E-030  1.223236929840905E-032
          98  8.596638905248059E-006  4.087384339696527E-008
         106  5.265114285208441E-006  2.579147841127091E-008
         114  1.868656423248516E-020  8.623639289330442E-023
         124  6.723802178226381E-019  3.118015974102295E-021
         132  2.367855414996558E-009  1.132365571771752E-011
         138  3.709464562861558E-010  1.720744834839661E-012
          13
           3  1.014218805190304E-015  4.701576950197928E-018
          10  7.895969975646014E-012  3.653088001262631E-014
          20  6.178323322854591E-012  2.854520872743418E-014
          30  1.555467477573388E-017  7.198590962574987E-020
          35  8.095573643545863E-019  3.732317384973265E-021
          37  8.008901605592469E-008  3.741755291298215E-010
          53  2.848504019187229E-014  1.325347771644859E-016
          76  3.204199138739235E-011  1.482622484042233E-013
          96  2.111876872041634E-013  9.908191919561878E-016
         107  2.397987365465396E-022  1.108972469517704E-024
         125  6.100273328551267E-020  2.817047452967872E-022
         134  3.867605016261476E-021  1.788885325776340E-023
         137  9.204914521784943E-011  4.259191604492208E-013
           5
          20  2.082305161827768E-014  9.610800206726913E-017
          35  7.869497087154540E-015  3.625551255686070E-017
          37  5.845881791492809E-019  2.698780751385757E-021
          76  2.439427505488523E-019  1.127499758605323E-021
         137  1.033820483150211E-020  4.777598636573501E-023
           0
          12
          23  4.046213631000896E-008  1.890991006239614E-010
          29  3.880928443634044E-026  1.786889261246943E-028
          40  7.072590809452529E-013  3.260821720324751E-015
          41  3.875910526190243E-008  1.802422935740400E-010
          50  8.742543510681910E-009  4.062065137606984E-011
          72  1.253456544209978E-010  5.786544188093442E-013
          80  2.402389268386063E-013  1.114617565607529E-015
          81  9.954031609159206E-014  4.583333733913764E-016
          86  1.557589905971869E-010  7.264912480930543E-013
          97  1.136759947853697E-009  5.242930505716700E-012
         115  6.121534630040275E-010  2.868066072795881E-012
         130  3.671066705599484E-009  1.697687874035096E-011
          16
          14  3.997975642765884E-011  1.863946448570491E-013
          20  5.327650487527651E-014  2.456643445310477E-016
          30  3.171053951166862E-007  1.508035789528232E-009
          35  3.915125100158766E-013  1.802293396908416E-015
          37  5.638842679614432E-008  2.630588279906970E-010
          53  4.580949545655282E-007  2.181104195603238E-009
          74  8.303991760677967E-014  3.821453000849638E-016
          76  1.554205472960867E-021  7.174623608912786E-024
          77  1.117817933629515E-014  5.280655680049692E-017
          96  9.540641019336656E-013  4.480221592929370E-015
         107  9.650287392352079E-017  4.492138213624833E-019
         118  7.710097255788781E-011  3.657440226833224E-013
         120  1.106234108286914E-008  5.186360882383721E-011
         127  2.761809527459482E-013  1.298696695426204E-015
         134  2.508408794333782E-009  1.201163897913518E-011
         137  2.791356615082280E-021  1.288373643512979E-023
          18
          11  1.144670624164270E-014  5.343026143522889E-017
          12  1.025467191148820E-004  5.043622882352196E-007
          14  1.049514903124324E-011  4.890525128973228E-014
          36  6.408991182555815E-010  2.979278012931876E-012
          43  1.509057944554504E-006  7.196023151510139E-009
          45  8.881379359498598E-006  4.206709027002521E-008
          64  6.676500456373291E-007  3.283392217640897E-009
          84  9.431316619842627E-006  4.473810202703342E-008
          87  5.144077975508518E-024  2.374918335990309E-026
          90  1.610308414488754E-008  8.064164310980961E-011
         102  2.425908196620781E-011  1.126132922344666E-013
         109  7.265235215116472E-005  3.526236842692930E-007
         118  1.380581343246463E-010  6.574251535396411E-013
         119  1.946809566571958E-007  9.565203643943288E-010
         120  4.439535394225955E-024  2.048579696675780E-026
         124  1.697485584506040E-008  8.209878115553584E-011
         127  5.249480100765383E-009  2.528457003813044E-011
         132  3.134182915598612E-017  1.451537332669963E-019
          14
          12  1.216616330690850E-015  5.693316197858358E-018
          14  5.719454455149142E-008  2.696424826928371E-010
          30  5.077746937790768E-018  2.351662661983401E-020
          43  7.520046970365774E-008  3.571197447278364E-010
          45  6.106711062618599E-016  2.828163758554158E-018
          47  1.034759166702896E-027  4.798866968041455E-030
          74  2.348352807777960E-016  1.083759392781041E-018
          84  2.523661649007440E-011  1.179994952218185E-013
         110  1.968947770232706E-014  9.103118222876150E-017
         118  2.265382771595216E-014  1.062111280448074E-016
         119  1.698802616074408E-019  7.909648060194744E-022
         120  1.774413431302538E-009  8.323336568525366E-012
         127  8.713516275024913E-015  4.083755115249075E-017
         136  3.382184166032831E-022  1.564500880949006E-024
           2
          55  2.099596986058678E-030  9.659314644088875E-033
         139  2.936523239647519E-016  1.354207458228740E-018
          28
           1  2.541376930424790E-006  1.229710958810499E-008
           4  4.600710208074521E-008  2.361836136989696E-010
          11  2.635958498125196E-017  1.223251277825141E-019
          19  3.556736767428710E-004  1.798295399505078E-006
          27  3.416061891243740E-019  1.577270899487889E-021
          33  6.779513743216529E-020  3.125563456486996E-022
          51  1.094996871937181E-022  5.044396522732297E-025
          54  2.080350963729471E-026  9.600063864491439E-029
          69  2.269529063431225E-013  1.053985774402104E-015
          71  2.579660625252988E-005  1.264087061830010E-007
          75  6.584722446775423E-021  3.034971594082902E-023
          79  4.511703926433898E-004  2.304960387775787E-006
          87  1.429099664801637E-014  6.927713104207432E-017
          88  2.393029084097645E-009  1.126834321584034E-011
          93  1.063108204900334E-008  5.057528462724650E-011
          94  5.083129113181554E-008  2.410396274544937E-010
          95  3.435899853503926E-010  1.610133811162042E-012
          98  3.935552288351254E-014  1.831750616924608E-016
         100  1.299560528587501E-013  6.367830546682645E-016
         104  2.963286498614308E-012  1.380719789525112E-014
         106  1.741187880804917E-004  8.640115174393684E-007
         116  1.787941776291834E-016  8.548264228418898E-019
         121  2.205483894930350E-017  1.017648858836210E-019
         122  4.731264491735180E-007  2.387507021040480E-009
         123  2.218494702806883E-016  1.056792370524897E-018
         126  1.141685584863428E-008  5.469593306270547E-011
         131  5.794235374647706E-018  2.696798113329377E-020
         132  8.210331030210784E-016  3.825688534813319E-018
          10
          23  4.277009381888351E-014  1.974890572688249E-016
          40  6.879750152128193E-018  3.163604821290009E-020
          41  1.306962240006192E-013  6.010993302717073E-016
          50  1.947395874128519E-014  8.946094917398295E-017
          72  1.714484971313056E-013  7.891335811183987E-016
          81  7.458172458660512E-015  3.425320008063303E-017
          86  1.017363636991429E-025  4.674259950883543E-028
          91  1.215378643358417E-028  5.578006361384948E-031
          97  3.760608205730836E-012  1.728546550439981E-014
         130  9.111600897413852E-012  4.196211382216844E-014
          14
          12  8.398621767078020E-013  3.968237706853336E-015
          14  5.779719813045806E-006  2.734009373933592E-008
          30  1.600917278340112E-008  7.589982694457168E-011
          43  8.391625372982760E-007  3.993187629799518E-009
          53  9.170496400551085E-010  4.326175574593720E-012
          74  1.672535696545940E-011  7.709341557138277E-014
          84  7.960597842495318E-015  3.689944876598594E-017
         110  5.193046633383854E-021  2.394357954431247E-023
         118  3.104546081019516E-008  1.493086308832211E-010
         119  8.320047432103666E-011  4.005471781457518E-013
         120  1.941722490806634E-006  9.159959162226813E-009
         127  1.036730113224913E-008  4.992703324734106E-011
         134  3.247320460982934E-013  1.528542769962887E-015
         136  2.207757866247500E-024  1.018602281303601E-026
          14
          11  3.289357025814369E-007  1.588623689532280E-009
          12  1.224184131296066E-006  5.974997121186108E-009
          36  9.680555842392230E-009  4.510446101796344E-011
          43  2.707299304183000E-013  1.261040672208667E-015
          45  2.105277989539973E-006  9.948554767031099E-009
          64  2.898010601158152E-005  1.436034530712550E-007
          84  1.557346296221349E-007  7.350793035994530E-010
          87  3.918825359507668E-023  1.813495349013826E-025
          90  2.085520715396773E-009  1.037731622831137E-011
         102  1.622632476646424E-008  7.571600469702433E-011
         109  1.296660056184338E-004  6.302339725309550E-007
         119  1.252077172947959E-013  5.936220875310279E-016
         124  2.184846118340495E-005  1.071752623908840E-007
         132  9.683897652235107E-008  4.666605457603803E-010
          22
           1  2.192129618679893E-020  1.018670210287527E-022
           4  2.699326970441413E-003  1.443420111370070E-005
           9  7.664475010569316E-009  3.833157534119027E-011
          18  1.020761281914733E-014  4.945844708216663E-017
          19  1.093162835577280E-005  5.567935567527666E-008
          39  5.972832097138871E-012  2.921363638357439E-014
          42  5.361782702883091E-020  2.490698091064587E-022
          54  4.066217606312324E-005  2.168687999524773E-007
          64  1.227265705263414E-018  5.733750711237646E-021
          66  7.280062601402267E-010  3.707958243121263E-012
          71  1.636959162258262E-009  7.952881463364245E-012
          79  3.222894334400258E-004  1.667801160673115E-006
          87  2.959886749514782E-005  1.566537586695342E-007
          90  8.575093604711448E-010  4.327430862431978E-012
         100  3.455313683257659E-004  1.843436781754346E-006
         106  1.445145204061916E-008  7.116619118999558E-011
         108  1.241288621247564E-008  6.388938455733507E-011
         116  6.441904164466910E-005  3.421799062106813E-007
         122  3.314063530686053E-004  1.722629324138751E-006
         123  6.160519441370224E-005  3.236421297708970E-007
         126  8.050448310204001E-014  3.795664831067244E-016
         131  6.063794834491841E-010  2.967942940608409E-012
           2
          72  1.180725745526953E-025  5.450251742744239E-028
          97  3.099747050001220E-028  1.428562066949238E-030
          22
           1  3.624743296708501E-020  1.680755780506881E-022
           4  3.886859482328409E-004  2.070342838674541E-006
          11  1.193072799427134E-009  5.777815252402379E-012
          12  5.272984246445917E-012  2.528002943830489E-014
          18  1.921473142508226E-008  9.806692774330002E-011
          19  4.092248444322305E-006  2.073777954908449E-008
          54  9.134624911414091E-005  4.867791970102727E-007
          64  1.246997173834436E-006  6.244752308845624E-009
          66  1.874749707695341E-008  9.653754812406603E-011
          79  3.464471429026122E-006  1.772156844798818E-008
          87  1.855122251143045E-003  9.877263813803816E-006
          90  1.335825582449033E-004  6.967407798429165E-007
         100  2.706300879379100E-004  1.442017076120288E-006
         106  5.656288481096864E-009  2.772853065639663E-011
         108  2.209655955614922E-008  1.136927000067285E-010
         109  3.245008891297094E-014  1.526996675930724E-016
         116  7.112694856160487E-004  3.789642930026434E-006
         119  1.551715918037832E-012  7.484149519015876E-015
         122  6.588457008453088E-009  3.323004777932657E-011
         123  3.824892554162793E-009  1.948352701960191E-011
         124  3.960650571045438E-008  1.947760805327106E-010
         132  5.726618036010205E-010  2.763918407061305E-012
          22
          26  1.905268707056514E-008  8.968253551476443E-011
          34  1.825040519360628E-008  8.594343551465898E-011
          38  3.092068516820689E-010  1.437016975585793E-012
          42  2.561612653942299E-022  1.183620558221123E-024
          44  2.195088671031553E-011  1.019169163867692E-013
          51  7.216640676780363E-006  3.408603727283150E-008
          52  1.413172549287905E-011  6.645937239137643E-014
          58  1.125103093099666E-009  5.227929050166161E-012
          61  7.465768070166979E-017  3.449471522985171E-019
          69  1.688147980337056E-007  7.938705901467265E-010
          70  9.486155925821170E-006  4.488131634919893E-008
          71  1.250474918621595E-008  6.007836064061572E-011
          93  3.867827148221393E-007  1.842300377902214E-009
          94  1.148972759479533E-009  5.393828658730909E-012
          95  5.289322693891646E-010  2.472109504315885E-012
         101  1.280623831579844E-005  6.055394109184639E-008
         103  4.035811615028810E-006  1.899182668453081E-008
         104  1.389714593011889E-007  6.539275079558824E-010
         111  3.592780807106642E-013  1.660794909954984E-015
         122  1.248029549008280E-014  5.949822770693075E-017
         126  6.071455310635944E-006  2.922997184682343E-008
         131  6.885445698562499E-009  3.337360601325753E-011
          14
           1  4.680551846639240E-010  2.217723784308023E-012
          11  1.545374306848950E-005  7.504244871025887E-008
          19  5.608325367019361E-014  2.663987291060208E-016
          27  2.875683365758945E-011  1.336199709347346E-013
          33  5.682734693591686E-007  2.674193284605734E-009
          63  1.844768326663057E-016  8.495316008499956E-019
          64  9.205594693800386E-010  4.455938299188094E-012
          88  1.784092015071452E-012  8.287264393166933E-015
          98  1.084428049651706E-006  5.138568723040110E-009
         106  3.291030273915690E-011  1.568719738035898E-013
         109  4.138158503478918E-016  1.920156778310759E-018
         114  1.175435627738606E-017  5.417718828608267E-020
         124  3.448642535110249E-007  1.676145924076812E-009
         132  2.141450992515079E-005  1.039648575566629E-007
          26
           3  1.103992704063059E-011  5.174121956227686E-014
          15  6.795862011089762E-015  3.169239286022611E-017
          18  3.554405582543346E-006  1.823086523965083E-008
          21  1.217442165716554E-008  6.019693940989715E-011
          25  5.047148195641920E-006  2.491649008759869E-008
          30  1.235687656027646E-007  5.932481711418784E-010
          37  2.786559568343414E-010  1.305734239686724E-012
          48  2.681473115701806E-004  1.362555349642942E-006
          53  8.277558873055189E-007  3.988274012293554E-009
          54  2.331972393762362E-018  1.108717975695185E-020
          59  2.303253754259234E-030  1.068555964219227E-032
          60  3.733156325021709E-016  1.737345697021330E-018
          66  4.357577537423044E-008  2.231498315727357E-010
          77  5.032668120537921E-004  2.538212127762593E-006
          90  7.037220629619030E-028  3.263798503711388E-030
          96  2.855091527148920E-004  1.405053717682627E-006
          99  6.779815040724762E-016  3.153003217690345E-018
         107  6.189929959590946E-004  3.085511846031451E-006
         108  7.472907481840221E-010  3.769098616403415E-012
         116  2.368909202130762E-026  1.095217631086530E-028
         118  6.179891024842563E-008  3.004463415762195E-010
         119  1.335692674339310E-009  6.535203732076061E-012
         120  9.505826645005780E-026  4.410085354007660E-028
         125  4.029177888506353E-006  1.946913990542047E-008
         127  2.014817171399293E-008  9.805789710400940E-011
         134  7.116712577352677E-005  3.513027949506828E-007
          15
          12  6.723733174259262E-007  3.271120104420393E-009
          14  7.230614581646963E-010  3.388127926807405E-012
          36  3.482320519402875E-010  1.618501721534238E-012
          43  2.051242657436135E-006  9.780152487319336E-009
          45  2.369900486017273E-006  1.119990388846214E-008
          64  5.174261489791603E-014  2.445578289498859E-016
          84  9.035460015653669E-006  4.280268428424554E-008
          90  4.366232615996813E-021  2.032528756240046E-023
         102  6.660662461537102E-013  3.087700333641625E-015
         109  1.947022239047113E-007  9.348585815978479E-010
         118  8.288964316687378E-013  3.904634329916095E-015
         119  1.425291250258831E-010  6.879255117204601E-013
         120  2.277697534668137E-015  1.055559575665959E-017
         124  6.045497975650533E-021  2.795267835452398E-023
         127  2.153254813457791E-011  1.023676002890401E-013
          22
          31  3.717989221916012E-026  1.716812047090273E-028
          38  3.694286315552639E-008  1.716351671718653E-010
          44  1.479045701472926E-024  6.844990237327394E-027
          51  6.279290201352852E-010  2.927801233241039E-012
          58  3.959677947661819E-008  1.837836122967910E-010
          61  8.126266472643078E-011  3.751213734272990E-013
          69  1.677553596369621E-008  7.841432462299534E-011
          70  1.402344206783275E-010  6.538405471020280E-013
          71  1.882659559125523E-016  8.743743969107936E-019
          75  8.274756440700779E-013  3.820797478020703E-015
          93  6.861505431751927E-010  3.227913440126191E-012
          94  4.080294256169929E-010  1.907281933822699E-012
          95  3.742932323130135E-009  1.747178685986439E-011
         101  3.698262228965082E-014  1.709560549200472E-016
         103  8.914252597334196E-017  4.113629747281616E-019
         104  1.314507522110495E-008  6.150561087907796E-011
         105  1.154707735939979E-017  5.336724268219010E-020
         111  1.692980063820486E-008  7.845825773544370E-011
         112  2.541267696986086E-010  1.175207948303042E-012
         117  2.554210131800776E-023  1.177471669431147E-025
         121  6.506646506500025E-011  3.011316164195314E-013
         126  2.211092219958841E-013  1.031938600859843E-015
          16
           3  1.697053612265393E-009  7.941073649912716E-012
           6  2.186391958131924E-009  1.015795735379295E-011
           8  1.211791143071818E-009  5.620066743240404E-012
          10  6.280625729030856E-025  2.906723912842546E-027
          15  1.181008768570926E-009  5.551507380626387E-012
          25  3.172768309456129E-024  1.470483115501698E-026
          28  4.029284487127731E-012  1.862876130200047E-014
          29  1.099208603116391E-021  5.079728486140829E-024
          46  4.183788163437193E-009  1.956366009822194E-011
          59  6.346025443465263E-017  2.948927709038927E-019
          60  7.876806218500225E-010  3.699431368760879E-012
          82  3.309863593102968E-016  1.530670659440123E-018
          89  3.347495516888374E-008  1.563296114712315E-010
          99  2.197422077872634E-008  1.030551840205447E-010
         125  4.519356146494962E-013  2.112180161689157E-015
         140  2.322783223447541E-010  1.073652668187433E-012
          23
           8  1.643236935321871E-020  7.578315090121149E-023
          15  7.934210679000879E-008  3.758361602334727E-010
          21  2.981896646714438E-005  1.494365035556294E-007
          23  3.381675327509699E-010  1.582788549708691E-012
          25  6.732749432195595E-007  3.293575299493013E-009
          29  3.208189558477177E-011  1.487675061359471E-013
          39  1.519837405877398E-012  7.307354166169444E-015
          41  2.132413311037260E-011  9.903264579935612E-014
          46  1.212402942406651E-009  5.673855007267685E-012
          48  4.132074587360874E-013  1.978984151213784E-015
          50  3.703789620525919E-014  1.711304829267991E-016
          59  4.531749843684706E-005  2.183232271696099E-007
          60  1.371059309630157E-007  6.500022185468347E-010
          66  2.879175245212320E-014  1.395662485042468E-016
          80  1.023612990712487E-005  4.876588833623649E-008
          83  1.245432557975511E-005  6.188353141709667E-008
          86  5.293319852414158E-012  2.470576960132614E-014
          89  2.914376554859083E-017  1.347587530047462E-019
          99  7.380198675914400E-013  3.432768744607496E-015
         107  6.794130956207487E-018  3.156856275568869E-020
         108  3.952555295488937E-013  1.929797827298030E-015
         115  5.441873530992525E-006  2.598721971836737E-008
         125  2.367347836072770E-011  1.114589359916371E-013
          16
          21  1.764078030242292E-015  8.302608379414444E-018
          23  4.942730700802972E-006  2.324983501797497E-008
          29  1.632093482053001E-016  7.514276079091927E-019
          39  3.685564455551272E-015  1.737961775751313E-017
          40  1.096322681657161E-021  5.051507331276227E-024
          41  3.561175789869893E-006  1.666060349942866E-008
          50  1.898716114346665E-006  8.882853710294932E-009
          59  1.263566348071364E-010  5.943856250202491E-013
          72  1.488149464041902E-014  6.867247162157269E-017
          80  1.049658246273304E-007  4.948826552752677E-010
          81  8.957951388844454E-020  4.122504073076870E-022
          83  9.455338675432257E-008  4.620779322906136E-010
          86  3.830678347876391E-006  1.811298280176876E-008
          97  4.716327326184313E-012  2.175139655617976E-014
         115  1.379428068588581E-005  6.562566506428368E-008
         130  6.628824648472206E-010  3.067992173666665E-012
          20
           3  9.466518127070783E-017  4.388944864807623E-019
          14  3.214387268854025E-012  1.499660124934589E-014
          18  7.247777248732149E-015  3.475066494994232E-017
          20  4.641897713699224E-020  2.144507138156045E-022
          25  6.418917560730186E-016  3.006409014883405E-018
          30  7.839170939975132E-006  3.760127450163339E-008
          37  1.205756613319007E-006  5.662823115719776E-009
          48  7.027361183101769E-010  3.438210594601231E-012
          53  2.164429357663896E-005  1.039937486061160E-007
          76  5.917002782562514E-029  2.737336249649225E-031
          77  7.006726439377889E-007  3.466544456271676E-009
          96  2.844948959573570E-006  1.379417595662861E-008
         107  4.726189456627967E-007  2.309414449784098E-009
         118  7.844784816117105E-008  3.792543627601249E-010
         119  1.956347393365873E-012  9.356858599950073E-015
         120  7.691822002494785E-010  3.608927338172595E-012
         125  1.193052859081715E-010  5.629807897668921E-013
         127  5.003734973243712E-009  2.413142342816419E-011
         134  1.182193436754206E-005  5.779012614809981E-008
         137  2.941201837897591E-023  1.360466609700401E-025
           6
          36  7.835333716853821E-014  3.624998149084792E-016
          43  4.438526395111623E-015  2.060025149679628E-017
          45  3.109890932183001E-011  1.448622357225858E-013
          84  6.422657272766217E-010  3.006336455660352E-012
          92  1.364977456364315E-028  6.295925714046872E-031
         102  5.669539619661112E-022  2.622476029561818E-024
          25
           1  1.748456499758821E-009  8.401913233164617E-012
           4  2.267684761017161E-005  1.193595709673590E-007
          11  1.317178497176496E-006  6.472367209397048E-009
          12  1.418810393786507E-015  6.671835866084670E-018
          18  3.717575174551826E-017  1.766861949859823E-019
          19  1.586099915853498E-004  8.089504998605263E-007
          33  8.792230367754544E-021  4.067750388507779E-023
          54  1.054525568928539E-007  5.497750764875312E-010
          64  4.768332695202391E-006  2.389339891863805E-008
          66  2.847213543572759E-018  1.348797315651056E-020
          71  7.093906974685843E-018  3.302562061705157E-020
          79  2.141544677528407E-005  1.098288634065002E-007
          87  5.604411354302366E-005  2.951178201330594E-007
          88  8.930245467789384E-021  4.129634622768380E-023
          90  4.334040961813176E-006  2.236271930698924E-008
          98  1.944233457743430E-014  9.089694645701413E-017
         100  1.555125368005094E-006  8.161061311160469E-009
         106  6.666595095265796E-006  3.317220266945838E-008
         108  1.349856685376496E-017  6.410325654755890E-020
         109  1.924095255782387E-013  9.083247889259750E-016
         116  5.732249497610085E-006  3.015606685381430E-008
         122  3.878816006065971E-010  1.930169565525353E-012
         123  3.109789571111915E-014  1.513824819167450E-016
         124  1.870795317611681E-006  9.270829696915718E-009
         132  1.138755072571556E-006  5.588803412860618E-009
          26
           4  4.242176669134513E-011  2.137077885191866E-013
          12  5.769498854213876E-015  2.718183727472690E-017
          18  2.246579549081968E-003  1.176334151667329E-005
          21  7.062047038723494E-007  3.550770895621861E-009
          25  1.806378229274298E-007  8.911697838589680E-010
          30  2.126847284367086E-012  1.003136077352106E-014
          39  6.123842309085960E-025  2.823275034117224E-027
          48  6.355666088905164E-004  3.259093185616236E-006
          53  1.613502810386457E-011  7.641133181583286E-014
          54  1.978030489051285E-005  1.047337440591148E-007
          66  9.807423102241406E-004  5.181205966016036E-006
          77  1.377885089195256E-004  6.993502743261475E-007
          83  8.404354895476576E-016  3.963026308673741E-018
          87  1.001972517084634E-006  5.226179613093841E-009
          90  2.414397375966655E-007  1.237035107001894E-009
          96  1.740267284515288E-007  8.494979456110244E-010
         100  7.965923116248590E-007  4.168895924976620E-009
         107  1.243365861627852E-005  6.199040979319912E-008
         108  2.809815786386754E-004  1.480527952993305E-006
         116  6.249253679212066E-006  3.288373885863154E-008
         118  1.358623157501948E-008  6.616138975571646E-011
         119  3.737970621837944E-007  1.868652511418982E-009
         123  1.515403086769652E-014  7.351830752105156E-017
         125  3.197555383567038E-011  1.518527332024248E-013
         127  5.159325390403080E-008  2.530974389007733E-010
         134  1.267852845991797E-006  6.258145752456139E-009
          16
           5  1.202715269261833E-005  5.718589614653790E-008
           9  1.511870774610364E-008  7.430747145448452E-011
          26  3.337638288947913E-022  1.538173938542923E-024
          32  3.021815347530840E-010  1.401638185128416E-012
          34  7.879107189397955E-020  3.631022345318080E-022
          39  1.660948499215853E-008  8.181460599223440E-011
          42  1.301292650231142E-006  6.326727496089678E-009
          50  2.136880940481469E-015  9.840462359344255E-018
          52  5.955308805728107E-009  2.825448808794185E-011
          68  2.597508987961332E-005  1.233595173026711E-007
          83  1.198007889779793E-013  5.671795830866539E-016
          86  1.619252308095723E-009  7.594995283108878E-012
         123  3.562909814121576E-020  1.662171313780408E-022
         131  1.427984636384422E-013  6.743636977742991E-016
         135  1.249166757155624E-012  5.788206910073105E-015
         139  9.393067577929219E-023  4.335467650723876E-025
           1
          92  1.228701844746071E-025  5.649508867161753E-028
           0
          14
           5  3.494084955396291E-005  1.668181481796645E-007
           9  5.952676252476252E-007  2.963133382752216E-009
          26  2.397352270900967E-011  1.120605469550413E-013
          32  5.478510120884637E-010  2.548489227054129E-012
          34  6.823236443859889E-011  3.194304144839910E-013
          39  1.787345360249336E-008  8.833619966503066E-011
          42  2.772721980908343E-005  1.359458441644076E-007
          52  1.669444268936077E-006  8.012597270419002E-009
          68  2.634052376196736E-005  1.254937515370320E-007
          83  9.258106512717438E-019  4.306269715735151E-021
          86  4.412464209048973E-014  2.049326151440399E-016
         123  1.894062754048707E-014  9.140541698238913E-017
         131  4.881443487751700E-009  2.368297786610946E-011
         135  3.129561729973613E-009  1.463326165236143E-011
           3
          32  1.480544961703590E-023  6.849030325101956E-026
          55  8.750599948510389E-020  4.039781928009563E-022
         139  1.295725920269168E-013  5.996294845995242E-016
          15
          12  1.955117480414824E-012  9.239737818734820E-015
          14  5.512794872063217E-006  2.602261938939466E-008
          30  9.453915156543937E-009  4.469242135285793E-011
          43  1.059062169433989E-006  5.031403680122037E-009
          45  1.269816875418820E-027  5.842552368112048E-030
          53  4.457280213238149E-010  2.097133585563841E-012
          74  8.951953177149808E-012  4.117792606801028E-014
          84  5.594653386566679E-014  2.591439029925046E-016
         110  2.873013303818204E-020  1.322146259702212E-022
         118  2.534939024046996E-008  1.216691689152729E-010
         119  8.867037694189327E-011  4.262347942007239E-013
         120  1.543401401630038E-006  7.264885000782782E-009
         127  9.256441690261021E-009  4.449247895374651E-011
         134  1.100768748404296E-013  5.162360679171618E-016
         136  1.133480535665382E-024  5.219655979887994E-027
           1
         135  2.412580677822836E-015  1.116817777001761E-017
          22
           8  1.529251413997233E-011  7.069732409991202E-014
          13  9.715852800645577E-014  4.482871990006708E-016
          15  2.154730970905879E-009  1.012299844923568E-011
          21  3.966045700654171E-016  1.864491151431903E-018
          23  7.065641975944812E-011  3.292073837446441E-013
          25  6.890190056477396E-018  3.204029345286438E-020
          29  1.973239624928171E-007  9.170014298010052E-010
          40  1.008284414035553E-017  4.654599531277302E-020
          41  2.466432999167813E-012  1.141223208356423E-014
          46  3.397632050093140E-009  1.586101228131697E-011
          50  6.891235322667590E-019  3.172629793918775E-021
          59  5.145895688730703E-007  2.453740757688866E-009
          60  5.743932397512465E-009  2.701740367826232E-011
          72  1.238625439054872E-020  5.722667562949667E-023
          80  2.322502103684430E-006  1.099131801079275E-008
          83  1.569362239658380E-017  7.315647709438501E-020
          86  1.014831285748544E-029  4.680661940413918E-032
          89  1.300284573089079E-014  6.016074584976708E-017
          97  3.802418135247504E-025  1.753979187328912E-027
          99  3.070967744563605E-014  1.423176732145188E-016
         115  5.912270411712669E-008  2.793014180234524E-010
         140  2.957527329093121E-012  1.363180956057283E-014
          16
           3  2.243570209236165E-009  1.046522849341716E-011
          10  3.522057700155405E-010  1.626035483375533E-012
          20  2.682273607772609E-015  1.235013857336169E-017
          25  7.902011908264101E-019  3.660981649408177E-021
          30  3.618719426283462E-014  1.679793155834156E-016
          37  3.677793150067158E-007  1.715801163440447E-009
          48  1.567947401505412E-023  7.227326312294306E-026
          53  1.097547958115076E-011  5.132138558463480E-014
          76  8.577314356002895E-013  3.956314533602354E-015
          77  2.368466201128646E-014  1.119733829825081E-016
          96  2.052573369850239E-008  9.807221827181533E-011
          99  4.008397656610390E-016  1.850885476557991E-018
         107  1.209862489530507E-010  5.773500104549720E-013
         125  1.132118674967611E-009  5.336852244082708E-012
         134  1.031388070681523E-012  4.856529619664623E-015
         137  7.890765966913227E-012  3.639954540628756E-014
          26
           1  1.371072353868894E-006  6.656198048133409E-009
           4  5.771805046764575E-006  3.019523339639659E-008
          11  1.232154130726109E-010  5.898878573133664E-013
          19  1.421225211025936E-003  7.239113712645592E-006
          27  1.150039714305705E-024  5.314221650766756E-027
          33  2.156414763426166E-017  9.978042371420400E-020
          54  9.494881707884113E-012  4.761817135085714E-014
          64  1.104280588925162E-013  5.257133451645031E-016
          71  5.761883823654475E-007  2.814253979828264E-009
          79  1.044256303959134E-003  5.369598917700359E-006
          87  1.305608990309926E-008  6.687667625753947E-011
          88  1.239472965061054E-010  5.828209868885725E-013
          90  2.211726802014713E-014  1.067949254220117E-016
          93  2.529631870904128E-013  1.186320874308596E-015
          94  4.147461895201568E-012  1.943285941842229E-014
          95  4.284021635684288E-018  1.979556003241971E-020
          98  6.705326363958625E-013  3.139616570254835E-015
         100  6.808041695051393E-009  3.492997213526349E-011
         106  2.860417380027748E-004  1.427867630120983E-006
         116  1.552853912831719E-009  7.911903366640981E-012
         122  8.513999575331161E-007  4.323953079069045E-009
         123  1.640672914078024E-012  8.075418931587163E-015
         124  4.066253387097424E-013  1.930796783992178E-015
         126  3.178985276401511E-012  1.501561393357979E-014
         131  3.657203085245194E-026  1.691078044735416E-028
         132  2.865159565480126E-010  1.373592532188637E-012
           9
          16  1.935761080172401E-012  8.956029888760708E-015
          22  4.312470204456177E-016  1.995864922167227E-018
          27  4.171695734946039E-012  1.938258620486533E-014
          33  4.921236951785655E-017  2.276073680579333E-019
          49  5.454782834295404E-024  2.526948096270148E-026
          88  6.611893067493420E-016  3.060359856455760E-018
          98  2.390785243945253E-019  1.107766208809738E-021
         114  2.174474774211782E-017  1.005085030961076E-019
         138  3.090704262197349E-013  1.429859562301550E-015
           3
          36  1.026425115473051E-016  4.738164825346655E-019
          92  9.987805053651084E-016  4.601808351508937E-018
         102  3.555013785724709E-014  1.644160458698780E-016
          12
           1  3.239908629903362E-007  1.551943898266849E-009
          16  1.153461152139288E-011  5.337211575009957E-014
          19  3.143324865279101E-017  1.473629397521964E-019
          22  1.809257104703663E-017  8.368628114963021E-020
          27  9.346807201984403E-007  4.385031294780807E-009
          33  5.000918905519509E-008  2.348704694982429E-010
          75  7.009231481185051E-021  3.237579764728460E-023
          88  2.265046725993062E-006  1.069960052187130E-008
          98  8.578264564371640E-008  4.052087316933832E-010
         106  2.506971568722517E-010  1.201934961480330E-012
         114  3.026550915694676E-017  1.398130347936007E-019
         138  3.451990507549560E-008  1.603924688350383E-010
          26
           4  3.883394966763303E-010  1.964459200623305E-012
           9  1.312329119276915E-006  6.583895863220712E-009
          19  2.590398365924255E-013  1.243269383849612E-015
          26  6.095324401163072E-009  2.884480825191422E-011
          34  1.050057985045380E-008  4.976500466210538E-011
          39  1.004579753185509E-015  4.755564848825505E-018
          42  7.804079153909225E-008  3.809001847051924E-010
          51  1.774879733181607E-008  8.388862382317480E-011
          52  8.343592341247591E-008  4.009792212929391E-010
          58  2.505119138204669E-023  1.157906480338335E-025
          69  1.617859816184521E-010  7.595100071118415E-013
          70  2.121175867310528E-008  1.004500562717122E-010
          71  5.243996358100503E-006  2.568307707800751E-008
          79  1.497632630068462E-007  7.535401934745456E-010
          93  1.117386260127117E-007  5.351665531737792E-010
          94  2.359834484551096E-010  1.112891786248527E-012
          95  9.708557262896213E-013  4.529998632031937E-015
         100  3.453417910479329E-017  1.649698419738404E-019
         101  8.283851492697372E-008  3.925040532222394E-010
         103  2.510782782189721E-009  1.181372829647105E-011
         104  3.089746856198302E-010  1.452732037393582E-012
         106  7.527624024292613E-023  3.484083785491711E-025
         122  1.132832584321473E-004  5.803631942331264E-007
         123  9.098063152134154E-008  4.645048347346186E-010
         126  3.613846602063499E-005  1.760176270105666E-007
         131  1.937143328007949E-004  9.666258337328895E-007
           3
          63  6.438202537864005E-018  2.969557690344930E-020
          65  2.294065879682844E-020  1.061340569793942E-022
          85  4.178569496692822E-025  1.926710202583890E-027
          24
           4  9.855952048018403E-006  5.190685282354339E-008
           9  4.583953745849964E-012  2.228114253529086E-014
          18  9.020080401565616E-005  4.703009429701557E-007
          21  1.038703977422881E-006  5.237959506227508E-009
          25  1.158809234303540E-010  5.604967169177376E-013
          39  1.261309301382310E-007  6.350857725516298E-010
          48  2.277752907662562E-006  1.155610069415181E-008
          54  1.610013573000661E-003  8.626361896999003E-006
          66  2.383135438385103E-003  1.264008484284904E-005
          77  3.622497002038412E-009  1.792828177533993E-011
          79  3.838175333463388E-018  1.799960845692811E-020
          83  1.071389098068194E-008  5.297665658231887E-011
          87  2.746623846860794E-005  1.450890901758191E-007
          90  2.734418364222422E-008  1.393525140592621E-010
          96  5.203413196602345E-019  2.406946152189827E-021
         100  5.041888340142433E-004  2.692250178638413E-006
         107  4.969750556311217E-011  2.400973628983615E-013
         108  3.436209699494977E-003  1.823724589537051E-005
         116  3.233948563074484E-004  1.720957232515463E-006
         119  3.016369602143226E-014  1.434690625179815E-016
         122  4.363832462604308E-011  2.156870373570864E-013
         123  9.114404307005548E-006  4.762550642571201E-008
         127  2.117077025764036E-024  9.728830678379497E-027
         134  1.606013177825533E-017  7.466517653806114E-020
          28
           3  1.664288001054998E-011  7.787058070821609E-014
          15  2.521485669478104E-008  1.197462665662090E-010
          18  8.091135359862899E-007  4.133293985607507E-009
          21  2.291199764973863E-004  1.157658994688308E-006
          25  5.163712672891867E-004  2.572039267907570E-006
          30  5.834474154421096E-029  2.690934074892954E-031
          46  2.875536924614433E-012  1.340745788522069E-014
          48  3.101490464052402E-004  1.575420185626670E-006
          53  2.020666893164236E-017  9.352812641048913E-020
          54  3.416122630797463E-012  1.700956815786166E-014
          59  3.833445147142998E-008  1.834425086226146E-010
          60  1.656260826048276E-008  7.860768507553121E-011
          66  4.867423054594939E-006  2.520887593939892E-008
          77  8.297261177318004E-006  4.154196202476752E-008
          80  6.739810739126516E-015  3.133564531634209E-017
          83  1.169058180074025E-009  5.708310073384894E-012
          89  1.228952741185696E-016  5.691818640096502E-019
          96  8.357859030280247E-006  4.081958134567897E-008
          99  9.942835856846253E-011  4.659342173963934E-013
         100  5.579764543426308E-019  2.630116452996942E-021
         107  8.037327597790352E-005  3.990841023353005E-007
         108  1.348738100686476E-006  6.955797779733577E-009
         115  2.140681928237924E-028  9.879154761874896E-031
         116  3.225336537631924E-017  1.536591569415961E-019
         118  1.186002250266544E-023  5.470059499304908E-026
         125  1.432186573536624E-005  6.930026626617350E-008
         127  4.915439201527458E-026  2.264555052069749E-028
         134  3.592806162024364E-009  1.737919195249568E-011
          14
          38  2.757396438691989E-011  1.278347272555154E-013
          51  4.574322749415122E-016  2.114799050660526E-018
          58  2.517522925656051E-011  1.165685072944641E-013
          61  5.660863028290722E-012  2.616547565680384E-014
          69  1.189649003156033E-013  5.512922246350857E-016
          70  1.907809830179500E-017  8.829183948639603E-020
          93  1.195025554118586E-020  5.533890735637107E-023
          94  5.049576392906718E-023  2.329105093817194E-025
          95  2.127891804607977E-016  9.830251863282354E-019
         104  3.661649310830360E-014  1.696113324358642E-016
         105  5.637267061433998E-017  2.609750567476543E-019
         111  5.446023388947292E-012  2.518236628694478E-014
         112  2.946706291406725E-012  1.364274666889434E-014
         121  3.922554548001462E-020  1.811221895058266E-022
          11
          23  1.820404895686647E-010  8.488716752536114E-013
          41  1.051508530676574E-009  4.887182310730138E-012
          50  2.072315962766004E-008  9.657739494542066E-011
          62  3.102590960992532E-030  1.436018779451115E-032
          72  2.129200543295885E-025  9.844352852686901E-028
          81  4.345649529844025E-011  2.005982199620615E-013
          86  1.363598833416651E-008  6.405669074924126E-011
          91  1.275340209211687E-022  5.880147407760837E-025
          97  1.216183601444064E-014  5.614651743779181E-017
         115  1.871518457740590E-016  8.662279570190337E-019
         130  3.847987785140517E-010  1.782203117571824E-012
          21
           5  6.888515568893134E-012  3.219436480090009E-014
           9  6.676710379308843E-008  3.302375972749080E-010
          26  1.437676781357276E-005  6.827694540624764E-008
          34  1.776835827114907E-005  8.447089587751983E-008
          42  9.601499981654243E-007  4.676685000330550E-009
          44  1.350005084388094E-023  6.250762302343414E-026
          51  3.937288516647505E-009  1.845987053087666E-011
          52  2.020899856030387E-005  9.731567497279213E-008
          68  5.702750504831575E-017  2.636045437661694E-019
          69  1.597116057233714E-015  7.385227641788515E-018
          70  1.649081226683014E-008  7.757650939860510E-011
          71  4.379129862892162E-012  2.070991716053680E-014
          93  3.180761096113696E-012  1.490414843337614E-014
         101  7.500966234901600E-007  3.539466187502203E-009
         103  3.223358037037335E-007  1.515497639816277E-009
         104  1.095199559569534E-015  5.063457746253107E-018
         122  2.231161842345029E-009  1.104208661096450E-011
         123  1.272525591098668E-014  6.126639936862402E-017
         126  1.771087543059225E-007  8.494840578157718E-010
         131  4.787221247325545E-005  2.365275465242761E-007
         135  5.203206913138735E-009  2.432279644722167E-011
          10
          38  4.625290448471927E-017  2.138353623120674E-019
          44  9.557312031928578E-018  4.431292867949683E-020
          51  3.823286966848760E-021  1.765365164321367E-023
          58  8.545068313536484E-017  3.944985756104896E-019
          61  1.128264923143165E-013  5.215098889097802E-016
          69  5.163849985888485E-027  2.384685903565421E-029
          70  1.451884943025304E-021  6.716456280266992E-024
         105  2.979798222916296E-015  1.379729750726607E-017
         111  3.049837475037378E-024  1.407608218925194E-026
         112  1.999010418825755E-020  9.254730607178239E-023
           6
          26  5.399169604375570E-013  2.507385496894255E-015
          32  3.872681071889860E-029  1.790201684749393E-031
          34  3.418393343320009E-013  1.587375093280611E-015
          52  2.946734214606273E-018  1.362791121825388E-020
         128  1.798926292275571E-020  8.306174681913641E-023
         135  2.107924164998746E-010  9.799867174156234E-013
           4
          32  6.779879827077263E-023  3.141020984006779E-025
          55  4.744255312069408E-026  2.193472129891860E-028
         129  1.333173984055321E-028  6.174084608475778E-031
         139  2.212751756874450E-021  1.025481631757749E-023
          13
           1  6.413854132024949E-010  3.038079402146257E-012
          11  1.482200720532134E-008  7.101334133999990E-011
          19  8.647675488132439E-026  3.994933012907217E-028
          27  1.124882726969511E-008  5.252629271214247E-011
          33  2.267042178093567E-006  1.067606893329002E-008
          49  4.546965137300644E-014  2.102968799908186E-016
          63  1.907208864105174E-016  8.789517598225938E-019
          88  2.911458189191278E-010  1.360688275511524E-012
          98  2.210403701855765E-006  1.047205624811833E-008
         106  1.598165619255407E-013  7.534058781386532E-016
         114  3.732098899842440E-011  1.723921990608658E-013
         124  3.281967190391736E-013  1.547320512783026E-015
         132  4.136695717261657E-008  1.985651601504997E-010
           1
          13  3.247545994081423E-021  1.498066402200536E-023
           0
          17
           2  3.799347482909391E-024  1.748267270639259E-026
           6  3.160640206199064E-017  1.461170030131391E-019
           8  2.188198850253132E-009  1.012055555135850E-011
          13  1.680767538018700E-011  7.748133196706135E-014
          15  4.441302148607348E-009  2.085110461668157E-011
          23  3.152956269152677E-023  1.456593028762302E-025
          25  7.359513104636817E-024  3.399844085058689E-026
          28  2.296218364547468E-017  1.057904975231529E-019
          29  9.719813695821000E-008  4.507216958606763E-010
          46  2.079753774526853E-008  9.712109119040722E-011
          59  2.633145996659749E-008  1.247728338803404E-010
          60  9.098125920009278E-009  4.273681951565479E-011
          80  3.282610428487829E-008  1.544043899279071E-010
          89  2.784237290341218E-011  1.290768068945603E-013
          99  1.186299437985619E-011  5.510860613442395E-014
         115  2.340305715412019E-012  1.089841178561693E-014
         140  9.081570600323010E-010  4.187167188131000E-012
          15
          14  3.798552531508057E-009  1.782436337475788E-011
          20  3.286345608644343E-018  1.516805462080802E-020
          30  2.552221782325282E-007  1.214839245012215E-009
          35  7.108413584249540E-014  3.275839678045589E-016
          37  5.979682513003026E-010  2.782368512407238E-012
          43  1.802676150100788E-016  8.347157981866846E-019
          53  1.856319434866500E-007  8.829169743128700E-010
          74  4.654071130888835E-011  2.146311984461123E-013
          77  1.217842311338812E-019  5.669023153601289E-022
          96  2.847272997763036E-019  1.317264708156866E-021
         118  2.454681245674222E-010  1.168994727415827E-012
         119  9.362201994738333E-024  4.330914071717731E-026
         120  1.550138588394822E-007  7.291692249866266E-010
         127  2.263027956510218E-012  1.070312401365797E-014
         134  2.510623072818095E-010  1.197985820209077E-012
           7
          14  1.020318332179541E-012  4.741911558843301E-015
          30  7.993329196577301E-013  3.731014528810787E-015
          35  1.613268524983400E-014  7.431247556466992E-017
          37  3.453451502941942E-019  1.593967982207599E-021
          53  1.165769118903408E-013  5.426422762510830E-016
          74  1.898570749781362E-010  8.750249561910984E-013
         120  4.748907299150704E-010  2.219294304590989E-012
          13
           1  7.977445987338112E-009  3.787850648415427E-011
          16  7.386203543019083E-013  3.405038017973258E-015
          22  6.701866790811716E-017  3.089804909604696E-019
          27  5.769983920758796E-009  2.685779765049081E-011
          33  2.686071337547950E-013  1.242473749771632E-015
          75  8.154627641043006E-011  3.768708629135167E-013
          88  1.814267689788271E-007  8.517888964107866E-010
          94  2.040196366420778E-015  9.413335831576534E-018
          95  4.288563961017486E-017  1.974683873033047E-019
          98  1.557160155952921E-012  7.241668608832554E-015
         106  8.892424438948973E-013  4.195877438338426E-015
         121  5.174851946552605E-012  2.389865902571066E-014
         138  6.923464865761273E-008  3.206113526417223E-010
           5
          36  2.237090294639452E-011  1.038027854436299E-013
          45  1.347683616213512E-011  6.276562142133660E-014
          84  2.985681219377062E-011  1.394510567255616E-013
          92  2.121037063564417E-014  9.792910485155939E-017
         102  3.915190957192845E-014  1.814739922934132E-016
           3
          32  5.711198251198516E-019  2.640417241141399E-021
          55  1.355331816353831E-018  6.253188026303645E-021
         139  6.050724466559685E-013  2.798486346221336E-015
          14
           5  2.885016770961290E-015  1.339053395828762E-017
          26  1.605887735198187E-006  7.591912591268617E-009
          34  1.506792601418142E-006  7.125114540642152E-009
          42  6.010439112551860E-013  2.836869733771288E-015
          44  9.902379634391370E-016  4.593210996505152E-018
          51  2.494811118838666E-015  1.154802708392581E-017
          52  5.523414289985706E-008  2.630512425483075E-010
          70  3.664057181323626E-013  1.703938601989720E-015
         101  1.584376181791700E-009  7.413595542849111E-012
         103  8.711481825878958E-009  4.075160334438274E-011
         126  4.415984724572746E-019  2.042753533957028E-021
         128  1.598731672955293E-026  7.391182868246861E-029
         131  2.384532708483432E-011  1.140083747835465E-013
         135  6.120572267749485E-008  2.863387506914567E-010
          28
           4  8.250841999156601E-024  3.828360691742549E-026
          12  3.607006610220544E-008  1.764376133707459E-010
          14  2.696051082047674E-012  1.262581033867222E-014
          18  6.308453856005759E-004  3.285037032684462E-006
          21  1.647104034901979E-013  7.893872164387893E-016
          25  1.455198241668009E-011  6.985805978660940E-014
          30  4.442123431124782E-007  2.140180939486171E-009
          43  6.791098265174739E-011  3.211923108792217E-013
          48  4.943631031718867E-005  2.511095395705104E-007
          53  5.240476267380136E-007  2.527180337876746E-009
          54  2.161254323720882E-008  1.116635711548315E-010
          64  7.456373073460899E-019  3.470814695392951E-021
          66  3.735421892956465E-006  1.940405609998248E-008
          77  2.783408171512774E-004  1.406674138181821E-006
          87  4.000480094682361E-008  2.058166057092220E-010
          90  1.886798165700223E-006  9.686424149974804E-009
          96  2.093561226097959E-007  1.019183832158860E-009
         100  1.137169732161127E-010  5.748801905258797E-013
         107  4.711825288597393E-006  2.335074435672846E-008
         108  1.678888960880558E-007  8.641611080850382E-010
         109  2.433996682536651E-026  1.123070034379461E-028
         116  4.123583294614855E-008  2.127843331461517E-010
         118  4.950220673400437E-005  2.443361128610276E-007
         119  1.677862148156253E-004  8.465682328810997E-007
         120  4.740624574150690E-014  2.210557960828970E-016
         125  5.672169537674494E-015  2.645599060149232E-017
         127  9.453395448923281E-005  4.693643701752145E-007
         134  9.593581409038478E-005  4.755168734186178E-007
          26
           4  6.580360325397564E-005  3.494993454325483E-007
          11  2.532090613821965E-012  1.209228475063942E-014
          12  1.055223524526749E-008  5.188154198105381E-011
          18  1.146479572856353E-005  5.976334661775928E-008
          19  2.406783591934832E-009  1.198887114381878E-011
          48  3.963442408074436E-012  1.934252587736357E-014
          54  3.216831122887411E-004  1.721706106351864E-006
          64  1.267209241676191E-006  6.367507380635380E-009
          66  2.868940956466674E-006  1.503311590466852E-008
          77  1.877961335478035E-013  9.035590731079861E-016
          79  2.578149366542364E-009  1.293912899675751E-011
          87  3.367862880496804E-003  1.802827138414878E-005
          90  1.060081574915285E-003  5.556058980891545E-006
         100  3.210048682880559E-004  1.714965295697631E-006
         106  9.541893755476157E-016  4.494404534883939E-018
         108  1.516632582286698E-006  7.931925424394953E-009
         109  6.305226128460629E-012  3.008996806244297E-014
         116  1.649728646994955E-003  8.825162197709493E-006
         118  3.836877921577143E-015  1.806582733394646E-017
         119  6.403208113730047E-008  3.200046048528153E-010
         122  1.579883971698780E-012  7.735329779273073E-015
         123  3.506805283065357E-010  1.777060900423837E-012
         124  6.377675436181422E-009  3.128332540342996E-011
         127  1.258478755379561E-011  6.060617453584474E-014
         132  3.674038898867797E-013  1.745422231534107E-015
         134  1.847534068375336E-022  8.556275397943430E-025
           7
          14  1.426155892001267E-013  6.626102081882961E-016
          30  1.193844307088412E-017  5.526290437824799E-020
          35  1.377376375169562E-019  6.352490157335443E-022
          53  4.958737735779753E-021  2.290027682118370E-023
          74  1.956624508300909E-010  9.028600382248453E-013
         120  5.012280394251068E-011  2.339472557746503E-013
         136  1.943073899120015E-020  8.980125720344746E-023
           0
          21
           4  7.161051768735043E-004  3.831102274197004E-006
           9  1.212053397571229E-007  6.119684339493276E-010
          18  2.872656259577494E-007  1.482194590053634E-009
          19  9.829007059080903E-013  4.766620835533625E-015
          21  5.918600542098422E-011  2.908346102083465E-013
          39  1.214816142220180E-006  6.188389487197605E-009
          42  7.874960821202234E-016  3.701484733843268E-018
          48  1.193129701175364E-011  5.848036370892043E-014
          54  1.951941775731801E-003  1.050365693493102E-005
          66  8.743063417930069E-005  4.629448711769872E-007
          77  1.949476744226926E-023  9.050308725305320E-026
          79  1.475574590779503E-008  7.461408946932879E-011
          83  1.145729786730325E-010  5.616146841415940E-013
          87  6.795639741258976E-005  3.615699016608018E-007
          90  5.222259876863651E-009  2.658287404773709E-011
         100  2.387472587389978E-003  1.284981523484380E-005
         108  3.261155162099566E-004  1.731523246341593E-006
         116  5.965186771627253E-004  3.191774737710708E-006
         122  4.309387918373606E-006  2.222307668668139E-008
         123  5.987114307191353E-004  3.168716553367312E-006
         131  5.972993154047791E-013  2.864519193363080E-015
           0
          14
          11  6.283732881346476E-012  2.970759490137239E-014
          12  2.327306869857890E-008  1.126609507789747E-010
          36  4.723939748612849E-007  2.209023844706999E-009
          43  4.864599480691386E-013  2.271647922531963E-015
          45  8.059790729496007E-006  3.817699699588077E-008
          64  2.274758633812857E-008  1.110710176023921E-010
          84  1.263025096051724E-006  5.977434332187647E-009
          90  6.310415291836869E-019  2.960945353669932E-021
          92  5.942640009717961E-014  2.744896394011533E-016
         102  3.233855203712359E-007  1.513660864555241E-009
         109  1.007661800917327E-005  4.879983040463094E-008
         119  4.168539522863060E-025  1.929150935042325E-027
         124  1.818068258077691E-008  8.797085065084217E-011
         132  3.829241367137791E-013  1.801304794218424E-015
           4
          16  7.798059458192202E-027  3.606477542309595E-029
          27  2.089569852235098E-028  9.667726977508349E-031
          49  1.595466599799296E-018  7.388999526170344E-021
         114  1.066152002305287E-016  4.926588226027539E-019
          20
           3  1.440094467013240E-007  6.764634618446705E-010
           6  9.331768223338494E-011  4.330482990345553E-013
           8  1.323297272880397E-008  6.142856525418763E-011
          15  1.549400145758383E-005  7.369239182592345E-008
          21  4.103076400556894E-010  1.993735602687519E-012
          25  4.463954322842122E-007  2.172939913085930E-009
          28  3.970259556665416E-016  1.832498633695339E-018
          29  1.880742132199232E-011  8.708143118704083E-014
          46  3.969008460158807E-006  1.868009053306103E-008
          48  6.399704921228876E-016  3.014852477659418E-018
          59  8.670288393307960E-007  4.141313478276666E-009
          60  1.381389317744035E-005  6.568836306163159E-008
          80  6.152640335419246E-010  2.887575497606158E-012
          89  7.526081719892577E-007  3.523240685856612E-009
          96  7.066146151124059E-012  3.336136521740717E-014
          99  4.534956419334831E-006  2.138093487844763E-008
         107  2.731377063634024E-012  1.297416983754161E-014
         115  7.543840197675661E-021  3.483665142271368E-023
         125  9.402442350477003E-007  4.497348052791443E-009
         140  1.002765995574403E-009  4.635073845744083E-012
          16
           2  1.800287089426178E-022  8.273799167633684E-025
           7  7.021328375109289E-020  3.235076595256029E-022
           8  5.008674994504972E-012  2.308166592732562E-014
          13  8.943656196507198E-012  4.116777699328266E-014
          15  1.481967333072897E-013  6.871536664020617E-016
          23  7.735694656070839E-021  3.569364506838241E-023
          29  2.156555765173328E-008  9.977168319641425E-011
          40  5.712978397776666E-019  2.631269408184691E-021
          46  1.233015072827281E-011  5.714386075520735E-014
          59  3.987772142666782E-011  1.868536995555699E-013
          60  8.485364300893627E-013  3.940381221009655E-015
          80  1.356713321531982E-009  6.345979546882921E-012
          89  1.752923185311536E-018  8.082753494007659E-021
          99  3.916314132818552E-022  1.806062205125031E-024
         115  6.323244452996793E-014  2.929965906957980E-016
         140  3.698206320571492E-012  1.700015246362229E-014
          15
           2  3.177950544990400E-021  1.463608067618815E-023
           3  1.400353557511861E-018  6.477047275857569E-021
           6  1.513416142700332E-011  7.007507313509206E-014
           8  3.587114884760849E-009  1.659736960151373E-011
          13  5.316771853478890E-013  2.452093224604428E-015
          15  5.601091367223152E-011  2.616895799731448E-013
          28  5.307396664315925E-012  2.447665908538526E-014
          29  1.548674003603687E-011  7.155929659477405E-014
          46  1.650555584675124E-009  7.692638486192082E-012
          59  2.231413823744823E-014  1.038555595242707E-016
          60  7.815961086201567E-011  3.652395551262829E-013
          80  6.540518162165327E-018  3.023223300595809E-020
          89  3.848871681399434E-010  1.787421863804209E-012
          99  3.837042222072918E-011  1.785583905277531E-013
         140  2.101343290535975E-009  9.692081172321952E-012
          12
           5  2.344092640460960E-013  1.088812728837353E-015
          23  3.345764668193387E-011  1.556556574481221E-013
          32  4.544306989649268E-022  2.098141893743190E-024
          41  2.939230583905266E-010  1.363431524658173E-012
          50  2.912270685054101E-008  1.356498899801876E-010
          68  2.672079664880068E-010  1.249190036882021E-012
          81  8.480653884400579E-014  3.908130783302159E-016
          83  7.991280972115361E-025  3.687145778631386E-027
          86  2.771909719706249E-007  1.306419046137935E-009
         115  3.766155443697328E-016  1.741294678461623E-018
         130  1.915033069173036E-012  8.848439214289538E-015
         139  1.272212647667455E-016  5.876285064463843E-019
          22
           9  4.454306089828157E-025  2.062239918920201E-027
          15  8.977615516927037E-012  4.213497532055017E-014
          21  4.827727069570217E-005  2.430924103138696E-007
          23  9.809602771263223E-010  4.610733518210602E-012
          25  3.092579380658324E-008  1.508040993719444E-010
          29  7.297365204740367E-020  3.372062768988585E-022
          39  2.839344025897261E-007  1.420125435862966E-009
          41  1.601040332883880E-010  7.476272369880853E-013
          46  7.183286550110693E-017  3.329325941470305E-019
          48  1.895199412915292E-013  9.086843455102595E-016
          50  1.486554090513633E-011  6.924379466215852E-014
          54  1.350175100432200E-026  6.246848080059858E-029
          59  1.565523765195139E-006  7.539853749337143E-009
          60  2.595765769843496E-011  1.219717651951136E-013
          66  1.156213629568004E-010  5.789087319940577E-013
          80  5.801906458692011E-007  2.764749734726632E-009
          83  4.231418714553187E-004  2.124068880961591E-006
          86  5.288817465650444E-009  2.500311509801282E-011
         108  1.813501097373328E-009  9.164147725683658E-012
         115  5.808173698231629E-006  2.785446612065094E-008
         123  3.207338258569501E-016  1.532595410598124E-018
         125  5.355274771980660E-018  2.480185617676090E-020
          23
           1  4.090656921817327E-007  1.958564821196372E-009
          19  1.501253136443272E-009  7.326424993315746E-012
          27  5.782143893296881E-012  2.682415464244020E-014
          31  8.268218212474067E-025  3.814959965873323E-027
          33  3.082172642165216E-019  1.420063391955434E-021
          38  5.708706974461078E-014  2.636873963049674E-016
          51  5.123972578289863E-021  2.359759266289359E-023
          58  5.468958569742166E-014  2.522638639384278E-016
          69  2.216485208546775E-010  1.032959454263646E-012
          71  2.135082381437332E-007  1.029657448019592E-009
          75  4.239726315720294E-008  1.970796992875517E-010
          79  1.184356012647346E-010  5.778880245994833E-013
          88  1.534445884909965E-007  7.222818500765270E-010
          93  1.461302815872694E-008  6.914396663492651E-011
          94  9.836316079004758E-007  4.654454520854978E-009
          95  1.825589320955500E-007  8.576417590752304E-010
          98  3.034425527718081E-015  1.406004726251809E-017
         104  9.143475498381749E-010  4.272372839054657E-012
         106  1.352248758098815E-007  6.568352863229176E-010
         111  9.266139383605925E-012  4.281422110340317E-014
         121  5.714829735782264E-008  2.659675952346310E-010
         126  6.593440077969341E-012  3.095736160134555E-014
         138  1.659425737245524E-010  7.680126548283069E-013
           7
          33  1.618258459281580E-018  7.466956385820838E-021
          49  2.092530337720173E-016  9.675588569615485E-019
          63  3.850002245248193E-012  1.774771950394395E-014
          65  1.055068891826496E-015  4.877391493720741E-018
          85  3.029349026522340E-016  1.395703667752827E-018
          98  3.715993585059564E-024  1.718155276560135E-026
         114  4.005544807547481E-015  1.848005078082849E-017
          13
          31  5.456390560187375E-013  2.523283923540276E-015
          38  3.985651004941109E-013  1.844365250939642E-015
          58  1.336459735993037E-013  6.174117267245667E-016
          69  1.592771298518570E-016  7.359395888176988E-019
          75  4.763552121452838E-011  2.205734603685573E-013
          93  1.070017640604807E-024  4.953062404366806E-027
          94  9.442080060654022E-016  4.366453591602608E-018
          95  2.537207845242554E-013  1.175829672750304E-015
         104  2.255413993419713E-016  1.042325377182675E-018
         111  2.340636254324690E-011  1.082551537114970E-013
         112  4.130927112816960E-013  1.911894008812617E-015
         117  3.244307202094436E-013  1.497805130470833E-015
         121  8.963451076456660E-011  4.154397423169652E-013
          10
           5  4.163436953970510E-013  1.938171897640080E-015
          23  8.751485731014898E-014  4.061856336469650E-016
          32  1.425621308989263E-017  6.592672644183401E-020
          41  2.860835958187514E-012  1.324385051429601E-014
          50  1.823440211839284E-009  8.482508929186511E-012
          68  2.921523505907969E-010  1.368012505031619E-012
          81  9.609611687412587E-015  4.434500555642931E-017
          86  2.507720179746109E-008  1.179949597019972E-010
         130  2.287358381510501E-014  1.057656378021528E-016
         139  3.205139730843794E-014  1.482924703557478E-016
