         140
  0.198788966489128     
  0.201370167601172     
  0.199289603782123     
  0.199696951518227     
  0.199396309320413     
  0.199344139226675     
  0.200322937522920     
  0.200288224006598     
  0.199528284089857     
  0.199718512039302     
  0.199072122213792     
  0.200299910511391     
  0.200066535067245     
  0.199828151802693     
  0.199496206064218     
  0.199318250661830     
  0.198068339779874     
  0.198857824539062     
  0.199055665654633     
  0.200620333921723     
  0.199445374893008     
  0.199676718145275     
  0.198875504504838     
  0.198637355801444     
  0.199465845916405     
  0.198528471599484     
  0.199172048239889     
  0.198646860815026     
  0.199810431595654     
  0.200195872885069     
  0.199527568383610     
  0.199200474107487     
  0.199153020668811     
  0.199841367774334     
  0.200676343735368     
  0.199327034090652     
  0.198469443860432     
  0.199674615676518     
  0.200913864773110     
  0.198815534035206     
  0.199121600450252     
  0.201437207664894     
  0.200164595645693     
  0.199151127681334     
  0.199097146004991     
  0.199102718405504     
  0.199928221161582     
  0.198654853985699     
  0.199806013454899     
  0.199942509021156     
  0.199790512033048     
  0.198650430308993     
  0.200938865999354     
  0.198416099000671     
  0.199814313632657     
  0.199971435871201     
  0.199453241736259     
  0.199683199729519     
  0.198869850301125     
  0.199287678109764     
  0.198927052305493     
  0.199057553354114     
  0.199766996973509     
  0.199205586256269     
  0.200346559653006     
  0.199411138191912     
  0.199755699696952     
  0.199048432491244     
  0.199695563293494     
  0.199851214188107     
  0.199968686791912     
  0.200161776028103     
  0.199642387646931     
  0.199818307853262     
  0.200144735846409     
  0.199171377681962     
  0.199243604490281     
  0.199355931505308     
  0.198891974383255     
  0.199326057825018     
  0.199706998144498     
  0.199803682163922     
  0.199715251292096     
  0.198725810306913     
  0.200803344271154     
  0.199689341204103     
  0.199672531626775     
  0.199468624435986     
  0.199771476824977     
  0.200641221923179     
  0.199901132247717     
  0.199386237121161     
  0.198714206070037     
  0.198972579282959     
  0.200281428769948     
  0.199457208978567     
  0.199469622193993     
  0.198754443504965     
  0.199150025635614     
  0.199268690436814     
  0.199383198284866     
  0.199919968854805     
  0.200557523728580     
  0.200070772512963     
  0.198592574940715     
  0.199929996987912     
  0.200717619767143     
  0.199642894431283     
  0.199479417947151     
  0.198509373180719     
  0.198773558130338     
  0.199472976928494     
  0.200700730713189     
  0.199116251401702     
  0.200267816930964     
  0.199182643154055     
  0.198601054805160     
  0.199771336290854     
  0.198131188056745     
  0.199976902734572     
  0.199846975426713     
  0.200197608912632     
  0.198715503476183     
  0.199061398960060     
  0.200870750696320     
  0.200643576277827     
  0.200426697203251     
  0.199547675176084     
  0.198451807694628     
  0.199740221648471     
  0.198945780709488     
  0.199806328953371     
  0.199459243742981     
  0.198706792746415     
  0.199494169832924     
  0.199337864233528     
  0.199924187042764     
  0.201442337346894     
  0.199472994610640     
  0.201008563218833     
