         122         111
          11
           9  4.103524541060642E-007  1.915686376908820E-009
          13  1.354387215135660E-008  6.339267679899628E-011
          21  5.348391615744618E-008  2.581948705206327E-010
          22  1.351477775095745E-005  6.462720907717221E-008
          36  1.098236474757831E-009  5.101569423076933E-012
          43  3.753031169455378E-017  1.735375774515980E-019
          75  2.209535550241925E-008  1.029258975043476E-010
          98  4.683774826685063E-008  2.223796659031319E-010
         112  6.072885143935922E-014  2.803871822424364E-016
         113  4.840908100632991E-028  2.238722573875983E-030
         114  1.974092789673842E-011  9.150402638421228E-014
          21
           2  6.403784793186143E-024  2.949310981967832E-026
          11  5.889696808642190E-006  2.959812968186063E-008
          14  8.948218201211029E-010  4.275972684887121E-012
          18  3.295621536340156E-011  1.620783850787329E-013
          27  2.103352693962928E-005  1.014944050228427E-007
          41  5.717995248972011E-008  2.874756470134270E-010
          53  3.159240751952159E-015  1.455417200609105E-017
          54  1.429637069798011E-011  6.634976976935495E-014
          56  7.820143804810387E-019  3.604733162113456E-021
          73  6.487615208951131E-017  3.059698180126759E-019
          80  2.839515062031889E-008  1.354526256864223E-010
          82  4.247072445530580E-017  2.000012774498391E-019
          84  2.874567452843190E-013  1.326139458595379E-015
          87  2.171822760608096E-017  1.013217154839237E-019
          94  3.512693816402472E-020  1.623001752385401E-022
         103  3.541069538648734E-010  1.648274121694809E-012
         107  3.354155504769948E-010  1.671097355005801E-012
         117  1.425598021907770E-014  6.578847839560089E-017
         118  5.525035774470486E-005  2.650317592127547E-007
         121  8.969796491391551E-009  4.196753805174951E-011
         122  7.953453096423815E-007  3.826939588920896E-009
          22
           2  2.542526375350291E-007  1.220357270452802E-009
           3  9.623720446189209E-019  4.527201408512849E-021
          11  1.374230573420162E-004  6.997214139769502E-007
          14  7.963052889942500E-005  3.917754094585229E-007
          15  1.403000445075267E-012  6.546772026350893E-015
          18  4.194551841043580E-004  2.173297966871317E-006
          26  7.911544476329421E-008  4.082927168762068E-010
          27  1.577966781427607E-006  7.636962582344985E-009
          30  2.447230600779849E-023  1.129970067885181E-025
          41  9.318359483869675E-006  4.781362758996479E-008
          73  1.357350208853124E-004  6.994555593026458E-007
          82  1.228745504058891E-004  6.331427230505981E-007
          87  1.163064640906975E-004  5.849572481385991E-007
          93  1.667817997794075E-019  7.835353580237148E-022
          97  1.695010506435482E-021  7.888420718631163E-024
         103  4.252837517962304E-017  1.964802493755853E-019
         104  2.176346397839422E-009  1.041584275208332E-011
         107  2.241397910676248E-005  1.162840166228377E-007
         109  7.974680641071210E-014  3.907881758915675E-016
         110  4.708379593925182E-009  2.403980226806366E-011
         118  4.665296707401558E-010  2.210576781222970E-012
         122  9.124498322339281E-025  4.218948870235781E-027
          20
           3  3.798960957716227E-018  1.794538235919336E-020
          11  7.503758063633958E-005  3.808376572840503E-007
          14  2.053719820372058E-010  9.825789585164038E-013
          18  3.640839454544412E-009  1.825342032285233E-011
          26  4.090374819170797E-023  1.901995643737632E-025
          27  4.257381501129277E-006  2.061180642744030E-008
          41  5.222119406748534E-006  2.669842134920458E-008
          54  3.537890267706869E-017  1.639693651121508E-019
          56  5.810617140811298E-018  2.687470981178793E-020
          73  5.278384687007646E-013  2.563638692130277E-015
          80  3.800810997432176E-007  1.828673187804488E-009
          82  5.268621264661101E-013  2.557032935040110E-015
          84  1.183523236076429E-023  5.459464097575251E-026
          87  1.201931271890039E-015  5.665959416089257E-018
         103  6.398326628822394E-014  2.968768247647898E-016
         107  1.187644427372153E-007  6.059358475490769E-010
         117  3.366062442688201E-014  1.559475697622345E-016
         118  1.365737327693125E-005  6.572035852063556E-008
         121  7.113140276735430E-011  3.327638911576187E-013
         122  5.834704200286929E-006  2.826626373792994E-008
          11
           9  1.348706152994309E-007  6.291962715006797E-010
          13  6.266173711614866E-010  2.923542597632505E-012
          21  7.859529192758431E-007  3.809007017734685E-009
          22  9.789455632846886E-006  4.679726116823696E-008
          36  9.412410224571365E-011  4.367261723115417E-013
          43  2.980311255269196E-030  1.377159047398488E-032
          61  1.039187168898367E-018  4.855745141220959E-021
          75  5.087544396548447E-008  2.370496510066844E-010
          98  6.229153882038267E-009  2.946785669916678E-011
         112  7.685765174934990E-019  3.543679933068177E-021
         114  5.575654479000167E-010  2.587958864394338E-012
          10
           1  6.817947394338086E-022  3.147672481033835E-024
           5  5.831952712370446E-031  2.681855411794720E-033
          12  1.920792910001150E-009  9.104121706681638E-012
          17  2.086804926807838E-012  9.643994844953340E-015
          24  1.076148161857671E-016  4.955884080708675E-019
          35  4.565234942947659E-009  2.131273233899824E-011
          55  6.070758369264092E-010  2.851019155028720E-012
          58  3.681203992409611E-014  1.699795372220166E-016
          62  2.219566247589516E-007  1.039013417908272E-009
          71  4.552547186751801E-009  2.122301211145368E-011
          21
           3  1.412542779265804E-007  7.231048847205407E-010
          11  2.843555239952269E-004  1.453376484313858E-006
          12  6.414797824095573E-012  3.033035391492788E-014
          14  2.438444668051095E-016  1.136349642199056E-018
          18  6.559648187170344E-008  3.322619158864053E-010
          26  7.485649051176650E-011  3.769735844196339E-013
          27  8.179447237171811E-010  3.903978909684190E-012
          38  6.708385464702248E-010  3.326591483686451E-012
          41  3.565704984360768E-004  1.843643218503727E-006
          73  4.053805702870098E-011  1.999842629497528E-013
          80  9.118134053690318E-007  4.403250513087883E-009
          82  5.784727727511725E-011  2.857341996453070E-013
          87  4.182295502028367E-019  1.945215818148245E-021
          93  2.018308778383756E-009  1.024839930360610E-011
         100  1.067559188362464E-015  5.153339604460650E-018
         107  2.529320840886113E-005  1.313287536282262E-007
         109  3.840090523682108E-009  1.961294373311034E-011
         110  6.901779935828042E-014  3.375584300178295E-016
         117  5.469065955131426E-019  2.522803888335289E-021
         118  6.975222079166450E-009  3.322659265035684E-011
         122  6.801108412557733E-006  3.305601928875909E-008
           3
          39  2.154195170365334E-025  9.923168697593130E-028
          48  8.371131513871184E-017  3.864752134326561E-019
          64  1.386341988131323E-016  6.407077308101999E-019
           9
          37  1.091189455711212E-013  5.044541734084856E-016
          46  4.817115685812020E-009  2.232281422935512E-011
          49  9.907034046749862E-018  4.586002299812996E-020
          68  1.631264662752187E-016  7.543433163240937E-019
          69  4.365218460172451E-014  2.016723760966113E-016
          70  3.933335977042945E-015  1.821784080263024E-017
          91  5.768434252667516E-011  2.678169886341038E-013
         101  1.932817550560588E-009  8.980054624445373E-012
         106  1.609092417200739E-017  7.421756305270395E-020
          21
           2  2.298648994202345E-006  1.111427874110378E-008
          11  2.522182139484656E-006  1.278585170612726E-008
          14  7.837317617802551E-005  3.865838319434353E-007
          15  3.513099811566083E-009  1.663445242776420E-011
          18  4.281351154289337E-004  2.222926290418908E-006
          26  2.299081397201521E-007  1.193969130967837E-009
          27  5.033560756514791E-009  2.416750791862951E-011
          30  2.485381237419292E-012  1.163743222244114E-014
          41  1.124909896449479E-007  5.712570817210965E-010
          59  7.254451822377210E-029  3.366445452664517E-031
          67  6.286267441179075E-030  2.913256613058057E-032
          73  5.751603539126825E-004  2.977615064382143E-006
          82  5.064451333813435E-004  2.620554122786580E-006
          87  9.938949085529667E-004  5.026041896466006E-006
          97  8.205396072284014E-015  3.979212018956126E-017
          98  4.030987725519989E-016  1.877178389476071E-018
         104  2.070278550465192E-006  1.006696961516698E-008
         107  2.116490072924530E-006  1.093960079360113E-008
         109  1.477678396975092E-016  7.098661645350506E-019
         110  4.170046018412715E-008  2.151069035222214E-010
         118  3.049611859611176E-019  1.414845675567666E-021
           1
         115  6.534188045340195E-028  3.010318291868969E-030
           2
          32  3.563890064762716E-016  1.643627709519731E-018
          56  1.386769953916032E-023  6.393972087388499E-026
           2
          20  4.659795019972710E-030  2.143172499069376E-032
          81  5.025825006560736E-027  2.316234175133892E-029
           3
          44  6.363452528349821E-019  2.932320839902658E-021
         112  7.810457496107171E-025  3.602568260807541E-027
         113  3.174298489607603E-019  1.467931934665771E-021
           5
          56  1.933306466633136E-017  8.924081333303002E-020
          74  2.504864078369221E-013  1.156097784282425E-015
          94  7.544744189030925E-015  3.491536824310454E-017
          99  2.660887547119609E-013  1.230082282396714E-015
         117  1.684349155291253E-017  7.765606250627846E-020
           5
          54  4.712298026746880E-015  2.178809877338947E-017
          76  3.736783524954363E-014  1.723505846615559E-016
          84  1.887413013299435E-015  8.693754886419270E-018
          94  1.020321624212338E-022  4.719058385419760E-025
         121  6.904137907716009E-015  3.198849102340082E-017
           0
           8
          20  1.922608643454537E-022  8.870057802277585E-025
          50  1.009461655551346E-017  4.666141345033548E-020
          51  1.691357752578401E-023  7.815368551846169E-026
          81  4.152765763869008E-018  1.919783828494279E-020
          85  5.364941362917022E-013  2.485980722368585E-015
         114  4.331966337129682E-016  2.003036010892085E-018
         115  3.729052971170720E-022  1.723193604805164E-024
         119  3.115119531090761E-012  1.443766711839057E-014
           6
           7  8.318604746284537E-023  3.837815156659443E-025
          20  1.353818764448785E-014  6.238267452658280E-017
          81  9.514340957889396E-016  4.393005471231262E-018
          85  8.022541022346164E-016  3.707925705833626E-018
         115  4.532036964380040E-014  2.091729932349180E-016
         119  2.352467154685996E-017  1.086432748660637E-019
          15
           2  1.232812237688410E-019  5.677844107963735E-022
           8  1.306555799219535E-008  6.065071385203328E-011
          13  4.042480355277518E-010  1.878424351905226E-012
          15  2.876870566196527E-010  1.341119271650401E-012
          22  3.964836580825616E-023  1.830720081564448E-025
          29  1.313633296023131E-007  6.125167258115990E-010
          30  1.209474618302250E-008  5.655465846197855E-011
          33  2.829596874993747E-010  1.305240121611314E-012
          43  2.893464562310070E-022  1.334155458327350E-024
          44  3.073580522195472E-012  1.413109961278672E-014
          67  2.655333996572336E-007  1.241224826567031E-009
          98  1.007623514656420E-009  4.736872475686082E-012
         104  2.459843825594215E-010  1.160259391063640E-012
         112  1.714573525390635E-012  7.895645795632048E-015
         113  5.260027292775743E-008  2.441762933729678E-010
          17
           2  7.026381444736291E-006  3.364686339168209E-008
           8  2.599533631761482E-008  1.211411545120401E-010
          13  2.939769957794423E-013  1.362302036914014E-015
          14  2.616553953944172E-007  1.262897757797024E-009
          15  1.972343358540112E-005  9.356844597907308E-008
          18  1.928042637200476E-012  9.376481244168213E-015
          22  3.903849366832486E-017  1.807222942604676E-019
          29  1.078355460346974E-007  5.046690801200835E-010
          30  7.730480618481273E-006  3.654113104948201E-008
          33  4.590196740077968E-009  2.127057608051271E-011
          67  5.339249235060497E-007  2.507738337632090E-009
          73  6.265893205777254E-010  3.096462393492375E-012
          82  3.013641707915569E-010  1.486552413605481E-012
          87  3.720977907503310E-006  1.841096609562920E-008
          98  8.978647251927701E-008  4.262838581802163E-010
         104  1.137709523114995E-004  5.509579330367644E-007
         113  7.834331931349699E-012  3.629951591976682E-014
          23
           2  2.195474325056760E-019  1.017835864451801E-021
           3  3.877361550860635E-017  1.848976917969694E-019
          11  2.377172565747258E-011  1.168245017751887E-013
          14  6.379389168410979E-013  3.032638984673478E-015
          18  4.039738338137182E-005  2.101225383638154E-007
          21  5.472457849073842E-010  2.650777017671362E-012
          22  1.689376973747609E-014  7.924227371849834E-017
          26  1.708812941393717E-004  9.074736881644403E-007
          41  2.164776507906782E-010  1.083026217669645E-012
          59  4.854894149195966E-006  2.545332867771874E-008
          61  4.448178995383872E-006  2.274842970958639E-008
          73  3.234253994042605E-004  1.682944144675067E-006
          82  3.508192666577468E-004  1.827226249064763E-006
          87  6.179054642289039E-006  3.115446148967934E-008
          90  3.882111211732891E-019  1.829287657021046E-021
          93  3.352460874201982E-012  1.673831386155911E-014
          97  3.359226032627821E-005  1.769200049897158E-007
          98  1.889015944917096E-012  8.917787894575067E-015
         100  7.555652686769889E-012  3.791174984604772E-014
         104  1.892734929194767E-009  9.121012289424578E-012
         107  3.773553316812488E-007  1.951729882853039E-009
         109  2.430943761219981E-009  1.249951928431247E-011
         110  2.744922946310962E-004  1.458863984972410E-006
          18
           6  3.150293110673758E-004  1.592280132102715E-006
          16  4.748409575329091E-009  2.303255446595869E-011
          19  5.335646979668254E-005  2.594917587089069E-007
          21  7.001922771127848E-012  3.333064895541470E-014
          28  7.804882333227733E-004  3.924544839153719E-006
          42  6.025320491049436E-004  3.004799742040364E-006
          52  3.614731853519892E-005  1.753142131856024E-007
          59  7.478331461352626E-007  3.867743211268085E-009
          61  5.680103608796248E-006  2.881264311652197E-008
          64  1.275913373877524E-008  6.058907494063575E-011
          79  2.284278795144287E-016  1.057296162171685E-018
          90  1.632232527903966E-008  8.246199118400709E-011
          95  7.147809801012151E-006  3.473129639691417E-008
          97  2.479493122730113E-008  1.267501616300900E-010
         100  3.476068940371302E-022  1.621310089903763E-024
         105  1.726671854491221E-015  8.154025664379454E-018
         110  3.863873490842736E-017  1.841973126890410E-019
         120  3.121358654691649E-009  1.473684687099897E-011
          18
           3  4.710773338182278E-015  2.260334360325197E-017
           5  2.750249647582358E-006  1.303614790514448E-008
          10  9.295735053459744E-009  4.340159270477050E-011
          12  2.389604870636695E-022  1.102330747753297E-024
          35  8.980754598745644E-013  4.167072412553043E-015
          38  1.245438117425328E-008  6.189861593677272E-011
          49  4.459326267772585E-009  2.126782585722129E-011
          55  3.363306762189646E-009  1.588881539401251E-011
          60  4.358147210157197E-008  2.152207375374309E-010
          70  4.564493765904145E-010  2.131077618562441E-012
          71  6.585792216606683E-017  3.044275335009309E-019
          78  1.356186262781305E-005  6.767998742899373E-008
          91  9.850254133060500E-013  4.568229880980923E-015
          93  9.695050442381598E-018  4.590629856723596E-020
          96  1.701587617814612E-004  8.281990811625981E-007
         100  6.220964715217896E-018  2.949170466305994E-020
         105  2.173366691503005E-012  1.041097232556109E-014
         116  3.306600056795310E-005  1.644848490745454E-007
          21
           3  1.745507888737036E-007  9.031203249324824E-010
           6  1.032285247276195E-030  4.760799714224442E-033
          11  7.820807982374832E-007  3.980848213302402E-009
          14  7.429595902684491E-013  3.528960709181059E-015
          18  4.655738348844751E-004  2.435517738184421E-006
          26  3.239160689443708E-003  1.734247876591640E-005
          38  9.433702064364239E-014  4.560140412413683E-016
          41  8.706795595476126E-006  4.513671511254078E-008
          59  1.705930148801235E-005  8.994115010128492E-008
          61  7.202278254234523E-008  3.650795857133351E-010
          73  5.515782362999062E-004  2.879321459660489E-006
          82  6.657913901907228E-004  3.478872304776907E-006
          87  9.878796067230835E-007  4.960153742044742E-009
          90  5.505960032108921E-011  2.751408468876930E-013
          93  2.416168567528976E-006  1.268793442294913E-008
          97  1.413776459864083E-004  7.491706295951637E-007
         100  1.054671703625636E-006  5.539767221021730E-009
         104  1.038600162263984E-015  4.847942692305557E-018
         107  2.756087017039086E-004  1.452721832182800E-006
         109  3.352801199470627E-005  1.777332464200309E-007
         110  2.618533121271385E-003  1.400688496711075E-005
           5
           9  3.932339527541524E-029  1.814999760985777E-031
          51  1.092441343287107E-013  5.040743374661934E-016
          63  3.098099023693332E-017  1.432683273211009E-019
          75  3.352486706984146E-012  1.552139542492537E-014
         114  1.581370042229077E-012  7.311146580726021E-015
          14
           1  2.953523849088616E-016  1.369208693718763E-018
           3  1.111050572200904E-017  5.263689537263715E-020
           5  3.322712862219971E-005  1.583012468925345E-007
          10  3.118805897384942E-011  1.454262812561152E-013
          12  3.223747754196278E-009  1.538418141115337E-011
          35  6.828221547432405E-007  3.225368246912965E-009
          38  4.603792542458327E-009  2.286762815674511E-011
          55  1.233763214731912E-005  5.913810636874922E-008
          60  6.595570438716013E-019  3.080636268141451E-021
          62  5.978586486239436E-010  2.802007803987572E-012
          71  5.269988961664829E-008  2.478989557757796E-010
          78  5.375912859455064E-009  2.640623459934407E-011
          96  3.870686670551146E-005  1.883493228855466E-007
         116  3.156432222899665E-006  1.566713534219694E-008
          20
           2  5.588444135026170E-011  2.631649815445931E-013
           8  1.350307876568161E-011  6.274553941662053E-014
           9  1.390560554229083E-013  6.438008422950200E-016
          13  2.015187773704355E-007  9.469451594522264E-010
          14  5.914090697838186E-015  2.764577549160187E-017
          15  1.391596950929935E-008  6.556082669867631E-011
          18  2.037387263168599E-018  9.575928236941119E-021
          21  1.217600988485757E-016  5.675215329669047E-019
          22  3.980561532150873E-007  1.898647734780665E-009
          29  4.661181694305666E-009  2.180903408528497E-011
          30  2.856757621610797E-008  1.344752652267978E-010
          33  1.332153066347559E-015  6.142019576804188E-018
          67  1.262686839391362E-007  5.934747416046903E-010
          73  1.328230544176089E-011  6.498114986814242E-014
          82  6.409583738005881E-012  3.128907594387513E-014
          87  3.374826163420352E-008  1.657814089567646E-010
          98  5.301850038039345E-005  2.546182784768602E-007
         104  1.769736693389211E-005  8.563099500286724E-008
         112  1.821405012782375E-013  8.416702148505328E-016
         113  1.892521902115478E-009  8.816299883010744E-012
          13
           5  1.792363929178834E-011  8.343060975112884E-014
          12  3.145779719905735E-005  1.518235640176710E-007
          17  1.925962761036400E-024  8.895446635529308E-027
          32  1.417569697826685E-025  6.535933999180130E-028
          35  5.954810066462745E-007  2.799366047140879E-009
          38  1.391007181264038E-013  6.667378668609584E-016
          55  3.837875354448074E-006  1.828360548184659E-008
          62  2.944963811204087E-006  1.384644814951079E-008
          71  1.000171345975466E-007  4.684420105853760E-010
          80  3.712148298416486E-015  1.727543842993438E-017
          96  6.699813420921296E-015  3.121308295672306E-017
         116  1.687547145862731E-014  7.962082584555070E-017
         122  9.663782010691868E-021  4.468823472423772E-023
          20
           2  1.943942798092258E-005  9.350105294981124E-008
          11  9.802874873628027E-010  4.824502032576168E-012
          14  1.304293968675193E-004  6.375813557760816E-007
          15  2.802500459209421E-008  1.322258888162399E-010
          18  2.897254414813712E-009  1.446566403403205E-011
          27  6.319442962714857E-006  3.048927828154527E-008
          30  2.475960858203791E-011  1.156560541615874E-013
          33  2.531000790413088E-019  1.165948706564921E-021
          34  1.731948411687402E-022  7.996231630547048E-025
          41  2.214749179252846E-016  1.050390901957788E-018
          53  3.779945272376161E-010  1.754653594244439E-012
          54  6.021908501357975E-016  2.788179823136982E-018
          73  7.402339613601652E-010  3.670175994174481E-012
          82  3.993609019452721E-010  1.975496538002199E-012
          84  5.880099536101457E-017  2.711618059790480E-019
          87  9.816308912982591E-007  4.855814930882044E-009
         103  1.297337673058590E-008  6.067962880749783E-011
         104  2.634206560254369E-009  1.254828278433445E-011
         107  6.384666185173843E-016  3.051426079783611E-018
         118  6.920934244339518E-010  3.269711574793165E-012
           8
           4  2.139203399836302E-020  9.862366249349314E-023
          37  5.080308114995133E-013  2.347545575804107E-015
          46  4.867550003267642E-012  2.249039562824715E-014
          68  2.542226689565769E-015  1.175227475746758E-017
          69  6.634355508764128E-014  3.063617311426031E-016
          91  1.964143092196906E-026  9.068342432759150E-029
         101  1.436119603581764E-011  6.652493019167875E-014
         106  2.797325984662546E-016  1.289656341585975E-018
          11
          10  9.940178157647919E-012  4.612169905578795E-014
          46  6.363783446675656E-009  2.954202133133466E-011
          49  3.174848098142165E-006  1.529283456493021E-008
          60  1.351845606266324E-010  6.559333341449508E-013
          70  6.496227629401583E-007  3.046871036017744E-009
          78  5.066982939565351E-011  2.447501448955778E-013
          91  2.207411114765526E-006  1.035334347885990E-008
          96  8.914068094246195E-013  4.185036552247629E-015
         101  1.646239652889748E-009  7.659113393057804E-012
         105  8.126126999101839E-012  3.901803283138079E-014
         116  1.323195328310231E-018  6.147809840613751E-021
          20
           3  6.797164577613095E-007  3.488441157186842E-009
          11  2.437693666785596E-008  1.214643961670647E-010
          12  1.201578386554135E-005  5.834330407977879E-008
          18  1.189946757641169E-025  5.503312364196915E-028
          26  2.905581991520927E-030  1.340100562133941E-032
          32  9.548332660227219E-022  4.406028857904333E-024
          35  1.192787246265090E-019  5.503273731493292E-022
          38  1.073000150970115E-006  5.427518851275792E-009
          41  9.420142749381627E-007  4.794494150785958E-009
          55  9.301104286395338E-011  4.382165840423158E-013
          56  3.421376302513908E-022  1.578553419666313E-024
          62  1.863872945504032E-015  8.638283140046814E-018
          80  1.323880191883944E-006  6.382907651125164E-009
          93  2.725451460564674E-009  1.384752068803612E-011
         100  2.592980175060055E-015  1.253819067167107E-017
         107  4.722308823710817E-009  2.388870605641094E-011
         109  3.129864934801731E-010  1.580322910397683E-012
         116  3.353602329026239E-011  1.619521599665556E-013
         117  3.441203086883524E-018  1.587328488481399E-020
         122  1.461208345324200E-006  7.070541566217489E-009
           2
          34  6.320154269182513E-019  2.911128371645371E-021
         108  8.366301970908637E-028  3.861441031216850E-030
          23
           2  2.384766370429561E-008  1.143715222397779E-010
           3  1.689686159664036E-020  7.896705927099821E-023
          11  4.564842624670771E-007  2.305368074673844E-009
          14  2.061886138684397E-006  1.010761168750015E-008
          15  1.551583020410428E-011  7.284528019775658E-014
          18  7.904827836185033E-004  4.108685431161099E-006
          26  1.763736496028476E-005  9.273689411160094E-008
          27  4.524988815900723E-014  2.124489412030401E-016
          30  7.764679522581156E-016  3.606524634979525E-018
          41  1.098245905376092E-007  5.597295552781958E-010
          59  3.137780628251037E-011  1.574022195725616E-013
          61  7.001143872208052E-013  3.395954957992838E-015
          73  1.904896660203782E-003  9.910239050079124E-006
          82  1.822488606780810E-003  9.479150229550625E-006
          87  6.765834045540280E-004  3.424293627923309E-006
          93  7.997382979604941E-016  3.855195743025281E-018
          97  6.540216492924775E-009  3.345856372061157E-011
          98  6.872103386738588E-013  3.227547146817381E-015
         100  7.208756423919491E-021  3.378945801739093E-023
         104  1.050410904556102E-006  5.107141777645846E-009
         107  6.644337385663310E-006  3.448962338453343E-008
         109  1.859977797004596E-011  9.338853778235456E-014
         110  8.709107555826891E-006  4.572166049170899E-008
          10
           1  3.120071763387049E-018  1.444489886471005E-020
           5  1.254618181957883E-019  5.787023009389863E-022
          12  4.334479408101939E-009  2.061940085627020E-011
          17  8.924276253372329E-013  4.135728092264201E-015
          24  8.981391531987363E-019  4.147617217746671E-021
          35  1.948702037068799E-008  9.136130276862334E-011
          55  3.536289703600068E-009  1.669514034780749E-011
          58  2.526686479049194E-014  1.169958180205608E-016
          62  4.254705382490322E-007  1.998310259864051E-009
          71  1.774371611754887E-008  8.306429726236252E-011
          17
           2  8.227772652702875E-007  3.947557883932953E-009
           8  9.158886531639930E-010  4.276503196494071E-012
          13  1.398740633589816E-010  6.541970998875950E-013
          14  4.128761536580756E-008  1.996144896879927E-010
          15  3.170079568355368E-006  1.507275505079923E-008
          18  1.348185347286870E-010  6.674171412314781E-013
          22  7.880329843566408E-011  3.718390733898853E-013
          29  1.973112258779315E-008  9.260492352684020E-011
          30  1.375499266536946E-006  6.516662225341193E-009
          33  2.292606349458139E-011  1.063191049128914E-013
          67  2.437817484676260E-007  1.149238095856817E-009
          73  2.844758999678791E-008  1.428708058939071E-010
          82  1.728374071052834E-008  8.666824244710661E-011
          87  1.138497123474122E-005  5.667636135014748E-008
          98  2.974447824924623E-006  1.424927163426395E-008
         104  2.015552513629466E-004  9.804979938407560E-007
         113  1.824537232854484E-011  8.492907662582676E-014
           6
           8  1.135219511774995E-021  5.239973703044614E-024
          29  3.960585878363197E-017  1.830926671636504E-019
          44  3.302907396725558E-014  1.519524401953957E-016
          67  9.624542299798353E-018  4.446215215777790E-020
         112  7.103644266815884E-022  3.271212155306747E-024
         113  9.573929960285192E-014  4.423805613231895E-016
          13
           6  2.631557066000623E-009  1.282621101701175E-011
           7  1.030154902864113E-029  4.737070354034671E-032
          19  5.641415833755436E-005  2.716154074424016E-007
          21  4.485119837912118E-016  2.086601886149377E-018
          28  1.757540793138246E-007  8.614247433395950E-010
          42  1.462149634532586E-006  7.143325438506838E-009
          52  2.922646111668461E-005  1.402558093707115E-007
          61  1.445040919146283E-012  6.954083693607693E-015
          64  1.410780319087174E-010  6.602560155474585E-013
          85  8.542279863079540E-011  3.958010234116627E-013
          95  2.266151827092833E-008  1.080381932277036E-010
         119  3.847037056496010E-012  1.778092622576843E-014
         120  3.014225066650261E-006  1.424996150488635E-008
           8
           9  3.547201292603080E-012  1.645940448619171E-014
          21  1.465374638884732E-025  6.798782903946329E-028
          22  1.908150284664607E-016  8.878284367508522E-019
          36  8.734050462487249E-015  4.053132353684104E-017
          51  1.248693795220427E-012  5.778996858338926E-015
          63  3.764148268518423E-016  1.745710888461153E-018
          75  8.520526895110839E-009  3.968465109094268E-011
         114  1.589322977279001E-009  7.389210704650094E-012
          15
           6  4.390123948340809E-016  2.070821374137302E-018
           7  1.525822848748118E-016  7.064675542370101E-019
          19  2.947243214047942E-006  1.419706008588089E-008
          20  4.787734309144099E-020  2.213653944605804E-022
          21  1.766685077279622E-016  8.261972978943594E-019
          28  2.667768924857915E-011  1.285128370226562E-013
          42  1.262138356786489E-009  6.107358458906807E-012
          52  6.718092208014067E-007  3.223958709744902E-009
          61  3.903554641349512E-019  1.827435944487372E-021
          64  4.650761848778242E-019  2.155405614783351E-021
          85  1.629169166044261E-008  7.617648523431933E-011
          95  2.297947328188893E-013  1.078809429160404E-015
         115  8.873080189812345E-016  4.110253895780380E-018
         119  2.607365401175104E-009  1.216874181561043E-011
         120  6.391291244695787E-006  3.037876328148495E-008
          20
           3  8.530368304919093E-008  4.349954965094641E-010
          11  5.305146730630459E-007  2.664415449930336E-009
          12  1.042369273507362E-006  5.038536493295501E-009
          18  7.615579749650262E-017  3.611448233140567E-019
          26  9.574304107594447E-026  4.425679719089659E-028
          27  1.321416302119192E-028  6.110401178813306E-031
          32  1.533368885753879E-017  7.085117137517543E-020
          38  3.331656468459862E-008  1.669292213591942E-010
          41  3.904839395159490E-006  1.993803177281760E-008
          55  1.653315989509496E-015  7.673267042037840E-018
          56  2.650596488110478E-015  1.226575517447632E-017
          80  1.031302977328117E-005  4.985126864971357E-008
          93  1.515591935324800E-010  7.613698919919951E-013
         100  2.115688407952222E-020  9.928983832011870E-023
         107  2.534659802807671E-008  1.287283214858293E-010
         109  2.986864445043726E-011  1.494900317865231E-013
         116  1.353993669806513E-016  6.344286703542420E-019
         117  1.780557743038771E-013  8.250351215733421E-016
         118  5.080625587367922E-014  2.371560482191535E-016
         122  1.645706276192908E-005  7.993500847158886E-008
          10
          12  9.543848100227307E-017  4.424023359791322E-019
          24  4.470585566296594E-021  2.059297743418072E-023
          32  2.074468152394584E-007  9.643230352997593E-010
          56  1.512488262767655E-007  7.043867689528138E-010
          74  2.706703997496034E-011  1.250260731778005E-013
          80  9.617168921497437E-008  4.576960731553078E-010
          94  6.854456696294157E-021  3.169816813326779E-023
          99  1.183643701842599E-013  5.469500162309023E-016
         117  1.440805164062659E-007  6.710586760268015E-010
         122  1.101171698004208E-008  5.239883482736730E-011
           0
          10
           1  1.269724507171913E-016  5.858929883102672E-019
           5  5.328528146418448E-019  2.449952234038874E-021
          12  1.138053703712157E-009  5.385723299514700E-012
          17  7.963310700353822E-013  3.677942615166359E-015
          24  7.324867837005918E-021  3.371275222888055E-023
          35  1.942237847934935E-008  9.075808579686518E-011
          55  2.444881397173691E-009  1.149274704849864E-011
          58  5.048681922641862E-014  2.329957190422600E-016
          62  3.215663324541453E-007  1.504715565997462E-009
          71  2.067389747023210E-008  9.647191025003806E-011
          18
           2  1.712928996185998E-006  8.218486271094851E-009
           8  7.265254981977742E-010  3.388616666789388E-012
          13  2.472311758896204E-011  1.152974625015035E-013
          14  1.371734780569467E-007  6.635880438634109E-010
          15  4.201342783564519E-006  1.997086957643225E-008
          18  6.450842174908283E-010  3.209629966384515E-012
          22  1.493315100102117E-011  7.020674470012542E-014
          26  2.509575019969799E-027  1.159293199746965E-029
          29  1.318121944531038E-008  6.180334693993831E-011
          30  1.451344230195828E-006  6.874911712700625E-009
          33  2.399911731687394E-011  1.111666806608631E-013
          67  1.643244651597217E-007  7.734028006569173E-010
          73  7.275473357580253E-008  3.658249219241765E-010
          82  4.544226989272502E-008  2.282786369093467E-010
          87  2.123555317687910E-005  1.057842455725364E-007
          98  1.581692353826681E-006  7.569056711708543E-009
         104  2.246527509335995E-004  1.092693887958773E-006
         113  3.709135777870056E-012  1.722919372522508E-014
          16
           6  1.144812721557590E-012  5.487634414325479E-015
          19  6.306567804652194E-009  3.005723216126057E-011
          21  1.818453144949207E-004  8.925892065103197E-007
          22  1.504989828922898E-011  7.068675746014770E-014
          28  1.133934587841315E-009  5.512815140822474E-012
          42  2.166687822625846E-010  1.043368755164106E-012
          52  1.643233298651753E-011  7.735208895129976E-014
          59  2.531204069813213E-010  1.269063021246067E-012
          61  2.061188250745799E-005  1.042985560666729E-007
          75  1.217741288538822E-018  5.622062087760369E-021
          85  7.303705361041489E-012  3.389848931385678E-014
          97  2.070346736642891E-011  1.028322076530731E-013
         110  6.432433584945106E-022  2.989523672004454E-024
         114  1.846043343498241E-013  8.538102566055320E-016
         119  2.388540854644982E-011  1.108910273337502E-013
         120  1.598360435256038E-007  7.561178613639006E-010
           4
          24  2.597559503076304E-023  1.198644656153861E-025
          32  1.198427974301507E-014  5.541155608763244E-017
          40  4.016172868559378E-022  1.858823945123524E-024
          56  8.327232449718062E-023  3.847901287802411E-025
          10
           4  1.384285708797725E-019  6.381501331330697E-022
          37  1.046594733107239E-012  4.836210089397264E-015
          46  8.206756743110010E-009  3.802374242092644E-011
          49  1.354533374117594E-015  6.293297678868828E-018
          68  1.182278340927133E-013  5.467718524824225E-016
          69  1.643128200922062E-013  7.587509064003448E-016
          70  4.855452933311015E-016  2.246888318812085E-018
          91  4.353610186628740E-011  2.020217425826306E-013
         101  8.696847930279838E-009  4.042533408974559E-011
         106  8.681984738067262E-017  4.002391313801343E-019
           3
          46  1.402465331532905E-022  6.478527096124911E-025
          70  8.112574428469297E-027  3.757001631135956E-029
          91  7.973616323724610E-021  3.685986465652919E-023
          11
           6  1.015845768606154E-011  4.894313232085547E-014
          16  7.769481553374035E-019  3.610607706328284E-021
          19  8.428624338162705E-007  4.040402451011141E-009
          28  4.856409098934630E-010  2.351161196400197E-012
          42  3.566108649859737E-008  1.733078966357449E-010
          48  4.262742249233756E-017  1.971438739441528E-019
          52  3.470390745133099E-006  1.664068987209181E-008
          64  2.450499289842566E-007  1.161435860733252E-009
          79  7.181055412565033E-012  3.345119909832658E-014
          95  3.331911206012507E-007  1.598086424975909E-009
         120  1.392222321552862E-011  6.496684626289407E-014
           3
          37  3.052840459291282E-022  1.409120034152834E-024
          69  6.850797111877323E-022  3.160187427060555E-024
         106  9.234525998423423E-027  4.252872937488005E-029
           0
           7
          32  1.578044462207086E-012  7.276453934924158E-015
          56  3.036270897088007E-011  1.402636864996117E-013
          74  5.189657543532486E-012  2.389911967343063E-014
          80  3.455542904974043E-028  1.595835972919733E-030
          94  7.637941484440797E-019  3.525011728501753E-021
          99  2.719840722210944E-013  1.254005841619715E-015
         117  1.329329012502484E-011  6.135945382374631E-014
          16
           1  3.330506743595620E-020  1.538386615420827E-022
           3  2.178879409942637E-021  1.013716344733847E-023
           5  3.109672179757019E-005  1.477102504039254E-007
          10  4.298280276565627E-009  2.005293785280141E-011
          12  1.880729840853271E-012  8.833272870492389E-015
          35  2.893321820370769E-008  1.357946437928753E-010
          38  9.746891823180166E-010  4.807791409623546E-012
          49  1.697497515176087E-018  7.848934732238982E-021
          55  1.026868388989035E-006  4.891840260503618E-009
          60  6.141598711602208E-014  2.921360454225690E-016
          62  1.903405980266131E-013  8.829216740074204E-016
          70  1.842324092589193E-014  8.543555775885363E-017
          71  1.151422703052396E-009  5.378933264164307E-012
          78  5.776134100774663E-008  2.848188908372548E-010
          96  8.638950693850742E-005  4.197419544750785E-007
         116  4.257940544441770E-006  2.109164521221833E-008
           4
           8  1.217666148612454E-017  5.629950115152940E-020
          30  6.352408498760082E-026  2.936113901680795E-028
          33  2.697485378975358E-014  1.243226254635025E-016
         108  1.102942686863459E-025  5.102403645508964E-028
          14
           4  2.757177532451880E-014  1.271355642293205E-016
          16  1.296249785135862E-007  6.284820660125987E-010
          37  5.154827556063362E-029  2.379669866078248E-031
          46  9.586669100241711E-010  4.444400710060287E-012
          49  1.911850397685248E-005  9.242063628499094E-008
          60  2.644894043451307E-008  1.301894146579594E-010
          68  1.226114947182986E-010  5.686235669896700E-013
          70  1.309677474507163E-013  6.071101404875716E-016
          78  3.428203624634740E-012  1.644155930314810E-014
          79  1.164161986235500E-012  5.404685448735130E-015
          90  6.672131994953042E-015  3.193402326947047E-017
          91  9.207024841590323E-010  4.289209926160273E-012
         101  1.012029826564352E-007  4.721984978280499E-010
         105  4.455614945850596E-007  2.200902693595153E-009
           2
          74  2.784215016931287E-022  1.279243496579757E-024
          99  4.572001563271030E-023  2.104261744282914E-025
           0
           4
          39  3.653711512055208E-027  1.684181884161737E-029
          48  2.167480168985883E-017  1.001337659086745E-019
          64  6.414926080909550E-016  2.968675564640192E-018
          79  1.033996041196177E-027  4.769555579667824E-030
           7
           9  1.143648375213279E-014  5.282563439465834E-017
          22  1.815033289317738E-026  8.400433749391435E-029
          36  1.618560257645124E-018  7.488416143037515E-021
          51  2.199801703913583E-012  1.015126777224082E-014
          63  2.736552857385858E-016  1.265508453782865E-018
          75  1.555814488562064E-009  7.221562585653179E-012
         114  6.994842660688388E-010  3.241990189818181E-012
          15
           5  1.834321186796584E-014  8.500391267645360E-017
          10  1.332727957149688E-010  6.212451413922853E-013
          16  3.974277431315334E-018  1.850528898801507E-020
          38  4.697089001750510E-022  2.176622961488824E-024
          46  9.986381214990958E-012  4.633781312808118E-014
          49  3.336015388650047E-005  1.618182069324912E-007
          60  7.269935157021365E-007  3.618331039456947E-009
          70  3.345431293511884E-007  1.574188037922573E-009
          78  1.064813845819542E-006  5.288291796530407E-009
          90  2.323766815951889E-019  1.089942787881908E-021
          91  4.662231679322076E-007  2.190360724024089E-009
          96  5.207813617259081E-008  2.504055410706126E-010
         101  3.827964338757973E-012  1.779167628981374E-014
         105  4.282160704553520E-008  2.110567307934317E-010
         116  4.029739688783103E-009  1.967753657997161E-011
          23
           2  2.311196080080988E-011  1.094344788748333E-013
           3  1.886114726029933E-009  9.556296716156951E-012
          11  1.291345779109526E-003  6.643285338384541E-006
          14  1.277281895919496E-006  6.269253462411799E-009
          18  7.161897878899260E-004  3.729659164887869E-006
          26  3.406867956325613E-006  1.789164646427780E-008
          27  1.694352114302332E-007  8.212466647288395E-010
          38  1.023012444818953E-018  4.792204738507909E-021
          41  5.033536941149394E-004  2.619054300392284E-006
          59  1.012250884745504E-022  4.721745990714361E-025
          73  1.003893879258831E-004  5.192017791566198E-007
          80  2.339573080059270E-018  1.088211158529289E-020
          82  1.038744249524474E-004  5.376713599198153E-007
          87  5.334941730520465E-006  2.678144032054942E-008
          93  6.216126167783723E-010  3.157623322131606E-012
          97  1.082988871170257E-013  5.310745408870811E-016
         100  2.718290277657971E-014  1.330112008299293E-016
         104  1.848861568499085E-015  8.634761022376494E-018
         107  6.223061207920955E-004  3.265855337593994E-006
         109  1.804656741145189E-008  9.308243454850486E-011
         110  2.953347572836820E-007  1.535610220034677E-009
         118  4.697790522016313E-010  2.235521258061161E-012
         122  9.928825057268373E-013  4.694975327578444E-015
          11
          10  7.169116090530329E-014  3.316667485023480E-016
          46  2.976352289807999E-008  1.381371291797773E-010
          49  5.629150041661048E-007  2.700173207818055E-009
          60  1.621752355455579E-013  7.723335360552640E-016
          68  3.001891734005865E-027  1.387227729903128E-029
          70  2.335631115594544E-007  1.093817211306998E-009
          78  4.836998620297149E-015  2.281839351583996E-017
          91  1.575498226092972E-006  7.379417309011988E-009
          96  2.612856279298388E-019  1.207251803710063E-021
         101  8.822329227739740E-009  4.105134753720304E-011
         105  1.198515120315371E-014  5.663248542040052E-017
           9
          21  3.442491660044816E-017  1.603325066337368E-019
          50  1.782456690113170E-028  8.237464410888319E-031
          51  1.359056351468948E-012  6.279641264266439E-015
          75  7.311549008871558E-012  3.390387222897375E-014
          85  5.218213915614482E-011  2.422683093796262E-013
         111  2.533748576578207E-028  1.170677766081640E-030
         114  9.807415027693965E-009  4.556808689233498E-011
         119  6.151154987034712E-010  2.858104879981622E-012
         120  1.697876586659648E-015  7.864295251077558E-018
           1
          46  2.130235000735834E-022  9.826481916345492E-025
          25
           3  8.180429338856437E-004  4.318241326506738E-006
           6  2.520086488064294E-015  1.197112614442450E-017
          11  9.410103309965362E-017  4.450666059322735E-019
          12  5.758302084196139E-026  2.661870289974857E-028
          16  1.144681446383105E-018  5.335810766772355E-021
          18  6.837235757647894E-017  3.255943499964255E-019
          26  2.623516893556221E-007  1.372035280655004E-009
          38  4.265625604465125E-004  2.210991132586734E-006
          41  3.861928392270143E-009  1.955582885993879E-011
          49  3.102177043362307E-013  1.465705613194807E-015
          59  4.373658984142914E-008  2.261115473611458E-010
          60  2.827139643396032E-005  1.441348129573560E-007
          73  1.034240049574116E-028  4.777842366748077E-031
          78  7.110565731118301E-005  3.622484131891713E-007
          82  2.065139873816404E-023  9.560474911066721E-026
          90  3.121132217470632E-005  1.627856210963134E-007
          93  1.664078799731901E-003  8.852633338658872E-006
          96  5.675833352295473E-010  2.734333466452912E-012
          97  1.066624005148194E-007  5.537004287204466E-010
         100  1.938455102033434E-003  1.034440595343583E-005
         105  8.768980096375152E-007  4.417879430241347E-009
         107  2.316247988044280E-008  1.189686706052346E-010
         109  7.185671630967733E-004  3.834582276520781E-006
         110  1.588343086663308E-007  8.286445153198453E-010
         116  2.727601118563776E-005  1.378885582592926E-007
          22
           2  1.051286431801682E-008  5.021759292022173E-011
           3  1.021684838915072E-013  4.975369464562242E-016
          11  5.210700788166015E-004  2.664152050161305E-006
          14  2.091704013138254E-005  1.028148856683832E-007
          15  1.234933943860593E-017  5.702443734048915E-020
          18  3.925636290612898E-004  2.032689118469418E-006
          26  1.402351402339653E-007  7.257467145831480E-010
          27  2.393348071558675E-006  1.159812423273441E-008
          41  6.289194296898807E-005  3.242839704089748E-007
          73  6.871520652703473E-005  3.540939922056289E-007
          80  5.263699522480360E-027  2.435172476483777E-029
          82  6.536011172689509E-005  3.364695198800969E-007
          87  2.261697687801553E-005  1.133918158412424E-007
          93  1.200692779034505E-014  5.830156574575906E-017
          97  5.078187341299353E-021  2.367704032805555E-023
         103  1.283845419796837E-017  5.930397751240853E-020
         104  6.170595709287892E-012  2.916020528283888E-014
         107  8.092281109258309E-005  4.212115615031684E-007
         109  1.075033865058314E-011  5.373994601760036E-014
         110  6.864778953420409E-009  3.510420929861873E-011
         118  5.455852611069437E-009  2.597915025954883E-011
         122  1.538917944225620E-014  7.204505845211430E-017
           2
          32  5.230360347420403E-018  2.413188962824757E-020
          56  7.861058357752481E-027  3.626552869785757E-029
          19
           3  1.426503919866805E-007  7.272830438067594E-010
           5  2.799244738397735E-012  1.304405918627428E-014
          11  4.398608355788111E-017  2.068262112504041E-019
          12  1.473555198156051E-004  7.167990804116652E-007
          35  2.511075769292535E-009  1.178477085452911E-011
          38  5.209785804091834E-006  2.639363929867300E-008
          41  5.149576427443711E-011  2.539284482936085E-013
          55  1.506495533830165E-006  7.208037794178686E-009
          62  4.193167772729606E-009  1.968402141433828E-011
          71  1.302292157156527E-011  6.074091303098718E-014
          78  3.046141850484092E-014  1.447315747434834E-016
          80  1.008405051357959E-009  4.793811624849068E-012
          93  2.344562663366045E-010  1.178250387953065E-012
          96  1.013947486154951E-010  4.819465104767761E-013
         100  8.446225008951739E-017  4.038419380170877E-019
         107  4.963669663258093E-016  2.371406235835527E-018
         109  1.787459281924744E-012  8.844211770379844E-015
         116  8.683923438918140E-008  4.279868621747150E-010
         122  2.350446307372825E-010  1.116954486222364E-012
          26
           3  1.872089168291311E-006  9.725425917190824E-009
           6  3.279827107027906E-006  1.659860928959725E-008
          16  3.362589944604519E-008  1.650392604629111E-010
          18  6.138020649656354E-023  2.848350973560920E-025
          26  7.697417389124681E-007  4.039748240595292E-009
          28  1.109801156891296E-007  5.530355924957800E-010
          38  5.560175081414277E-008  2.816893805806948E-010
          41  1.479307522436317E-016  7.037067259264207E-019
          42  7.533847368686193E-010  3.678343376688767E-012
          49  2.108048338627819E-012  9.990040644852791E-015
          59  1.019126366985289E-004  5.390064945763572E-007
          60  2.855216394480836E-005  1.454527241635726E-007
          61  3.467068984115337E-009  1.738038111587934E-011
          73  2.082549717081419E-026  9.613591530971384E-029
          78  6.625511277338924E-007  3.334121915913158E-009
          82  2.513343803652593E-022  1.164705754184866E-024
          90  2.401715319444272E-003  1.261311348938090E-005
          93  5.946243555895237E-005  3.141797940208635E-007
          95  1.031290156926610E-014  4.833381931838208E-017
          97  6.022700470823179E-005  3.176288184048921E-007
         100  9.678812875122536E-004  5.150804703832158E-006
         105  3.594639115714804E-005  1.825097872760480E-007
         107  1.071524986127816E-011  5.338472743700801E-014
         109  6.333369566052026E-005  3.354596009669085E-007
         110  2.354131639314951E-006  1.236444306602888E-008
         116  6.567659108051458E-010  3.225416377707708E-012
           7
           8  4.612207914517705E-014  2.130749936285531E-016
          29  4.063389396961885E-015  1.879436530184836E-017
          30  3.105354082861761E-021  1.432910377987848E-023
          33  1.115161022283654E-014  5.130146252124273E-017
          44  6.586587691851164E-020  3.030007610519688E-022
          67  1.565326214081065E-017  7.231086074737149E-020
         113  5.115473992836471E-026  2.361632223591896E-028
           3
           7  1.661721459648051E-017  7.657171024024291E-020
          57  2.483365329514691E-023  1.146958652420899E-025
         115  2.655941476834666E-025  1.224330521751178E-027
          15
           6  8.549059025181587E-007  4.241976100314965E-009
          16  7.434020795121889E-014  3.502933358492027E-016
          19  1.397621951894455E-004  6.760716388843507E-007
          21  4.620303800709620E-018  2.145116303411040E-020
          28  9.690985848757025E-006  4.801993330958194E-008
          42  4.003974899099415E-005  1.974671853016711E-007
          52  1.228945822151673E-004  5.935128221729920E-007
          59  3.615441357450193E-016  1.731669617309310E-018
          61  1.349582451332628E-010  6.609289934650382E-013
          64  5.215373586117716E-008  2.470795590922659E-010
          79  7.235247832508085E-016  3.344126978770399E-018
          85  4.696525510168083E-015  2.171270442927699E-017
          95  2.648226672099482E-006  1.276369203784592E-008
         119  2.507123556163240E-018  1.156938251988285E-020
         120  3.172871896487880E-007  1.499934793122948E-009
           4
          17  6.901664512982965E-017  3.189692419644754E-019
          24  8.786896826718463E-017  4.047979146175057E-019
          40  5.137351239677168E-029  2.373816865667882E-031
          58  7.221605687615853E-027  3.335359334664779E-029
          17
           4  1.375428874577012E-011  6.364318518375789E-014
           6  4.022173190465349E-012  1.932940789554742E-014
          16  6.636812951297693E-006  3.245311437714218E-008
          28  2.362860785512921E-015  1.111265196468280E-017
          42  8.973593101789696E-014  4.240166888971766E-016
          45  1.517748089381166E-028  7.015010570174834E-031
          49  5.320836423740697E-012  2.506215477801365E-014
          52  2.676454255891810E-022  1.236013092321498E-024
          60  1.042033928585967E-017  4.874289114045539E-020
          64  2.242031031443097E-007  1.063640467141024E-009
          68  1.694592629048809E-010  7.874654918843505E-013
          79  6.849866216564729E-006  3.244585437352908E-008
          90  9.575606059571448E-018  4.520122907424771E-020
          95  5.617193363403586E-008  2.689836010038641E-010
         101  3.023110496305486E-014  1.400464125923382E-016
         102  1.491685103057080E-016  6.897158517191085E-019
         105  3.699997697118563E-010  1.798083118139311E-012
           5
          45  1.860804357061022E-013  8.592783079358323E-016
          64  1.363458735517079E-020  6.291875163493380E-023
          79  4.559567561905348E-014  2.110994034644157E-016
          86  3.331421434966342E-013  1.536978293422646E-015
         102  2.523414238459670E-025  1.165301390368466E-027
          19
           3  4.766702560932421E-008  2.422244370799903E-010
          11  4.490856903008122E-007  2.253524110022262E-009
          12  9.532454699835503E-007  4.600590028049593E-009
          18  1.809976669906677E-017  8.543391254311585E-020
          27  6.419932615005785E-027  2.964983288838673E-029
          32  1.054421757176084E-016  4.867898464744237E-019
          38  1.821071228991096E-008  9.093350883566591E-011
          41  3.008454778662680E-006  1.536960022584381E-008
          55  7.091118041267013E-016  3.284132923816128E-018
          56  1.170863282842470E-014  5.414345679731531E-017
          80  1.284646377925856E-005  6.201616364121505E-008
          93  5.909452661634255E-011  2.954262903993189E-013
         100  5.651865564027869E-023  2.626478199469233E-025
         107  1.641702928978472E-008  8.313331197957239E-011
         109  1.058164258541894E-011  5.269869481243597E-014
         116  1.190864592243199E-017  5.549375763839349E-020
         117  5.379531970581564E-013  2.491317475666180E-015
         118  1.049635424615927E-013  4.897491295239428E-016
         122  1.994064072352413E-005  9.679111246266826E-008
          17
          11  8.758300586829942E-013  4.210032871221011E-015
          14  4.228821314724717E-016  1.966267488990781E-018
          27  1.261366122541472E-006  6.046420244896052E-009
          53  7.905146926954157E-011  3.654510106857969E-013
          54  4.262060055755986E-008  1.983746264896092E-010
          56  1.368134965580350E-019  6.307647990010586E-022
          74  7.164032467444085E-019  3.301697291374503E-021
          76  1.812063388553005E-016  8.353910304071963E-019
          80  3.276659075357416E-012  1.536685336165482E-014
          84  7.792124686588457E-009  3.607560659020982E-011
          94  6.388942623642045E-012  2.958434028685070E-014
          99  2.121609472185318E-017  9.795319899122557E-020
         103  2.348492683613427E-008  1.095292299040415E-010
         117  3.365769805798496E-015  1.551614759174757E-017
         118  1.596137708505840E-005  7.621457620828663E-008
         121  8.281795564381990E-007  3.879263751740987E-009
         122  4.942188724922979E-010  2.340821812100214E-012
          20
           3  4.329949853002399E-008  2.201991721052663E-010
           5  4.696590674784871E-016  2.170874408996862E-018
          11  2.681712719814071E-014  1.281533052563578E-016
          12  1.347726427926183E-004  6.556119381554810E-007
          32  5.646660603857917E-022  2.607770011763160E-024
          35  1.677869679618489E-010  7.853423387551831E-013
          38  1.048566484088614E-006  5.297360440686544E-009
          41  3.032060488904364E-010  1.505782849205865E-012
          55  2.272353105101509E-007  1.085069956672603E-009
          62  1.360840587924568E-009  6.382662968853791E-012
          71  2.932809489902866E-013  1.364320556130776E-015
          78  1.100682403441857E-020  5.108424483209192E-023
          80  3.811768914803261E-008  1.825263626066487E-010
          93  2.681722154485378E-011  1.337996226195237E-013
          96  9.466982079952837E-014  4.441821496744821E-016
         100  1.609227203004608E-021  7.522251834414943E-024
         107  6.400394550031747E-015  3.084079567649483E-017
         109  1.638323156867545E-013  8.042496330964449E-016
         116  2.628476504579201E-009  1.285517225679175E-011
         122  1.301913947981711E-008  6.237407374834305E-011
          18
           6  1.803126993690916E-012  8.701630852912740E-015
          18  5.027753938131607E-023  2.337898551504407E-025
          19  3.377070786705328E-013  1.589242506542669E-015
          21  2.086792613701135E-004  1.032446393512897E-006
          22  4.295072749701276E-009  2.048330659038279E-011
          26  8.363049859239392E-011  4.216861474883206E-013
          28  3.269134368461127E-010  1.594047528846192E-012
          42  3.120297713517728E-012  1.494453618510216E-014
          52  8.634825095985898E-020  3.999153851326504E-022
          59  5.507678261636712E-007  2.851104846690273E-009
          61  3.282471799667642E-004  1.683949564943073E-006
          73  7.630020800230998E-013  3.718118712524977E-015
          82  1.131790938274854E-012  5.519476881267561E-015
          87  2.848033199898171E-025  1.318667310497391E-027
          97  4.116379450485695E-007  2.131790598501568E-009
          98  5.609790214554273E-014  2.625798331783336E-016
         110  4.834870317445455E-009  2.473968927450298E-011
         120  1.185598846488982E-012  5.549179340257941E-015
          22
           2  1.577680791651693E-018  7.303466605160755E-021
           3  2.383379470378726E-012  1.173812756610804E-014
          11  5.980018249587680E-004  3.054739467120606E-006
          14  1.463850900759246E-008  7.083579057092285E-011
          18  1.203347605019010E-006  6.151937173921625E-009
          26  6.946699416677648E-012  3.465126235588034E-014
          27  4.231632655029109E-006  2.050697636472199E-008
          38  1.657569744349261E-030  7.649257455389323E-033
          41  9.136582743587431E-005  4.712230344375665E-007
          73  7.667535915096983E-009  3.848871605606467E-011
          80  1.846150710065661E-008  8.848969878737435E-011
          82  7.889622488136803E-009  3.958365169233938E-011
          87  1.517233773950761E-010  7.381388938599849E-013
          93  1.060006274245036E-015  5.107258391163585E-018
         103  5.647220967289143E-016  2.615516620565671E-018
         107  9.836901494109936E-006  5.085885242535840E-008
         109  1.275641585632528E-013  6.268058836075672E-016
         110  1.099939195621558E-015  5.307587227464771E-018
         117  5.517484994502878E-030  2.546278723398452E-032
         118  2.450739264729586E-006  1.178696570077326E-008
         121  1.124587842285050E-014  5.234456463603453E-017
         122  6.261388990583726E-007  3.030403913343033E-009
          20
           3  5.674629517536630E-008  2.893557434329320E-010
          11  3.092881858124681E-005  1.570620927523604E-007
          12  3.530909059077912E-009  1.688768804945120E-011
          18  1.176914150908353E-010  5.836322285728425E-013
          26  7.618479564223182E-015  3.698562461833808E-017
          27  3.420168124691471E-012  1.612773668454112E-014
          38  1.607622125650760E-009  7.986039550062348E-012
          41  5.888973364415585E-005  3.027022442903159E-007
          56  1.662840681324887E-016  7.685600761790530E-019
          73  3.451018766496507E-017  1.629348432342677E-019
          80  7.913214192083663E-006  3.827174946188312E-008
          82  9.892378501838111E-017  4.679081108521857E-019
          93  2.139927950819691E-010  1.076264399822306E-012
         100  1.154131225391341E-019  5.431217198226931E-022
         107  1.385343402352905E-006  7.132540186107484E-009
         109  1.738434146641363E-010  8.773369448785486E-013
         110  1.008429808724237E-023  4.668603037081066E-026
         117  6.535177167540780E-014  3.026034485862328E-016
         118  9.249022702712576E-010  4.384161763616974E-012
         122  2.770049415874625E-005  1.346691174228567E-007
           6
          12  1.891159859517500E-019  8.725468324756107E-022
          17  6.464841378472649E-016  2.982471548644187E-018
          24  2.849212959810730E-011  1.310536295549270E-013
          32  1.868961624756072E-012  8.621766338076220E-015
          40  1.629617419334609E-014  7.516631484902585E-017
          62  3.636024397152975E-016  1.677580179227241E-018
          13
           9  5.467238088960209E-010  2.546453088858346E-012
          13  3.480621250888246E-018  1.612939804535343E-020
          21  1.020600154378438E-005  4.978862206937834E-008
          22  2.635333040966944E-007  1.257665298331157E-009
          36  3.840631844086837E-016  1.781464875258382E-018
          51  4.440316015361905E-021  2.053293616484448E-023
          61  5.939048132822031E-013  2.865281020320615E-015
          75  4.871353144151737E-008  2.275814535015408E-010
          85  1.534471064486941E-015  7.109994800030809E-018
          98  2.763899308658045E-014  1.289035836414639E-016
         114  4.044015941713614E-008  1.886725529293235E-010
         119  4.572075807680949E-013  2.121244623323434E-015
         120  7.463404168417924E-014  3.471589963887305E-016
          16
           9  3.271949856949471E-012  1.517987490326016E-014
          13  2.192230076012898E-014  1.016578463482885E-016
          21  2.031513873757782E-004  9.985028223722540E-007
          22  3.604781672644018E-006  1.728212495259513E-008
          26  7.005375877436856E-023  3.253752355457211E-025
          59  9.200753903717334E-013  4.526133745315845E-015
          61  1.485707869572018E-006  7.490073859679736E-009
          73  5.887269260879108E-018  2.766014557217728E-020
          75  1.442167743303735E-012  6.690998729546995E-015
          82  6.453134301439245E-018  3.030619105427937E-020
          97  1.330382746939648E-012  6.541483532747368E-015
          98  5.103981177231482E-009  2.420310425380901E-011
         104  5.754865099491669E-020  2.655075750405057E-022
         110  7.285476244653195E-016  3.499084090000340E-018
         114  4.701597000678062E-014  2.175388284620456E-016
         120  4.345316410600253E-017  2.008236133796479E-019
          23
           2  6.745072067413229E-015  3.135753731114516E-017
           3  6.051020206470527E-018  2.855856581574877E-020
          11  2.319069409896067E-004  1.178909268720381E-006
          14  8.192861456519946E-008  3.963610462908761E-010
          18  3.219335239748477E-007  1.634155733445537E-009
          26  6.749825175481516E-015  3.271407716668224E-017
          27  2.134057948744115E-005  1.032911733332982E-007
          41  1.345466143147107E-005  6.892128619427695E-008
          53  7.704182867842933E-022  3.545470356625028E-024
          54  8.847473595630974E-017  4.092389987838736E-019
          73  1.602617991361739E-009  7.984674073121431E-012
          80  4.452173727684652E-009  2.122128573086440E-011
          82  1.498584950127125E-009  7.456812747308585E-012
          84  8.536029450978861E-022  3.928847317618439E-024
          87  2.017087787366413E-010  9.789163349101481E-013
         103  3.711246372407520E-012  1.724100500372782E-014
         107  1.059761727681727E-006  5.436955134753844E-009
         109  5.969988109353550E-021  2.788365055235780E-023
         110  1.005459754753475E-023  4.652719600643030E-026
         117  9.241039118633462E-030  4.254944394221985E-032
         118  1.034353182795095E-005  4.969105858351585E-008
         121  3.886494238135303E-012  1.810595463713311E-014
         122  2.410826859887430E-007  1.161107066816687E-009
           9
           9  2.985000275947504E-011  1.382073131126581E-013
          21  2.951747621965013E-013  1.387894650084861E-015
          22  1.164620459252243E-012  5.438054026175166E-015
          36  1.100056532939033E-014  5.087399188376349E-017
          51  3.516899603597897E-012  1.622167098715220E-014
          63  3.980562491629207E-018  1.839602675041517E-020
          75  5.436187471934291E-008  2.526895939708919E-010
         114  3.082321923941723E-008  1.430636218129014E-010
         119  9.165853321359267E-019  4.229133697093450E-021
           2
          74  8.585165540744863E-030  3.955973396500622E-032
          99  3.315716216377313E-024  1.530455525350973E-026
          13
           5  8.011459602228817E-020  3.693860305968719E-022
          10  4.507049170628446E-011  2.098641122480588E-013
          16  5.184059433005976E-020  2.407628545466476E-022
          46  4.269476610844760E-010  1.984403456354953E-012
          49  2.035665930074781E-005  9.856510418491345E-008
          60  5.191693904949778E-008  2.567275336798502E-010
          70  5.558557286944149E-007  2.614520880119668E-009
          78  4.055724816528625E-008  1.998843374343188E-010
          91  1.272439109134898E-006  5.981574422147680E-009
          96  1.172240994424396E-009  5.595301586933741E-012
         101  1.716716842576888E-010  7.996874447618474E-013
         105  4.124984846026250E-009  2.019826305878375E-011
         116  1.231903401582646E-011  5.919128099376973E-014
           7
          21  3.905418492731313E-013  1.835531573220307E-015
          51  2.111200471667273E-012  9.728267345271892E-015
          75  1.428646455552163E-010  6.615059336382465E-013
          85  1.257385607306928E-010  5.824220032331803E-013
         114  4.053463670724952E-008  1.880429442629583E-010
         119  1.445506216796668E-009  6.701994407369333E-012
         120  8.052321571798563E-014  3.728171744132440E-016
           2
          33  5.935149378698043E-025  2.727551231142758E-027
         108  1.172783513903311E-025  5.413562451644321E-028
          18
           6  1.745611633748365E-015  8.253076506053253E-018
          18  5.250186535639622E-011  2.602758249343080E-013
          21  3.243247784199773E-005  1.599576471348540E-007
          22  9.738857553719390E-009  4.646591444150297E-011
          26  8.221227151796163E-008  4.246624492382076E-010
          28  7.960524941195739E-013  3.808698903659735E-015
          42  1.017953079188841E-017  4.748351570104713E-020
          59  2.015413996340876E-006  1.047332767559842E-008
          61  2.074938412428219E-004  1.063134000550979E-006
          73  3.600732680292583E-008  1.818392201596092E-010
          82  4.187283236579359E-008  2.116360608702258E-010
          87  3.850789032520572E-011  1.866820480777710E-013
          97  3.689039185235384E-006  1.920412029522358E-008
          98  8.330322420357094E-011  3.938600591735378E-013
         104  2.846931383593064E-014  1.332138188073106E-016
         107  5.563838948641020E-020  2.604079428734571E-022
         109  9.297387057651469E-024  4.310004198289359E-026
         110  7.937811743760646E-007  4.124894798810262E-009
          10
           4  1.185692949495036E-010  5.486154087962605E-013
          37  1.446028518743595E-011  6.697717133685620E-014
          46  7.259031110142034E-010  3.367731728974806E-012
          49  1.690878631435185E-014  7.890780305314724E-017
          68  4.265838656494337E-009  1.982843076322672E-011
          69  5.140967624693414E-014  2.379164450175359E-016
          91  1.047311838884809E-015  4.848839758504621E-018
         101  3.625110900754664E-008  1.690097726518152E-010
         102  4.297156982899284E-016  1.987954272770686E-018
         106  2.448021236912706E-018  1.130989567392867E-020
           6
           9  6.019528698738408E-020  2.778380366628994E-022
          36  1.436394490051884E-020  6.645559675327435E-023
          51  5.514944794932387E-019  2.544673101665737E-021
          63  1.254293420733200E-017  5.800380131869569E-020
          75  1.358743080290641E-013  6.285220182802539E-016
         114  6.514460232677955E-018  3.007391850516205E-020
          12
           4  4.834106963149206E-031  2.233972769428965E-033
           6  4.354048288511181E-011  2.107587948957082E-013
          16  6.978021438208443E-008  3.385496981520394E-010
          19  1.096350166287239E-012  5.145060300127534E-015
          28  1.107960588126345E-011  5.318030382024834E-014
          42  7.631056446832444E-010  3.681395527405768E-012
          45  5.816164022274209E-022  2.691216644874936E-024
          52  7.539579631274148E-010  3.571469367486489E-012
          64  1.222335755414331E-005  5.830182668625764E-008
          79  6.878469316762519E-006  3.256599967268923E-008
          86  2.458490505744594E-021  1.136553177578673E-023
          95  2.775244488176401E-006  1.337655641652037E-008
          13
           2  1.334081682551536E-006  6.354334384307757E-009
           8  8.445597643337654E-008  3.930499939396951E-010
          14  4.212015785529141E-009  2.012144240220344E-011
          15  5.103028148086918E-006  2.410463033628207E-008
          29  2.316380572870083E-008  1.080201901403291E-010
          30  2.045670255609630E-006  9.624038607476763E-009
          33  1.618313704332097E-007  7.497305198675759E-010
          67  1.897737769212063E-008  8.863223111677709E-011
          87  3.998600663825981E-011  1.919517847388775E-013
          98  4.809257463304899E-018  2.220583851904564E-020
         104  1.055711592285546E-007  5.035180781942389E-010
         108  1.289139679760120E-024  5.949980531757800E-027
         113  2.747679916989467E-017  1.267877137058898E-019
           9
          27  1.134607547510794E-010  5.353478320551496E-013
          53  2.169966279297124E-010  1.003325164647027E-012
          54  5.198680619344872E-008  2.418351995258588E-010
          76  1.000537201841811E-011  4.616573372637306E-014
          84  2.380790777340895E-008  1.102041841993586E-010
          94  4.256217728862877E-014  1.969245652585137E-016
         103  4.726869957546621E-009  2.199660344620216E-011
         118  6.447659337021640E-009  3.042114966729111E-011
         121  3.921661558091678E-008  1.830893652826752E-010
           9
           4  4.844902052078965E-010  2.235634317160440E-012
          23  6.662408038459350E-025  3.067325785820234E-027
          31  1.102726175321489E-028  5.078868292021103E-031
          37  1.739859134734974E-019  8.033652626349648E-022
          45  1.540572564894680E-018  7.106522087257914E-021
          68  4.316754654171429E-010  1.998984159773523E-012
          79  4.775561911134206E-017  2.202177319834737E-019
         101  3.022240869681562E-016  1.395346036119165E-018
         102  2.878050900637352E-011  1.328042854380561E-013
           8
           4  3.199819695623349E-011  1.477941629792520E-013
          23  5.847735001315554E-024  2.696548862421520E-026
          31  1.144746404862786E-026  5.280802743300705E-029
          37  1.952692300499118E-022  9.030684672230838E-025
          45  3.401393606673532E-022  1.571524250521404E-024
          68  1.622549086343093E-011  7.518030974213762E-014
         101  2.444314179720511E-022  1.130040270981221E-024
         102  3.305867651494567E-012  1.527702593819005E-014
          17
           6  2.325108851671510E-007  1.158218550435385E-009
          19  9.337057949514632E-007  4.516159972317978E-009
          21  2.333843156040240E-005  1.147978391973327E-007
          22  1.218594679047220E-021  5.647232956059243E-024
          26  1.889485396126898E-016  9.069028964368212E-019
          28  4.220846450217829E-006  2.105291469342756E-008
          42  1.212586911492167E-006  5.989277125264925E-009
          52  4.123689469331306E-008  1.977687880224992E-010
          59  8.274730306559230E-007  4.276001399049527E-009
          61  3.159432604322412E-004  1.616433795381065E-006
          85  2.145511249076777E-015  9.948096844498756E-018
          90  7.927958695057755E-016  3.790061713605875E-018
          95  1.379216853519257E-013  6.475736534455240E-016
          97  1.205978845949234E-007  6.200636615900883E-010
         110  2.852761086952485E-012  1.415797082733211E-014
         119  1.982790035826955E-015  9.188779976737947E-018
         120  1.114988215404070E-007  5.296375629128490E-010
          17
          13  2.984202973776997E-020  1.382221437263680E-022
          14  2.074767912145174E-020  9.608832294886783E-023
          18  9.152799339300636E-008  4.659594761972824E-010
          21  8.374163623253558E-007  4.105833988380159E-009
          22  1.996101340401531E-008  9.550743477410417E-011
          26  6.067440774837262E-007  3.161933280610471E-009
          59  1.324410351187205E-007  6.828536556802187E-010
          61  8.205207767244297E-006  4.184269057378380E-008
          73  6.504207753726372E-006  3.340848665031045E-008
          82  6.679685835758989E-006  3.427734859382108E-008
          87  3.466206665371123E-007  1.726910181303403E-009
          97  7.684158578319958E-007  3.988133869784743E-009
          98  2.003147600773788E-008  9.583176759129950E-011
         104  9.418077785647705E-009  4.532989018631858E-011
         107  1.038632881720273E-012  5.112099037587025E-015
         109  8.699292271927952E-020  4.095976572965680E-022
         110  2.314485808567343E-006  1.209503036547019E-008
          25
           3  2.635969138255558E-003  1.394123212316802E-005
          11  1.048903545456549E-006  5.331472998264357E-009
          12  1.212664779848790E-011  5.766042686231884E-014
          18  2.741895974010613E-008  1.395895797129614E-010
          26  5.910406204254136E-006  3.115020339068298E-008
          38  3.596951392190455E-004  1.861589507828605E-006
          41  1.305337949035014E-004  6.798146814904518E-007
          55  1.010311417765373E-024  4.657241390719630E-027
          59  7.660856012335724E-011  3.869763243718620E-013
          60  1.887164436589907E-011  9.215730985464778E-014
          73  1.253686410146154E-010  6.244455808864280E-013
          78  7.177165749204362E-009  3.566178720268455E-011
          80  2.242105631380791E-020  1.039526275492635E-022
          82  2.751763887612290E-010  1.374826725831813E-012
          90  5.417701299213165E-010  2.727645636396528E-012
          93  1.314459227113783E-003  6.981654753365099E-006
          96  8.996740500858601E-017  4.190698766946743E-019
          97  3.389362806214603E-009  1.736739350068424E-011
         100  1.114408435188368E-004  5.911281329716160E-007
         105  6.695236781405499E-019  3.121926506134550E-021
         107  1.028571268096467E-004  5.397201188627136E-007
         109  1.012242842438134E-003  5.394245376991924E-006
         110  1.057756786549307E-006  5.542755220280463E-009
         116  2.319159156238467E-007  1.158658619434443E-009
         122  2.392406235857026E-016  1.116730541196150E-018
          10
           7  1.589403776472929E-020  7.328360042775478E-023
          19  2.581061967657427E-009  1.223224223496734E-011
          28  7.485460853943676E-019  3.473554161823259E-021
          42  6.774426400088257E-013  3.207314338434333E-015
          48  2.865785889641282E-013  1.324024117732759E-015
          52  2.141999411878950E-008  1.017006794201549E-010
          64  1.243269349314468E-009  5.838741841422178E-012
          79  6.457927270736146E-017  2.981277871213438E-019
          95  2.678274645849370E-010  1.266277865582248E-012
         120  2.752776677404564E-015  1.273494058507630E-017
          18
           3  1.038340994653566E-011  5.131302207165040E-014
          11  9.663879258550415E-006  4.887704398053361E-008
          12  3.405422930160627E-011  1.612835690100677E-013
          18  8.011314688784449E-013  3.903508481359448E-015
          27  5.169938784834648E-010  2.459967262379740E-012
          32  2.005335856776917E-017  9.268241858405426E-020
          38  5.043591363124208E-015  2.402720744538201E-017
          41  4.855435324498195E-006  2.476522185317633E-008
          56  6.145614077861684E-012  2.855987829074062E-014
          80  3.010384736839703E-005  1.456739929904855E-007
          82  6.669874107331359E-029  3.076453030756474E-031
          93  2.084184793406614E-017  9.907951571795896E-020
         107  3.120729627413204E-008  1.583815127860009E-010
         109  3.211315959519018E-017  1.531175183918266E-019
         117  1.621402435289093E-010  7.553549513085311E-013
         118  1.008043884068824E-007  4.812076130353891E-010
         121  1.338303605825125E-015  6.214018079531561E-018
         122  1.017946809783989E-004  4.953034833781695E-007
          13
           9  6.316756166714645E-010  2.932746472724783E-012
          13  2.697214865901986E-021  1.246195533447741E-023
          21  8.600051932673641E-007  4.164652237165376E-009
          22  4.086066788461823E-008  1.936288796717864E-010
          36  5.134016281421450E-015  2.375128165722543E-017
          51  7.766300822764660E-016  3.582447649036638E-018
          61  3.353019567230454E-020  1.558746517683940E-022
          75  1.262260091919825E-007  5.879239770651188E-010
          85  1.653703210971887E-015  7.640212155600070E-018
          98  4.025366270003463E-018  1.861445167307575E-020
         114  1.149714428459964E-007  5.349069367640054E-010
         119  6.541628960594573E-013  3.026457131625322E-015
         120  1.006113482031526E-015  4.651792548268203E-018
          19
           2  2.059412369217579E-006  9.940665285429778E-009
          11  7.574250991498476E-006  3.838266557676951E-008
          14  1.042722501190684E-004  5.138554721228222E-007
          15  1.344001335676494E-009  6.342431928205141E-012
          18  4.692872978118791E-004  2.429900913634890E-006
          26  1.742117350929339E-007  9.019969362505355E-010
          27  3.276779230486559E-008  1.576151401489213E-010
          30  2.848407182476208E-013  1.327755021352642E-015
          41  3.540492845695083E-007  1.802245850179442E-009
          73  4.534898259081773E-004  2.343569916612667E-006
          82  4.013297684827361E-004  2.071119763880253E-006
          87  7.311619286567533E-004  3.690008111320047E-006
          97  5.036886334749848E-016  2.416000842725367E-018
          98  7.534509021232819E-021  3.483273256135827E-023
         104  6.828485473298379E-007  3.307973194749808E-009
         107  3.861916238488002E-006  1.995365911547400E-008
         109  5.560139968501728E-016  2.677650943739275E-018
         110  2.406612350585357E-008  1.238747861449455E-010
         118  2.537805458887654E-015  1.181561690155750E-017
           9
           9  3.086861247096392E-008  1.434775018683024E-010
          13  7.121174589218821E-009  3.322073384847863E-011
          22  1.584834786442347E-009  7.469087565224486E-012
          36  6.707509270687238E-009  3.110434125627763E-011
          43  1.425765296253646E-010  6.591629970801068E-013
          75  6.473493901026278E-013  2.994756744537740E-015
          98  1.970061035743092E-011  9.225073821372509E-014
         112  5.472738899763341E-010  2.527854409651131E-012
         113  4.864828739983628E-015  2.248938441767520E-017
           4
          54  2.193244226935249E-019  1.013258753981093E-021
          76  1.409290480774607E-016  6.497372449515895E-019
          84  3.654622869972970E-019  1.682300234337755E-021
         121  2.328664934815117E-029  1.077648646146450E-031
           2
          43  3.365313417095734E-018  1.557899375073976E-020
         112  6.569588203584915E-019  3.034363828640447E-021
          19
           2  4.363082653438628E-012  2.047046176332289E-014
           8  4.432581400569314E-009  2.067627567372421E-011
           9  1.597010003173405E-015  7.389915634446990E-018
          13  2.182036720045109E-007  1.024990271491836E-009
          14  5.718183885171210E-024  2.644565486358247E-026
          15  2.473475264349988E-008  1.166117369431446E-010
          22  2.663102255830390E-009  1.260777821987298E-011
          29  1.864548730277571E-007  8.745326054356261E-010
          30  1.561036224687809E-007  7.360494008654741E-010
          33  2.216943951973824E-011  1.026435351647702E-013
          36  5.441477829106712E-031  2.521859053666795E-033
          43  1.172963982218581E-018  5.430902296960268E-021
          44  5.310582770809710E-018  2.451016218495700E-020
          67  1.341750164452967E-006  6.316048378688940E-009
          87  6.252681912114061E-012  3.001610762088479E-014
          98  6.759419381352888E-006  3.233649917839751E-008
         104  1.745931789649517E-006  8.406628049207852E-009
         112  3.694411300571933E-011  1.711052470689157E-013
         113  1.023736982781029E-007  4.779531795896471E-010
