         122
  0.199273798891245     
  0.199346713053433     
  0.199153841551441     
  0.200726507850710     
  0.199777321384587     
  0.199367500002960     
  0.200026894095204     
  0.198893959451769     
  0.199108014492462     
  0.199129869722195     
  0.199219028835201     
  0.199333523218673     
  0.199378708814212     
  0.199152246046316     
  0.200800990282714     
  0.198901345834371     
  0.199203587553355     
  0.199308251452615     
  0.199140820223990     
  0.199713328787366     
  0.198568962804281     
  0.198646733867098     
  0.199296128780618     
  0.199944372622210     
  0.200506063543927     
  0.199748827047265     
  0.199874280442196     
  0.199281244591957     
  0.198986245052587     
  0.200713381662002     
  0.199583459084237     
  0.200226564091300     
  0.200136439603367     
  0.200918384823774     
  0.199795177107595     
  0.198440209177655     
  0.199338315974624     
  0.199591286410192     
  0.200485476184488     
  0.198390176090006     
  0.200404218256409     
  0.199648991672939     
  0.198932096037961     
  0.200770854188742     
  0.198879923658299     
  0.199687689866883     
  0.199142052025587     
  0.199420596094079     
  0.199677405344375     
  0.199775698772555     
  0.199516918987310     
  0.198387302016165     
  0.199545158621090     
  0.198938429938089     
  0.200125187903577     
  0.200011330974356     
  0.198708272692183     
  0.200263725762187     
  0.198454460225807     
  0.199118645570459     
  0.198974071911445     
  0.200254206440351     
  0.199527759844305     
  0.199260928543304     
  0.199752099625999     
  0.200022983789743     
  0.198774983358944     
  0.200269116437537     
  0.198841514760167     
  0.198867890166075     
  0.198303218179158     
  0.199276755883609     
  0.199092947339319     
  0.199573845629279     
  0.199773516540009     
  0.199841939061492     
  0.198999642210956     
  0.200485884189737     
  0.199881942587579     
  0.199154403410927     
  0.199198560890141     
  0.199282550023401     
  0.198908483684502     
  0.200842663196529     
  0.199361500196650     
  0.199847595449241     
  0.200023785632976     
  0.199313105645830     
  0.200236488183920     
  0.199200336874960     
  0.199821963687925     
  0.199221709380516     
  0.199591148700602     
  0.199772549599302     
  0.199446252134652     
  0.199650239020096     
  0.198060646849322     
  0.199217792434416     
  0.200004661123348     
  0.198289598052979     
  0.199116781134396     
  0.198462534455799     
  0.199935493179689     
  0.198897869537828     
  0.199721211974831     
  0.200394006548025     
  0.198745340722604     
  0.198461067959533     
  0.199856886064619     
  0.198741868048404     
  0.201500622022420     
  0.199892778035410     
  0.198671502101819     
  0.199575815048459     
  0.199225958800836     
  0.200200409472880     
  0.200751923891806     
  0.199492968064640     
  0.199464926617615     
  0.199638893154670     
  0.199279697854186     
  0.200311582813747     
