         155
  0.200251798834191     
  0.197469395487468     
  0.199157985163584     
  0.198524580516091     
  0.200513659305575     
  0.199572651713533     
  0.199623003987444     
  0.199892823977093     
  0.199388341496216     
  0.187442926394479     
  0.198694312866369     
  0.200194021922237     
  0.199923689801406     
  0.199806579814264     
  0.189238456182976     
  0.200117782038625     
  0.188713561386467     
  0.193029442451418     
  0.199923532152415     
  0.196056877770339     
  0.199923211197281     
  0.198766487403879     
  0.200107004997000     
  0.195185192387907     
  0.198375308859412     
  0.199705218001783     
  0.199199519310638     
  0.199023466679147     
  0.199237313033338     
  0.199754809413057     
  0.198350265985149     
  0.199947106574749     
  0.197063625488590     
  0.198664256110322     
  0.198654693528871     
  0.199574595421863     
  0.198729700768037     
  0.195532884996584     
  0.198549958985688     
  0.198996826215661     
  0.193406920202427     
  0.199752270181527     
  0.199350174545438     
  0.199949247191620     
  0.198829637521742     
  0.195173113365370     
  0.182036134684993     
  0.199374786229329     
  0.199873775250841     
  0.174097617405870     
  0.200080408074593     
  0.199557347022877     
  0.200155403536968     
  0.200751549820083     
  0.199135202105900     
  0.199240714680216     
  0.198749990535333     
  0.199652467973588     
  0.200213574132439     
  0.200652998043928     
  0.198533552805168     
  0.200127335816436     
  0.199547495030712     
  0.199125528126593     
  0.200472433524030     
  0.199798887055242     
  0.199309746719285     
  0.198056521602082     
  0.199829077713551     
  0.199566372738986     
  0.191059395410549     
  0.192284978359215     
  0.187575100319151     
  0.200199242940163     
  0.199330649355618     
  0.199982458315231     
  0.198645966829648     
  0.198723681783815     
  0.200426741496821     
  0.198584796400499     
  0.199138491886715     
  0.198833510234906     
  0.199810151487875     
  0.198819031808612     
  0.198723413341871     
  0.199156556681708     
  0.199448417914017     
  0.199522549753268     
  0.199111752551251     
  0.199619794275709     
  0.199512421415800     
  0.193669669072914     
  0.199008261440804     
  0.199767513481682     
  0.195004164825593     
  0.201073293638951     
  0.199318919502450     
  0.199139902025656     
  0.199722564838680     
  0.200248564702971     
  0.199692573194394     
  0.171519132201112     
  0.199827653530384     
  0.199139315818062     
  0.200078739935186     
  0.200192673187333     
  0.199695718742235     
  0.198725037971187     
  0.165484094676658     
  0.197653638184908     
  0.200165689723862     
  0.199856286861497     
  0.199993020169052     
  0.200010803372404     
  0.196717235203059     
  0.181984738640617     
  0.199776251342664     
  0.194665596699205     
  0.200175906703043     
  0.200878837797146     
  0.201707206272429     
  0.200021481321801     
  0.201577048093922     
  0.167761030732545     
  0.199212818696091     
  0.198603948249205     
  0.198919713454237     
  0.200421203453744     
  0.199692689270672     
  0.199560096859797     
  0.198819479934927     
  0.199890291217772     
  0.200233429141110     
  0.199432203088872     
  0.199774104404123     
  0.199341901150541     
  0.199613516414190     
  0.199059177296285     
  0.199673808395636     
  0.199933272180844     
  0.198952121171010     
  0.199454716115348     
  0.199768825285355     
  0.198642852070913     
  0.200162281272204     
  0.181272868134704     
  0.198389516285041     
  0.200179799296888     
  0.198914309706860     
  0.199863490833250     
  0.200067446802875     
  0.199776525511457     
  0.199694717008861     
  0.199305901618889     
  0.199078122678236     
