         130
  0.199691787700730     
  0.200141543914016     
  0.198059890299010     
  0.200113695884718     
  0.200804222919553     
  0.200628441903625     
  0.199200175154858     
  0.199634546769792     
  0.199839061337201     
  0.199312229379654     
  0.198014114158532     
  0.199079827056149     
  0.199060059068250     
  0.200100214883424     
  0.199068618709633     
  0.200708526157903     
  0.199045177508588     
  0.201011238447289     
  0.199527383200657     
  0.198522874070433     
  0.199770962778041     
  0.199580789135956     
  0.199636468470619     
  0.200726689934868     
  0.199795845709146     
  0.200452960456784     
  0.199599705199477     
  0.200171654700569     
  0.199367771550383     
  0.198548961266927     
  0.199910105695225     
  0.199964717499768     
  0.189480332991440     
  0.198969169603427     
  0.199259567086183     
  0.199090923130886     
  0.199456804024095     
  0.199348618845065     
  0.196751635869095     
  0.199823325467875     
  0.194043745744518     
  0.199850900868021     
  0.199038493899509     
  0.199799951064096     
  0.200368170146464     
  0.198739052248693     
  0.199346371275726     
  0.200436114201214     
  0.199328817523817     
  0.200013439031957     
  0.199954813334611     
  0.199334429978728     
  0.198692898126195     
  0.199903546438872     
  0.199539828878344     
  0.199966430318223     
  0.198447821151077     
  0.200777098990623     
  0.199855239370235     
  0.199303007429199     
  0.199280283757826     
  0.199279503645871     
  0.200598024972346     
  0.198845472663978     
  0.200101545686637     
  0.188660863158395     
  0.199757432591637     
  0.198413185776638     
  0.199835194787539     
  0.199608414369133     
  0.194046507090321     
  0.199447578113256     
  0.198710947021648     
  0.199257050952117     
  0.199593075495199     
  0.199925465820133     
  0.199378016558351     
  0.200984275210198     
  0.198892074021176     
  0.198486096549459     
  0.199414855050789     
  0.199336310676924     
  0.199119876236362     
  0.200515062249185     
  0.199558198484102     
  0.200191024875386     
  0.198587062914793     
  0.198425459127346     
  0.199802619573916     
  0.200109590236325     
  0.199422005417823     
  0.199449893670092     
  0.198733968872317     
  0.199419276961451     
  0.199573926931955     
  0.198519164036928     
  0.199974909788720     
  0.199840574978475     
  0.199826459195596     
  0.198655513590017     
  0.199545228256574     
  0.199670640656818     
  0.198860204788230     
  0.199204611365186     
  0.198763376683228     
  0.198942677415713     
  0.198670626217787     
  0.198802456642955     
  0.198883892754487     
  0.198786454697825     
  0.198752458231193     
  0.199277476245432     
  0.199529428110326     
  0.201220768441441     
  0.198963824055601     
  0.199690267739121     
  0.198999168725477     
  0.199194750046718     
  0.200339116583737     
  0.200500899160237     
  0.199792919779110     
  0.199655047645682     
  0.186927213526465     
  0.199842433768389     
  0.199445354957576     
  0.199871675018086     
  0.198615869300770     
  0.201203718477627     
  0.199177747072895     
  0.200255495944128     
