         125
  0.199033518646894     
  0.199608864924859     
  0.198766116923843     
  0.199506999073558     
  0.200395092818934     
  0.200546203243891     
  0.198595363664741     
  0.200354366777046     
  0.202332330812979     
  0.200558646989655     
  0.202583337899460     
  0.197297723469004     
  0.198456574893105     
  0.198346609359751     
  0.199721042770293     
  0.199693940505992     
  0.201689213404234     
  0.189614873926261     
  0.201667457299595     
  0.201863888621332     
  0.200821279622355     
  0.202235902431571     
  0.197955782183543     
  0.197707110760933     
  0.199138243510957     
  0.190279637594667     
  0.201645753805737     
  0.200051964188398     
  0.201262823898456     
  0.197367661571292     
  0.199630456935003     
  0.201057516373214     
  0.198342310995507     
  0.201290395279457     
  0.200164261689909     
  0.199710001683675     
  0.198970199473898     
  0.199988551600038     
  0.199621499517882     
  0.198486099281683     
  0.199243374221274     
  0.198034246072313     
  0.201892984657937     
  0.199494238095081     
  0.197023971112207     
  0.199442389428730     
  0.184736396079136     
  0.200361744592093     
  0.200541402973109     
  0.199901179688035     
  0.199188244532437     
  0.200620950166987     
  0.198938200573566     
  0.166964768480609     
  0.198961048643347     
  0.199279852886527     
  0.199986651359093     
  0.198643020561091     
  0.199501374116035     
  0.197653500167577     
  0.200673878688179     
  0.199868458010136     
  0.180910615871812     
  0.199810852890281     
  0.199638831168789     
  0.200290370374117     
  0.197754885178985     
  0.199948156482508     
  0.198270157514428     
  0.199721735512227     
  0.200127544351328     
  0.198571385987249     
  0.198620393619574     
  0.200662515149586     
  0.198879859292597     
  0.194279667513542     
  0.196198542760855     
  0.199547907619875     
  0.198135899334772     
  0.197292201490632     
  0.199128019902691     
  0.169534188693420     
  0.198393244679574     
  0.198865750982793     
  0.196634394379766     
  0.200314271466507     
  0.196969841354234     
  0.197170255921656     
  0.189220953254066     
  0.201335846077280     
  0.197831315889651     
  0.199505218421995     
  0.202014103672137     
  0.198491380091015     
  0.195180471908079     
  0.201674449946922     
  0.192526330952976     
  0.197566009813996     
  0.198746268979652     
  0.201654486959340     
  0.199340576715195     
  0.200531487738031     
  0.189602669719948     
  0.199360714122112     
  0.199601633522187     
  0.198898100967999     
  0.196207767937219     
  0.201110932850274     
  0.199182440943578     
  0.198638932165039     
  0.199503257219589     
  0.200456437980066     
  0.196749833661668     
  0.196641228760784     
  0.200614263333003     
  0.200774859413285     
  0.201505860915023     
  0.201088176214722     
  0.198936209858476     
  0.191813213956218     
  0.199788308122898     
  0.200451735823733     
  0.200991927073757     
  0.200475619317476     
  0.195391537615738     
