         132         114
           4
          45  8.069317850524906E-027  3.734705959137269E-029
          80  2.806297485317761E-018  1.298830801657176E-020
         100  2.070743874241776E-018  9.552188928008343E-021
         122  6.984975561569507E-018  3.226317472435318E-020
          11
           2  5.867078760338276E-029  2.702249792636615E-031
           8  2.125310953425862E-012  9.774090388777830E-015
          15  5.056907194225696E-031  2.324374434766418E-033
          17  3.147532401597132E-019  1.447958576259713E-021
          30  7.639711421590080E-018  3.528393436022585E-020
          36  8.308333260895258E-011  3.827770070048711E-013
          38  9.669287973676496E-012  4.510527976773680E-014
          50  1.741866151933464E-009  8.036458376460805E-012
         109  6.385482936314797E-008  2.986022010441751E-010
         112  6.711194819656855E-015  3.100683040835140E-017
         116  1.301622974667202E-010  5.995360983546278E-013
           0
          10
          16  1.119099049541257E-008  5.184453399722816E-011
          27  1.116981831857440E-008  5.236811638070575E-011
          40  1.762380572405113E-006  8.381067719791386E-009
          51  7.608836308812639E-018  3.500875947785366E-020
          82  1.773046461789011E-016  8.270406688084320E-019
          84  1.418105014027344E-027  6.540838864564045E-030
         115  6.660276457008667E-010  3.178784567491376E-012
         121  2.783109299602740E-021  1.283584577234077E-023
         127  4.457156305295506E-008  2.067427549651781E-010
         132  1.820432714498313E-010  8.460713581080903E-013
          21
          15  3.218123251476282E-019  1.485332071302728E-021
          26  8.760158273349885E-012  4.194818185676084E-014
          28  2.483227692563148E-003  1.350855635851513E-005
          29  4.193166178098657E-006  2.219238397231489E-008
          34  1.417625147950486E-006  7.876825299520304E-009
          37  1.243919887846427E-004  6.519582999564594E-007
          39  6.199489380918909E-030  2.849531833430068E-032
          62  2.029530639261532E-010  1.059312633918286E-012
          66  1.993154858976961E-007  9.967622193702241E-010
          68  2.138994683726900E-007  1.073818961841467E-009
          69  1.875626068952403E-007  9.329031640883095E-010
          70  4.416373053184567E-003  2.425780304850367E-005
          72  8.365761512031791E-006  4.555007031137072E-008
          74  2.416919512489884E-005  1.241286427969365E-007
          77  1.627699621549251E-007  8.873511337724168E-010
          78  1.292533933590826E-003  7.124969733050696E-006
          96  3.247542696686922E-007  1.630887813483760E-009
          97  2.015467036298080E-007  1.113976191319430E-009
         110  1.325226418105191E-006  7.272476277446008E-009
         123  2.238615249035893E-004  1.208971258170127E-006
         124  1.473063307848927E-007  7.303956770040618E-010
          20
          21  2.974080124135889E-006  1.617528750007067E-008
          28  3.711464649559208E-006  2.005283584445396E-008
          29  2.662516337278765E-019  1.255562297965828E-021
          34  1.017004767763488E-003  5.801558399992215E-006
          37  8.200212196884560E-028  3.763716780524105E-030
          39  1.959405320593516E-004  1.087707941769881E-006
          41  9.364075370386368E-006  5.018087081521407E-008
          62  1.479532532682806E-003  8.205735254855674E-006
          67  3.793296423802016E-010  1.948221595306492E-012
          70  8.237464232218109E-006  4.506194063971275E-008
          72  1.727670228906443E-003  9.650257314128794E-006
          77  6.159298777879576E-003  3.475918315286544E-005
          78  2.105065240733087E-007  1.142519147469418E-009
          82  1.072689444673446E-017  5.016657464123805E-020
          97  4.369092096568121E-004  2.488673039459095E-006
          99  1.017005035228130E-008  5.158673852931432E-011
         101  2.902895234917674E-009  1.516678256437269E-011
         110  6.090402462882194E-003  3.441103078882034E-005
         115  1.555585557973544E-025  7.150476029737632E-028
         123  6.416684917270730E-006  3.455119471887730E-008
           9
          12  1.547476603155360E-021  7.138507947631650E-024
          48  3.938905032547805E-009  1.847249441583161E-011
          54  9.589938130614467E-007  4.478138606785032E-009
          58  1.326353245931625E-006  6.346165180969237E-009
          64  7.913827027314775E-007  3.737029700650955E-009
          75  2.514696063698514E-015  1.166902064679413E-017
         104  1.423021468708495E-020  6.556019542478902E-023
         127  1.567744924528212E-026  7.221500386293668E-029
         132  1.402176152710652E-008  6.531162642083304E-011
           3
          32  5.688172188127807E-019  2.625882109878952E-021
          53  5.620827393903168E-017  2.586338340938295E-019
          65  1.697010783407846E-016  7.821689123903137E-019
           5
          16  6.407678795140556E-018  2.957332402817602E-020
         104  8.221787993463979E-022  3.792962824191691E-024
         114  3.375401567608793E-017  1.559545760807284E-019
         127  3.236705215531668E-017  1.492975910064155E-019
         132  8.682864972199302E-015  4.018615710321737E-017
          14
          16  6.107097450532085E-024  2.809283598651778E-026
          27  1.061000281786168E-005  5.008976020096132E-008
          40  3.476352935306018E-005  1.661352473061230E-007
          41  6.116151535458203E-015  2.952398640660671E-017
          47  1.463101893058025E-028  6.735684350871473E-031
          62  8.193526916749928E-021  3.848493855553867E-023
          76  6.497006083112396E-015  2.990243976096187E-017
          82  9.924164691214369E-006  4.861230738746678E-008
          83  1.657498834737062E-023  7.623043671505022E-026
          99  1.653393632523136E-008  8.166397916585704E-011
         115  6.870738204107561E-005  3.353513135496297E-007
         121  2.489594473441654E-011  1.149174762034605E-013
         126  9.617838097642988E-011  4.483046818296014E-013
         127  2.625169208584201E-019  1.207023145055980E-021
          15
           3  1.709040707871986E-016  7.901622273465293E-019
           6  1.662305419637771E-009  7.698638224218324E-012
           9  6.453206175456011E-012  2.989608942246208E-014
          14  2.791338549256549E-024  1.291690400539437E-026
          20  1.255949993762970E-009  5.935576985787255E-012
          31  1.542757737115107E-011  7.139835483955293E-014
          44  9.143078316501106E-018  4.217310269559657E-020
          57  2.055086177996425E-014  9.492547078296695E-017
          73  2.533761098245294E-008  1.179726437680331E-010
          79  8.828170058864325E-010  4.090879686813097E-012
          87  5.515924478222176E-014  2.592180158806157E-016
          88  2.894211870011497E-008  1.344015780771973E-010
          91  8.549110246770261E-019  3.959094676406441E-021
         105  4.553487037407995E-015  2.103604454197318E-017
         130  3.660956262957563E-008  1.703578733148024E-010
          18
           4  5.738057008189274E-009  2.893222357472346E-011
          20  5.396855762087834E-009  2.601452509283251E-011
          29  3.203193167601132E-008  1.664961469651240E-010
          34  4.878596883383850E-010  2.617557503934336E-012
          42  2.556129856042119E-005  1.311768873512479E-007
          78  8.600640545068986E-011  4.470359426304103E-013
          86  7.822760591708081E-017  3.673829154695554E-019
          87  1.009806284958316E-007  4.968324430195207E-010
          89  9.284364922574107E-011  4.473592978067004E-013
          91  4.808677130646448E-018  2.238587050830795E-020
          95  1.065458323984257E-013  5.063998710285950E-016
          97  8.289227002601468E-009  4.507848051016562E-011
         103  3.804345269123910E-016  1.812149016695254E-018
         106  9.349138040333981E-005  4.952896690296532E-007
         107  1.191706083227233E-007  5.959303930665998E-010
         113  2.848743846462919E-003  1.516214075415652E-005
         120  2.260400971835443E-003  1.186870722951024E-005
         125  1.596867619889926E-013  7.543999583995979E-016
           8
           6  2.877503040209775E-017  1.332525607812942E-019
          14  2.185083996849749E-027  1.012766417260608E-029
          31  3.756055494294731E-019  1.740334482602387E-021
          57  3.604233543021062E-019  1.667336255162929E-021
          73  9.102854952519148E-018  4.211854422797288E-020
          79  5.696644548839805E-017  2.640458531971418E-019
          88  1.066843783642403E-015  4.936678795879115E-018
         130  4.041729282861354E-016  1.875080833529125E-018
           6
          13  5.348880628149174E-026  2.467916114090076E-028
          25  8.089835682305851E-018  3.734411311316875E-020
          48  2.881688011431607E-014  1.338359049983733E-016
          64  2.442589997480776E-021  1.129877938993520E-023
          75  1.392771694084920E-020  6.444176707301131E-023
         117  1.189943777602956E-015  5.480098022449697E-018
          14
           3  1.664346818742543E-009  7.717185287483669E-012
           6  6.799150677647893E-010  3.146339227339437E-012
          20  7.678093881646650E-009  3.635126611608915E-011
          31  7.783378071846310E-012  3.599601598210796E-014
          55  1.828963919089327E-020  8.452895332043062E-023
          57  2.526706294552057E-018  1.166200895278125E-020
          73  2.970611060996014E-012  1.374941329217027E-014
          79  2.195744929080880E-010  1.016647389736271E-012
          87  1.441701589199233E-010  6.861679963189497E-013
          88  2.736460749934538E-011  1.266274641583746E-013
          89  2.160691075150831E-015  1.008089360907676E-017
          91  3.932828670278870E-010  1.846749312780962E-012
         125  2.793401074841037E-013  1.306376368351139E-015
         130  2.978511324577203E-009  1.383933316612847E-011
          15
          12  8.534967910117650E-005  4.221270281667552E-007
          21  3.265913897473742E-006  1.736551868342068E-008
          35  1.086045423520507E-012  5.083405089792668E-015
          39  2.803470893443945E-008  1.480438861301787E-010
          41  1.570890091082507E-008  8.080147142793429E-011
          48  2.051958610778379E-007  9.779553510399081E-010
          54  1.380241108754046E-014  6.416363913748043E-017
          58  1.588961009058841E-005  7.730837351747901E-008
          64  1.512311268585581E-007  7.208322135357053E-010
          67  1.806563739298222E-004  9.463008225599090E-007
          75  4.785117982185499E-006  2.315778027486713E-008
          81  1.969117933067997E-004  9.886342923486587E-007
         101  6.990955785519647E-005  3.684015891842986E-007
         103  1.270567033895861E-010  6.261483103833782E-013
         111  1.637808687357433E-014  7.643914941100166E-017
           2
          43  2.745725936498353E-023  1.269702741243524E-025
          93  2.058801427780626E-027  9.506357634082787E-030
          22
          24  3.710392770680867E-026  1.713665919439096E-028
          26  9.147446390095585E-010  4.443932515310911E-012
          28  1.222806600108596E-004  6.630774774370489E-007
          29  4.941534638045735E-004  2.646360706740207E-006
          34  9.912100471198895E-007  5.512229593838430E-009
          37  7.563590549926132E-004  3.982900601835486E-006
          62  1.440135481729621E-017  6.976851638424460E-020
          66  2.103096280905109E-006  1.059304777800519E-008
          68  7.084254909771376E-006  3.591735157719601E-008
          69  3.820351499965446E-007  1.906524431780568E-009
          70  9.370956953724564E-004  5.145962688414205E-006
          72  1.843265339919044E-008  9.869761063620499E-011
          74  5.590727858609564E-005  2.881823059818631E-007
          77  4.925614035778058E-010  2.622532447204143E-012
          78  4.086967985502262E-003  2.258267191506671E-005
          96  6.275697341229500E-006  3.178925217394703E-008
          97  2.841784336387620E-007  1.572301044482159E-009
         107  1.281748804595082E-013  6.157552801140380E-016
         110  9.350656854792188E-009  5.044651779771228E-011
         113  8.611870365759547E-020  4.046677319402092E-022
         123  9.308589458745840E-007  4.954780509770461E-009
         124  3.629575940659528E-008  1.795209571651644E-010
           2
          16  8.971549491106052E-026  4.151674947555168E-028
          51  1.612854798564121E-027  7.446961393389883E-030
          20
           8  7.455994304872085E-024  3.435494785933309E-026
          11  5.750119057041443E-025  2.660014206306900E-027
          15  2.694961760131713E-006  1.284161567757650E-008
          17  7.711342564833902E-008  3.614793722422823E-010
          26  1.080667363741288E-018  5.012273582603738E-021
          28  4.129439463182408E-012  2.063780491245533E-014
          37  7.401313806759655E-019  3.464302242656214E-021
          38  1.829437982077622E-009  8.643894814670840E-012
          50  1.246719233896698E-012  5.766925579346792E-015
          56  1.227041358197059E-010  5.717932091883727E-013
          66  2.180397916740317E-014  1.028884105069026E-016
          68  7.826368614158847E-027  3.612491888221591E-029
          69  5.526477925335199E-010  2.661218454555363E-012
          70  6.950585557889210E-018  3.327861645581182E-020
          74  2.879025031255502E-011  1.395529071896954E-013
          96  1.503147398822776E-018  6.983197469400593E-021
         109  2.666874046117194E-006  1.260332556336775E-008
         116  3.261476553463442E-020  1.504592178271469E-022
         123  1.036535833877234E-011  5.182266887185004E-014
         124  2.585713939839231E-007  1.260952709828871E-009
           3
          22  9.521023098777867E-017  4.377429743580715E-019
         118  1.190180373971926E-020  5.492488742969597E-023
         129  8.620643826842183E-015  3.975429133543088E-017
           7
           7  2.081639007376313E-012  9.584098259146237E-015
          10  4.468913150055884E-020  2.063648299562085E-022
          46  5.682128382278305E-020  2.615095238321161E-022
          76  3.752247709306898E-011  1.731747712976168E-013
          83  2.767727334285592E-026  1.276095960591464E-028
         121  2.017791490908254E-018  9.307021958340512E-021
         126  6.013870690620212E-014  2.786643332464613E-016
           9
           9  1.028297644449587E-020  4.739217065602415E-023
          44  4.646289733973205E-013  2.138880322826344E-015
          52  5.358337617778294E-008  2.483931379949226E-010
          60  3.311035291721444E-009  1.547245270673918E-011
          61  6.892605978938854E-008  3.222208432414922E-010
          63  1.555860478521534E-009  7.228156072364342E-012
         105  2.472471121091248E-009  1.149882857197806E-011
         107  1.303786019703948E-008  6.343362945751759E-011
         128  2.744810019391784E-008  1.271212087570018E-010
           8
           1  4.203699176078286E-022  1.940557557601355E-024
          19  4.915127248836726E-019  2.272607841422542E-021
          33  8.706391154330261E-016  4.019795336950400E-018
          45  1.808901688589952E-014  8.356389638601819E-017
          80  3.070007034050009E-027  1.418144325732744E-029
          92  6.556295550856369E-016  3.024435883984196E-018
         100  1.065768085015672E-016  4.906923475870703E-019
         122  1.335206033508510E-016  6.155401644195817E-019
           0
          18
           1  1.008946087229791E-009  4.725855014375179E-012
          11  8.023557806915420E-013  3.715906017254588E-015
          15  3.635320027977330E-015  1.682637037033599E-017
          17  1.750935360210103E-021  8.072555971584342E-024
          24  7.103842934336011E-009  3.347803132523048E-011
          26  1.087540842084869E-008  5.205043021533554E-011
          33  9.988268850564248E-009  4.656715563159863E-011
          45  1.866040843358084E-011  8.635860200755042E-014
          56  2.008878926093377E-011  9.327459901846019E-014
          66  9.078252759697908E-012  4.333248617021807E-014
          68  3.384143774513971E-013  1.606943858148620E-015
          69  1.084392236560283E-011  5.155570522027473E-014
          74  6.222772403319126E-018  2.905496508679462E-020
          80  3.971089055858184E-013  1.836549004011232E-015
          96  8.814129208680963E-013  4.188375686763270E-015
         100  1.741334529325593E-008  8.063238358232808E-011
         122  2.275738114334232E-009  1.052717385870379E-011
         124  1.110338904548159E-013  5.226006017519281E-016
           7
           7  6.262112744425696E-021  2.885611273027817E-023
          10  1.853734050354742E-028  8.570637381904592E-031
          46  7.444667828517149E-020  3.430498977659656E-022
          47  1.046173352603118E-029  4.834228007934095E-032
          76  3.658557672633229E-014  1.688710422300609E-016
          83  3.537887923419723E-020  1.633193627843701E-022
         121  7.197561659366328E-018  3.323941876716709E-020
          21
           4  5.993645681132927E-005  3.041819827064914E-007
          35  4.211565166871035E-014  1.955403443888616E-016
          42  6.369302183543971E-007  3.184837571637821E-009
          43  6.872818377522005E-021  3.172047917338448E-023
          55  3.993137102605544E-014  1.848411633496392E-016
          81  1.130394559824030E-021  5.230216218548274E-024
          85  1.025902218209977E-006  4.844979561284521E-009
          86  2.336049288131800E-004  1.162722680301725E-006
          87  5.764902345211221E-011  2.748012282853418E-013
          89  1.723577349095889E-006  8.357596197085677E-009
          91  4.600480504548794E-010  2.167942428936082E-012
          94  3.077776591962289E-006  1.460736670602757E-008
          95  3.071694362103334E-004  1.515179420715582E-006
         102  1.011898451112944E-007  4.768202659653885E-010
         103  7.546868524924211E-006  3.814304408214682E-008
         106  1.027553943654483E-007  5.251158588776109E-010
         108  2.083976637588276E-008  9.864566918849631E-011
         111  9.159415977462460E-010  4.325585897306740E-012
         113  9.529989552240958E-015  4.595970675140664E-017
         120  1.508236867227025E-016  7.138083878291925E-019
         125  3.130311059444869E-007  1.502590559466566E-009
           6
           2  2.758829044800353E-007  1.287602127959089E-009
          32  1.723934524789681E-011  7.981618508915093E-014
          38  2.845796643007726E-008  1.343023346167723E-010
          53  1.601731157567950E-009  7.387164567525066E-012
          65  4.471645872516566E-011  2.065669901081086E-013
         109  3.505978846807634E-019  1.616593904713982E-021
          23
           1  2.918561020112166E-022  1.350559173019513E-024
          24  2.714685206360620E-015  1.268016810811892E-017
          26  1.843949041537598E-010  8.900284189209868E-013
          28  2.013065807227947E-008  1.056006655067201E-010
          29  3.925198813613923E-003  2.102691913327965E-005
          34  1.111857969052728E-008  6.059201917557214E-011
          37  1.733121090422574E-004  9.056475922838564E-007
          66  3.133176775685507E-007  1.566531161161558E-009
          68  5.388342022823229E-006  2.724928361658125E-008
          69  4.023457291738804E-009  1.977110699843011E-011
          70  2.756672548176437E-006  1.487473092643015E-008
          72  1.004980551817850E-018  4.828980406277017E-021
          74  2.266447591535068E-006  1.154795303722064E-008
          77  2.738603277160719E-022  1.289628708638221E-024
          78  6.655968615725019E-004  3.652524013579678E-006
          96  2.488555038140828E-006  1.253451890304380E-008
          97  7.469953213303842E-009  4.068751577923570E-011
         107  8.672315000602180E-007  4.358226697860725E-009
         110  1.775602612767254E-016  8.749786872099471E-019
         113  2.191334929671851E-010  1.110147412319930E-012
         120  3.854176072094312E-011  1.919885351703636E-013
         123  3.955870299582872E-014  1.958800844295573E-016
         124  3.822117470086738E-012  1.835767081540517E-014
           2
          83  3.346058516464550E-026  1.542912749333591E-028
         121  2.821217967235383E-027  1.301422493945805E-029
           7
          22  2.060335502967276E-014  9.474925445198628E-017
          25  5.772697968084433E-014  2.662051910936167E-016
          35  1.864347257468359E-014  8.629949483725036E-017
         108  1.878349576956428E-016  8.683085662324043E-019
         111  3.389402195538563E-016  1.567704958463367E-018
         118  7.411593348478142E-020  3.421116123013423E-022
         129  9.455605552563869E-011  4.369499209751852E-013
          18
          21  8.632200948612105E-012  4.430458791622431E-014
          28  4.089372746038582E-004  2.228840885946859E-006
          29  1.918942785039163E-016  9.231515516905829E-019
          34  4.472634079466433E-005  2.523721027302054E-007
          37  5.973640155532319E-013  2.933635691629858E-015
          39  1.498841866096684E-007  8.114216675192748E-010
          41  8.212547963288046E-009  4.285342607586386E-011
          62  5.362744690337947E-004  2.949851435036850E-006
          70  2.423936603352314E-004  1.331413004801075E-006
          72  5.402393786048199E-003  2.998620319583158E-005
          74  1.988896264194452E-016  9.402994328612686E-019
          77  1.517550669469154E-003  8.493773254727425E-006
          78  1.419922303004875E-006  7.726361957234950E-009
          82  6.936705044348712E-015  3.285322994371692E-017
          97  7.568283706043936E-006  4.251209014972741E-008
          99  2.607303004498894E-007  1.333472600203952E-009
         110  2.499448799015290E-003  1.403479550214553E-005
         123  9.827900282274075E-004  5.339781688269849E-006
           1
          53  2.734640611382368E-020  1.259744705896046E-022
           4
          45  3.643407732486574E-026  1.683282562260110E-028
          80  1.595299342428649E-018  7.370394136004813E-021
         100  5.256989589637831E-019  2.420663714395841E-021
         122  2.951808625857259E-018  1.360995258387875E-020
          18
           2  1.755453909396421E-019  8.117326867553068E-022
          28  8.252648451532165E-007  4.361663114034825E-009
          34  9.523501605750521E-016  4.766334551595782E-018
          38  5.961235064465938E-010  2.833680062453858E-012
          39  2.349259401789207E-022  1.101153414430376E-024
          41  1.218972096265800E-014  5.951142489612309E-017
          62  7.640400626438646E-006  4.107196482582705E-008
          70  8.084057431126176E-009  4.245179474055982E-011
          72  6.244299186634785E-005  3.390276735830536E-007
          77  4.424636788257149E-007  2.394616979698733E-009
          78  5.447452033252000E-024  2.536275674257481E-026
          82  8.885357079979154E-008  4.376819129259002E-010
          97  1.043148872609056E-024  4.870365383818040E-027
          99  1.160641263697513E-004  5.943439830276723E-007
         110  8.344273915375052E-007  4.518984543298739E-009
         115  1.880967575075726E-011  9.008190980101253E-014
         123  9.327468752777473E-005  4.973773691396976E-007
         126  1.057945505112335E-015  4.921953683626404E-018
           8
          16  8.581823671585592E-010  3.979359572065855E-012
          40  2.732663837308019E-021  1.263035374409013E-023
          54  2.038364783092242E-014  9.446660494608765E-017
          58  3.551251057038753E-023  1.642810929715615E-025
         104  1.001415846321287E-017  4.629889098160698E-020
         114  3.294309609839207E-015  1.525439534818110E-017
         127  3.700201426437305E-009  1.717591004425348E-011
         132  4.567591532686325E-008  2.133692349129509E-010
           7
           5  1.177773453139088E-012  5.429439533478166E-015
          43  8.670130189934333E-012  4.002000711384274E-014
          55  9.183287952625610E-013  4.244489692427804E-015
          85  3.949621112088047E-012  1.833169914349193E-014
          94  5.257806833934058E-019  2.427407878901627E-021
         102  8.405765462077173E-013  3.895448178957950E-015
         119  1.975754849269297E-016  9.100536248628145E-019
           7
           8  1.102614260412417E-012  5.087080833961152E-015
          17  4.684448653459492E-017  2.162929621549203E-019
          30  2.579510450833515E-023  1.195349480264023E-025
          36  2.262057185209904E-022  1.045073470526168E-024
          50  5.543702779871201E-012  2.562836664350347E-014
         109  4.643524587661827E-015  2.150297008940500E-017
         116  1.879924277306547E-013  8.682777618436366E-016
           8
          12  1.890312352145210E-014  8.840204978305767E-017
          48  1.337780075045289E-007  6.300126928424515E-010
          54  8.964104674457353E-007  4.184915983136012E-009
          58  1.711280187840371E-006  8.186060017474012E-009
          64  2.919025294328014E-006  1.379146096113105E-008
          75  2.559365802597539E-011  1.201085434374083E-013
          81  1.071106794415775E-018  4.971959534403698E-021
         132  9.370569676007607E-011  4.349861613192616E-013
          10
          16  3.365435303440299E-011  1.554073275639221E-013
          40  1.963789344949997E-013  9.124818508858853E-016
          41  7.229412612669153E-029  3.328417204553910E-031
          48  5.342376862609921E-019  2.465020437601521E-021
          54  7.347422821730273E-009  3.418291552046606E-011
          58  3.859027860419818E-008  1.837287374790235E-010
          64  3.698318461699757E-010  1.729638289263800E-012
         104  5.108699985460158E-023  2.351648316395407E-025
         127  7.137794372247729E-010  3.300640798095803E-012
         132  7.778622483101346E-007  3.632180233975401E-009
           2
          51  2.201569969806218E-021  1.014545446244157E-023
          84  7.263966170650499E-024  3.355894535857971E-026
          24
           4  1.221888694894912E-006  6.328879022415256E-009
          21  3.086885061935299E-005  1.687963597430988E-007
          28  1.290642531462400E-024  5.975537184319981E-027
          29  1.293096671070982E-014  6.353417446327475E-017
          34  2.868930991703298E-004  1.633787379665114E-006
          39  1.272923874705655E-005  7.004519154507462E-008
          41  1.121293018645332E-011  5.695720410160187E-014
          42  2.602470134668663E-008  1.323186336749539E-010
          62  1.013544305719509E-011  5.245823240409664E-014
          67  4.496196448107923E-007  2.372584502562080E-009
          70  2.309209090328642E-013  1.169435753754951E-015
          72  5.344173120748845E-012  2.771961919976112E-014
          77  1.158432733437971E-007  6.353887337759506E-010
          78  8.470636813499285E-010  4.497306445185897E-012
          81  2.065864325944528E-015  9.819509608061724E-018
          86  4.122313611274874E-010  2.034847346463355E-012
          95  1.675992348394094E-013  8.007585992269251E-016
          97  8.663297494462284E-004  4.935784354737769E-006
         101  3.623103798775456E-006  1.939940472459992E-008
         103  7.805092000168938E-007  4.032629332033750E-009
         106  8.729882637601526E-005  4.677911973541197E-007
         110  8.466099017538551E-008  4.639834788954070E-010
         113  2.855744445475916E-006  1.512017294018110E-008
         120  9.289226003759926E-008  4.808768147417205E-010
           4
          54  8.455091674998711E-021  3.905048839879363E-023
         104  1.335965215347540E-016  6.162966396547258E-019
         114  5.082296532952952E-025  2.348091770009535E-027
         132  1.462916708402114E-016  6.766483750418142E-019
          12
          12  5.096683394229923E-007  2.472438206080014E-009
          25  1.319437942863690E-013  6.102261427345859E-016
          35  7.970686906932474E-013  3.712590068161260E-015
          48  1.231170466297446E-005  5.847761793367774E-008
          54  1.102812516596555E-009  5.141624319799551E-012
          58  7.615017650415057E-007  3.654621537277891E-009
          64  2.668199294507766E-006  1.265766420997135E-008
          67  6.990831761115217E-016  3.348847480767977E-018
          75  5.382226697901324E-006  2.582994824274518E-008
          81  3.291891791512054E-008  1.607775090883479E-010
         101  6.347158872039329E-021  2.974142185947581E-023
         111  4.808663706093235E-019  2.223642460533371E-021
          18
          12  7.132358578986222E-009  3.464469319559479E-011
          21  4.715009191320215E-006  2.510771681382765E-008
          39  1.627024446832109E-006  8.715798866736198E-009
          40  1.013631410618193E-016  4.704786621438783E-019
          41  5.419182003402531E-005  2.852668027127974E-007
          48  1.755688797544312E-011  8.258075062592102E-014
          54  2.777358468686295E-014  1.291296700773762E-016
          58  1.033915079342529E-005  5.033647695182859E-008
          62  6.301197152412448E-012  3.200388346539377E-014
          64  4.319427488115020E-009  2.048530712594205E-011
          67  3.087699615891383E-005  1.613814776381425E-007
          75  1.991477564304425E-011  9.426558701251437E-014
          77  1.288541967894760E-014  6.445575817202567E-017
          81  6.728224438875331E-008  3.327813393119698E-010
         101  9.523997112701075E-006  5.007627779183793E-008
         110  2.647949146243780E-019  1.269170675675147E-021
         115  2.440068069327754E-017  1.135950613945848E-019
         132  4.917314488813054E-017  2.282324845912443E-019
           1
           8  3.295147173647708E-028  1.516500682112476E-030
          14
           2  2.251965213161518E-010  1.051912968475641E-012
          15  1.581708543366674E-030  7.282140991937933E-033
          28  1.217834082187646E-007  6.338343300709237E-010
          38  9.701737417919753E-006  4.662257909005758E-008
          62  2.657044815865793E-014  1.315404529417916E-016
          70  1.184294073523509E-010  6.062690995157009E-013
          72  5.781020506795012E-009  3.028504947604117E-011
          77  2.283623178525378E-017  1.109629725977777E-019
          82  1.582047635276927E-023  7.318041194475840E-026
          99  1.203577018300998E-009  5.951174844365570E-012
         109  7.504965745633775E-010  3.523394504549313E-012
         110  6.866748962423150E-015  3.417144341596112E-017
         123  1.082060072266639E-005  5.686430185871602E-008
         124  4.526916815379817E-019  2.097005752903110E-021
          24
          21  8.610540340095252E-010  4.545724804482461E-012
          28  3.380284371877159E-005  1.839970306270681E-007
          29  2.420242214746629E-006  1.289015437177016E-008
          34  3.102442911988754E-003  1.777536539638106E-005
          37  4.021236299717110E-008  2.079127084423556E-010
          39  1.461497241431293E-007  7.952014510299236E-010
          41  7.185734308578806E-014  3.566730167500870E-016
          62  2.995355127450924E-007  1.625634992924363E-009
          66  3.618991806095649E-020  1.677695449520631E-022
          67  1.006404490238324E-021  4.680445333622869E-024
          68  4.101867656512955E-016  1.938719410140805E-018
          70  3.823706791601238E-004  2.113779660863803E-006
          72  3.077816172886807E-005  1.700957429720046E-007
          74  1.419000450614382E-011  6.999517063460963E-014
          77  7.941433866695515E-005  4.451943339990523E-007
          78  9.081064848372357E-004  5.054833401171808E-006
          96  1.714854646822935E-016  8.075059351680930E-019
          97  2.076627240092349E-003  1.190300355775660E-005
         101  7.027637598746026E-016  3.419488743699216E-018
         106  1.621916569574674E-012  8.133271047071477E-015
         110  1.802777580875467E-004  1.013220881930852E-006
         113  7.435350173924213E-011  3.783991797533418E-013
         120  9.199921029825876E-014  4.496673250170604E-016
         123  1.465805913518320E-006  7.880750693761183E-009
           5
          33  9.050031158113823E-018  4.181818027471665E-020
          45  6.249839219560134E-015  2.890794256642341E-017
          80  7.722901435283622E-015  3.572028443061832E-017
         100  1.901121537344662E-013  8.769402563315724E-016
         122  2.336202689780319E-013  1.078709706863528E-015
          13
           3  5.420949161976349E-013  2.501093609536592E-015
           6  2.397535459458450E-009  1.107152139518036E-011
           9  8.428104381448711E-016  3.886833030512980E-018
          14  2.707676047175727E-025  1.249326753312070E-027
          20  9.362090865718756E-010  4.408967632433070E-012
          31  4.196844343232186E-011  1.936646088228143E-013
          57  1.977449904118478E-014  9.107046123996915E-017
          73  1.525141988013209E-009  7.066493751870986E-012
          79  1.179004980931759E-009  5.447248298963311E-012
          87  1.908566523097390E-013  8.962343683943426E-016
          88  3.825167441680118E-009  1.770035559715151E-011
          91  4.381142805138864E-015  2.029559997273045E-017
         130  2.110263195294145E-008  9.788911806415948E-011
           7
           8  1.946620488651616E-012  8.961983380722672E-015
          17  7.104142982420539E-022  3.272129111140092E-024
          30  6.868455065943825E-019  3.176184773565794E-021
          36  1.559670299350673E-016  7.190520210141728E-019
          50  2.214580810041891E-011  1.021858987044090E-013
         109  1.096078521492704E-013  5.073497906158263E-016
         116  1.970852328270210E-012  9.084197409066676E-015
           5
           9  2.491998929347066E-014  1.151298157144350E-016
          44  1.033431503690963E-011  4.767805121425989E-014
          52  1.217410975718857E-016  5.622316310628000E-019
         105  1.111020239179279E-012  5.138574389733495E-015
         128  1.117579858783959E-012  5.164076697512018E-015
           5
          19  2.242198118625291E-019  1.034188741150251E-021
          60  4.044242382612789E-023  1.864129048011192E-025
          61  1.537677403611869E-021  7.075988694689946E-024
          63  3.998268293642109E-019  1.837672616163453E-021
          98  1.359189080559682E-021  6.255647709464413E-024
          25
           4  2.897251934607409E-006  1.499979533277909E-008
          21  9.099848307937664E-006  4.964440752761489E-008
          29  9.901482691360247E-014  4.896780315333403E-016
          34  1.651041139230569E-004  9.355365124267184E-007
          39  2.883758737920688E-006  1.578668634467593E-008
          41  8.999885751110325E-014  4.465650645116138E-016
          42  1.797583940436846E-007  9.178948039219956E-010
          62  1.274161030470195E-013  6.434467223622292E-016
          67  1.002446148347418E-007  5.259194781528853E-010
          70  3.392284391186614E-014  1.698684716492672E-016
          72  1.384270557026823E-013  7.024786675531932E-016
          77  1.735818459026007E-008  9.431515091801110E-011
          78  7.558346939659510E-010  4.000311934072103E-012
          81  3.590580832780754E-017  1.686175162323512E-019
          86  1.369451968893541E-009  6.770323789495586E-012
          87  6.620127693654826E-029  3.056866490526283E-031
          89  9.270469215783316E-024  4.282394814567055E-026
          95  3.435600526302994E-012  1.653007537758402E-014
          97  5.564045458875807E-004  3.163766568517027E-006
         101  1.042390864540871E-006  5.547316473019742E-009
         103  9.757762729780405E-007  5.034602314268342E-009
         106  2.103897980005579E-004  1.127097091117538E-006
         110  1.354626300675282E-008  7.354476592768389E-011
         113  1.179835665355323E-005  6.252792783017059E-008
         120  6.036451575733474E-007  3.137393591361599E-009
           7
           3  8.728162652868868E-019  4.036213452435657E-021
           6  1.931135443478351E-014  8.931784883625747E-017
          31  2.969274873304070E-015  1.373987106597290E-017
          57  3.448118899064851E-022  1.593018371676699E-024
          79  8.628978143322279E-015  3.994552353357019E-017
          88  1.226743439599332E-028  5.668128942658499E-031
         130  6.854032989125688E-016  3.175697585002967E-018
          18
           3  2.502931897294367E-026  1.155742765993062E-028
           4  9.425554615386321E-005  4.815268923185398E-007
          20  1.173969737485249E-007  5.632643445218808E-010
          42  8.360104743076016E-004  4.259176042472014E-006
          55  4.622792830036927E-014  2.144414298655225E-016
          85  1.604992469211539E-010  7.525566211412526E-013
          86  8.424940535246461E-006  4.187685786823445E-008
          87  2.897143901963482E-005  1.422321310094388E-007
          89  1.700953614338501E-004  8.342267692223330E-007
          91  1.513682192032271E-006  7.247376897430864E-009
          94  1.991237922522299E-012  9.303954801488724E-015
          95  1.141522522808509E-004  5.649306275560557E-007
         102  4.284560481531753E-008  2.024559166367972E-010
         103  1.615088899695510E-007  8.112335014427796E-010
         106  1.118569914186475E-004  5.850073671207632E-007
         113  6.221918106840706E-006  3.221964742027067E-008
         120  5.151602616785517E-006  2.634657212334535E-008
         125  3.719397495464337E-005  1.805017947866123E-007
          18
          21  4.866647546063813E-006  2.638605281869898E-008
          28  5.107382460472359E-008  2.711951117632801E-010
          34  5.015170800053565E-005  2.834402113240842E-007
          39  3.393014469118523E-004  1.882450872622489E-006
          41  2.179363446447791E-004  1.173482136236793E-006
          62  4.478746228907648E-003  2.477428895381683E-005
          67  2.885990117632913E-009  1.491285471915489E-011
          70  4.813535138711989E-008  2.579231845787454E-010
          72  9.334468909267225E-004  5.184081035125718E-006
          77  4.255569412235933E-003  2.392780767915271E-005
          78  1.852571859027682E-011  9.612134149801692E-014
          82  2.076272167849720E-010  1.016330864922815E-012
          97  1.620093813763702E-005  9.125594163406154E-008
          99  1.535754507631225E-006  7.906783755010596E-009
         101  9.053296527790509E-009  4.734207761238738E-011
         110  2.961026274592251E-003  1.665703672416856E-005
         115  2.351515046721640E-011  1.136770757951472E-013
         123  6.474162760603155E-007  3.457026910164308E-009
          23
           3  1.224803999550251E-011  5.671994230592390E-014
           4  2.538667547210674E-021  1.177058750113655E-023
           6  2.909912420315734E-013  1.344998031830853E-015
           9  3.595190120492947E-020  1.659166965637674E-022
          20  1.144352216878394E-004  5.512415003507665E-007
          31  6.908509397540519E-024  3.189052335734385E-026
          42  2.336407337375863E-007  1.162873523634755E-009
          55  8.856804042360811E-022  4.087470467428405E-024
          73  7.274693502312193E-010  3.381150787048810E-012
          79  1.406904416690847E-014  6.504719894175995E-017
          87  5.787489490323543E-005  2.825424245571570E-007
          88  1.226751597433154E-010  5.686322869406520E-013
          89  2.868255756363839E-007  1.383350970261438E-009
          91  6.837680274535620E-007  3.249827890634651E-009
          95  1.722060861857386E-015  8.038729320546811E-018
         102  1.089713674103422E-014  5.043026417803314E-017
         105  1.043434689204904E-015  4.811741858097851E-018
         106  8.442320793157925E-012  4.169414711104318E-014
         107  2.253875699907057E-019  1.048877336082804E-021
         113  2.064582794529013E-008  1.044733340999157E-010
         120  3.477412020725019E-007  1.752348683222143E-009
         125  2.135369655781079E-007  1.021867343936716E-009
         130  6.027886708447100E-010  2.802644563674786E-012
          13
          12  4.928279509552073E-011  2.339691705564795E-013
          25  6.777902194693517E-010  3.134077015141280E-012
          35  1.152020764425115E-012  5.353516495195171E-015
          48  2.312640898803374E-008  1.087112888707164E-010
          49  2.328092075696399E-022  1.074823501559296E-024
          54  4.239946524358356E-024  1.957732230879732E-026
          58  1.159611473085088E-015  5.382993318908293E-018
          64  3.274564531923599E-011  1.528184675455278E-013
          75  2.494174562536122E-008  1.182868494271329E-010
          81  1.180625116183560E-014  5.558613521603517E-017
         111  3.647610609303524E-019  1.683359164281605E-021
         117  2.402054576065432E-016  1.104898022206632E-018
         129  1.958246181230894E-019  9.031554220969577E-022
           0
          19
           3  4.907833348814353E-012  2.276193793977972E-014
           4  5.807867691219978E-007  2.917487529084271E-009
           5  2.670759937445092E-021  1.232141569595994E-023
          20  1.559386609714360E-006  7.485690715353346E-009
          42  8.243619959292720E-005  4.167359593964214E-007
          55  6.455153626607702E-010  3.006920043551696E-012
          85  6.176168636447544E-010  2.893487773201636E-012
          86  5.549976452918904E-008  2.715473195950605E-010
          87  7.547905178330398E-005  3.699636689309878E-007
          89  2.511103114396659E-004  1.228090470173703E-006
          91  2.657066391164917E-005  1.272090974590763E-007
          94  7.437638736087278E-014  3.457274348196955E-016
          95  1.146983244036528E-005  5.626584716434892E-008
         102  7.923812555457770E-007  3.744369231066817E-009
         103  4.531074440269975E-012  2.198587881592693E-014
         106  5.598723383289266E-007  2.872493486012855E-009
         113  5.594182757409403E-008  2.847183871108361E-010
         120  1.336144205425620E-007  6.747715565070270E-010
         125  1.318486216686144E-004  6.387999740143494E-007
           3
          11  1.268553317129206E-014  5.872799308794837E-017
          23  9.439665478671005E-020  4.357156872007996E-022
          56  1.047198740640272E-018  4.838188084944049E-021
           7
          18  5.814665099619353E-019  2.672395291969987E-021
          54  1.201760633533522E-009  5.565701169071820E-012
          58  2.193562267700273E-015  1.015802107104266E-017
          64  2.460807106182585E-013  1.139229321836880E-015
         104  4.032323832344147E-014  1.853660646237108E-016
         114  1.622850919158541E-025  7.471478524353870E-028
         132  1.625082892377204E-010  7.522944936135145E-013
          13
           9  1.955623446656292E-014  9.060960688905303E-017
          20  1.216992414611293E-008  5.806149001313814E-011
          29  7.287244668583671E-010  3.683257501353914E-012
          42  4.939298937864565E-012  2.393341004693754E-014
          44  1.095830079044959E-014  5.063267273749309E-017
          73  3.190482274754810E-012  1.482065903495377E-014
          87  2.373125027058955E-010  1.137134124844301E-012
          88  1.168510242956320E-017  5.397924494607460E-020
         105  7.317250418684463E-008  3.443589891392260E-010
         106  1.291379718481379E-014  6.255823565652520E-017
         107  1.269046981820674E-004  6.357690392650619E-007
         113  7.173710933180060E-007  3.689234571309157E-009
         120  5.154397489501047E-006  2.631517690639575E-008
          19
          21  7.851988935624169E-019  3.762943184901668E-021
          28  4.185801620800516E-004  2.276487644474756E-006
          34  9.045557016589087E-007  5.033197894041596E-009
          37  2.632359391271617E-014  1.279419735629618E-016
          38  1.317411932022538E-020  6.113045026852849E-023
          39  6.647417141464758E-010  3.512498499502333E-012
          41  1.511472372502969E-010  7.736814995462592E-013
          62  2.108214309895407E-004  1.156990947106482E-006
          70  1.011896086060992E-004  5.533423061977499E-007
          72  3.354647969281950E-003  1.862507405888907E-005
          74  1.304653693823111E-016  6.178446706993054E-019
          77  2.752921751174045E-004  1.536990466660125E-006
          78  7.639536688693717E-008  4.109735368251567E-010
          82  2.261120924445537E-012  1.090640930402909E-014
          97  6.429681216880582E-008  3.548449738194623E-010
          99  2.156313654097669E-006  1.108933927704199E-008
         110  5.292990609112298E-004  2.957949311781961E-006
         115  8.833203657099231E-021  4.097382950137293E-023
         123  2.069345671074013E-003  1.123366687390554E-005
           6
           2  1.339200543168844E-026  6.194498533897260E-029
           7  5.359711869997561E-019  2.475628185791440E-021
          32  6.852654592236076E-012  3.181068472353571E-014
          53  9.623643729262723E-018  4.444587424741687E-020
          65  3.630417727111705E-012  1.680931885073840E-014
         126  6.724193001871602E-025  3.116209355254858E-027
          11
          35  1.354729656582492E-018  6.253357616425968E-021
          43  2.024280825873775E-012  9.353680752857014E-015
          85  1.194212042513107E-009  5.575468086334838E-012
          86  5.739067539858878E-018  2.665472371851280E-020
          93  5.603486422083988E-020  2.584155666020750E-022
          94  4.149659614406627E-008  1.949122792662982E-010
          95  8.230331530771104E-018  3.818673315122644E-020
         102  1.492162098183910E-019  6.889838486141140E-022
         108  2.975834488195586E-010  1.394678405897030E-012
         111  2.989937229019975E-013  1.392290491836783E-015
         129  7.293977975051736E-020  3.367593861018879E-022
          17
           3  7.454181846859175E-008  3.463723755854659E-010
           5  8.240277633585762E-014  3.804678883958395E-016
           6  4.094738762941289E-015  1.892474602323412E-017
          20  5.062994250755049E-008  2.407452419881261E-010
          31  5.715996684722334E-023  2.642633904300820E-025
          42  6.607716953452414E-013  3.169663384613331E-015
          55  4.354271640889446E-009  2.024477075216311E-011
          79  5.684024084348824E-017  2.628982931184637E-019
          85  3.188733162627074E-019  1.474119121361133E-021
          87  1.281462888207288E-007  6.177529258404908E-010
          88  3.454965159200424E-027  1.594933980726840E-029
          89  7.272881111700362E-008  3.492554235428880E-010
          91  1.867284020566794E-006  8.869444548524806E-009
          95  7.282787861975706E-016  3.396737687298304E-018
         102  6.969175181359099E-009  3.262723999145608E-011
         125  3.150262877016355E-007  1.504925474605804E-009
         130  5.787945543133526E-014  2.681350353180369E-016
           2
           5  1.322342059652866E-016  6.095559961883407E-019
          55  2.257334242658728E-019  1.042129503311208E-021
           4
          27  5.252640506021216E-028  2.425632436917449E-030
          47  6.003702565935672E-016  2.771166189273274E-018
          83  1.180650743389763E-015  5.444208001729194E-018
         121  1.101923493561948E-014  5.083768967002022E-017
           2
           2  1.401084100368821E-019  6.461349498595888E-022
          53  2.314801616989126E-017  1.065838583003041E-019
           1
          80  1.980707285959438E-025  9.143843175543325E-028
           7
           7  7.765521978244799E-012  3.580027072205069E-014
          10  7.157600205366745E-020  3.309214840445100E-022
          46  5.624051237820043E-020  2.591510759252985E-022
          76  9.645196019141861E-011  4.457437310458129E-013
          83  1.195743038791831E-025  5.519799146500672E-028
         121  9.055436428399273E-018  4.181862083379866E-020
         126  8.728436896174124E-013  4.056524089260337E-015
          21
           4  1.589535084649142E-004  8.124020310582227E-007
          12  1.458173626513655E-008  7.070769731572741E-011
          21  8.902017688628358E-012  4.507488859395273E-014
          35  4.718201553700366E-008  2.241342914660624E-010
          42  5.323795610726695E-009  2.638381239948385E-011
          67  2.253300033522259E-009  1.141896258113173E-011
          75  1.248346692582500E-013  5.846367931940884E-016
          81  3.133459621396109E-007  1.550068478343594E-009
          85  4.832018385468806E-011  2.261594103684792E-013
          86  5.048779639059335E-004  2.528571085192028E-006
          89  2.337840425624795E-011  1.112173514807167E-013
          94  7.975345019132590E-008  3.778925904248597E-010
          95  1.876405702367130E-005  9.253804304795670E-008
         101  8.132342490857085E-009  4.163000328815852E-011
         102  3.058024215786870E-017  1.414124100862303E-019
         103  8.369483298224656E-004  4.288030037148139E-006
         106  1.836082192861475E-007  9.438158588470185E-010
         108  1.330849391787620E-006  6.359327443982311E-009
         111  1.642365628287500E-006  7.874821023627086E-009
         113  5.660595562001983E-018  2.675711302664227E-020
         125  3.419589261326667E-014  1.599544670268757E-016
          13
          12  1.577996321857125E-005  7.725964936864056E-008
          21  3.661735168870239E-017  1.764201224241289E-019
          25  8.842559243373531E-016  4.091054312626357E-018
          35  3.027277826113834E-011  1.419027738483260E-013
          48  2.003421974585110E-005  9.543855325915814E-008
          54  8.486994612622592E-010  3.964678449316229E-012
          58  1.072890837377548E-005  5.183924907197735E-008
          64  6.331520547386754E-006  3.013103778401999E-008
          67  1.798218630495044E-009  9.062229713791927E-012
          75  2.882127807989543E-005  1.388592240369964E-007
          81  4.118749739339577E-006  2.037532355257003E-008
         101  9.273264735478793E-011  4.656318924957132E-013
         111  1.461864064304721E-014  6.805735555425545E-017
          14
           4  1.790206547489133E-012  8.646048357867939E-015
          12  1.628517993929468E-013  7.660497738840602E-016
          25  3.364065606188000E-020  1.552521883311397E-022
          35  6.580377720243220E-007  3.116296344507522E-009
          75  9.472970869156924E-018  4.389209093395502E-020
          81  1.375449674107511E-013  6.517685539454150E-016
          85  2.875243131802894E-010  1.342272315035472E-012
          86  3.368885190328211E-008  1.641681241305232E-010
          94  8.696395328947711E-007  4.107924009438468E-009
          95  2.599989538854901E-010  1.242901080741791E-012
         103  1.079112715840019E-009  5.304038400757617E-012
         108  1.494017517041408E-005  7.109348099142933E-008
         111  5.850248499030575E-006  2.790353939065950E-008
         129  6.447429673273942E-010  2.989692698242680E-012
          23
           1  6.673815905556657E-010  3.153332258975111E-012
          15  4.804675100429230E-017  2.221835433314751E-019
          24  3.978051702567637E-008  1.898985235035678E-010
          26  1.052514456758571E-005  5.170023190955578E-008
          28  1.780484230517203E-008  9.279254422198402E-011
          29  3.531268729677646E-004  1.862601703201367E-006
          33  1.227553221941779E-016  5.683068200240435E-019
          34  4.986632544505070E-018  2.434010242816918E-020
          37  1.552735975790866E-003  8.083387490694727E-006
          60  2.688030888894014E-015  1.249049054606035E-017
          61  3.577825459687856E-022  1.651071895471974E-024
          63  1.636847318018254E-021  7.545347590519180E-024
          66  2.326621096547431E-004  1.170043843424582E-006
          68  7.184149711471867E-004  3.633413631514879E-006
          69  3.035918410939108E-005  1.513277069376563E-007
          70  5.781405575451541E-007  3.075730458737038E-009
          74  3.533515784072425E-004  1.804737652852682E-006
          78  3.847958699218099E-005  2.081279542983653E-007
          96  5.439971668421375E-004  2.748529978405166E-006
          97  2.504536369718604E-021  1.190268205418594E-023
         107  8.276394020156108E-010  4.053859254821804E-012
         123  4.141493625811050E-014  2.038805504618082E-016
         124  1.132123938366833E-006  5.590444727052099E-009
          20
          15  3.703357846336585E-011  1.750971829950186E-013
          24  1.803064554640127E-015  8.401310559047788E-018
          26  4.100811071472946E-007  2.012146809461053E-009
          28  2.052617997982976E-004  1.106306028224463E-006
          29  1.760099961846169E-005  9.273768347692280E-008
          34  1.739813837949863E-010  9.268013283244052E-013
          37  1.451880868067863E-003  7.604126308101743E-006
          66  6.427203551916805E-005  3.240086936224657E-007
          68  6.081550135025455E-005  3.077850908100891E-007
          69  5.140746792953441E-005  2.575829158997150E-007
          70  4.704181312465720E-004  2.556629681790021E-006
          72  1.139415358449958E-009  5.992401864423025E-012
          74  7.845916098560097E-004  4.036679922134813E-006
          77  6.979972783253100E-014  3.534350443642463E-016
          78  3.714646310266571E-004  2.027175375567236E-006
          96  8.133854161648160E-005  4.113947784343840E-007
          97  6.107815946536496E-012  3.203468727642931E-014
         110  1.582812112503446E-011  8.218453373513672E-014
         123  3.486604806799678E-006  1.850055540322246E-008
         124  2.414675861952004E-005  1.205692960315484E-007
          15
           4  4.492353492785784E-013  2.158526575331521E-015
          35  2.304841285305659E-011  1.075686147781409E-013
          43  2.558193936136008E-012  1.182021051219581E-014
          55  1.634429566527901E-030  7.546696084369509E-033
          85  2.402305470836492E-007  1.127582788132142E-009
          86  1.158744141926467E-008  5.622882068959099E-011
          89  6.635279924944335E-018  3.078474659660976E-020
          94  5.005177922609830E-006  2.364110043362900E-008
          95  6.445806171591305E-009  3.097775143256064E-011
         102  8.370932678678182E-012  3.891726805314719E-014
         103  1.132359619355660E-012  5.455686124186991E-015
         108  2.580574230024964E-007  1.220760971582678E-009
         111  7.850025628282614E-009  3.705053418946892E-011
         125  1.395688281948982E-019  6.456007765054147E-022
         129  1.909766635014947E-016  8.813477773230582E-019
          21
          12  2.682750278754908E-008  1.308762227089591E-010
          21  2.918142043601835E-005  1.563749486833965E-007
          34  6.175534118217025E-024  2.896048794608168E-026
          39  1.005859996660195E-005  5.411118997475068E-008
          40  3.825934273855132E-021  1.768434605318382E-023
          41  1.064163844361611E-004  5.630847523984146E-007
          48  6.897750288446958E-012  3.243700032655224E-014
          54  4.109622512921051E-017  1.906092213498480E-019
          58  5.102498862518575E-006  2.484515375414145E-008
          62  8.164972202491171E-011  4.202541464067214E-013
          64  1.041655426380213E-009  4.936528108157012E-012
          67  1.271034853349006E-004  6.679048635826758E-007
          75  4.782960873612779E-011  2.271001464295771E-013
          77  1.924247158219827E-012  9.876894345955116E-015
          81  3.088010068598775E-007  1.534109394379226E-009
          97  5.186437471246767E-022  2.457577996104317E-024
         101  5.054055501966863E-005  2.668656952581394E-007
         103  2.727897875086530E-023  1.262180661708832E-025
         110  3.130215826653477E-015  1.556737408865860E-017
         115  1.769730907314622E-019  8.203752587506016E-022
         132  2.490382388332987E-026  1.153376924641687E-028
          13
           2  1.068472429998272E-017  4.935306324106725E-020
           7  8.962142737084692E-013  4.140187375061813E-015
          27  4.157533505814578E-011  1.943513131087030E-013
          32  6.270147790901371E-011  2.914834435386413E-013
          38  2.340759311680793E-029  1.081685937112841E-031
          40  1.591911247222008E-013  7.421622664118057E-016
          62  1.705483433329162E-019  8.102308360658659E-022
          65  4.299453352117012E-015  1.987188406219890E-017
          76  1.443856495195459E-011  6.687889094548649E-014
          82  1.322272554150759E-005  6.500293076977890E-008
          99  3.460539605690456E-006  1.737677225119651E-008
         115  2.620122631385256E-007  1.271508996008260E-009
         126  1.079063924299686E-005  5.118301036502369E-008
           7
           2  1.559602153458902E-018  7.209036721179455E-021
          36  8.087012180844027E-014  3.736892966148998E-016
          38  4.814792481083170E-018  2.229753267972495E-020
          50  3.170210735443867E-024  1.464856098541212E-026
         109  7.737344945694228E-019  3.577094536962444E-021
         112  2.124542413913317E-016  9.849474773889095E-019
         116  6.399256616289100E-023  2.955778921862499E-025
          22
           1  3.173807594779982E-006  1.509861393382904E-008
          15  2.455035680656226E-017  1.133614448236435E-019
          24  1.996663556113977E-005  9.567630823423702E-008
          26  6.157800225019017E-005  3.011276785086626E-007
          28  6.365651928505525E-024  2.951078335868091E-026
          29  8.812910710424314E-007  4.546668764307808E-009
          33  1.519504726457563E-008  7.121365283087552E-011
          37  2.597866545961718E-005  1.329978332571062E-007
          60  5.910040792097347E-009  2.781164799245174E-011
          61  5.341635197700816E-011  2.494371918236282E-013
          63  2.873627721776208E-010  1.340885120440255E-012
          66  1.056401968262387E-004  5.259836627100910E-007
          68  3.034621855453641E-004  1.521118801391913E-006
          69  9.638219668612686E-006  4.758327350200214E-008
          70  1.525237504660545E-015  7.447531374185550E-018
          74  1.714791192342348E-005  8.636843981663211E-008
          78  3.386337053159175E-010  1.746237598639343E-012
          96  2.097319371403616E-004  1.048669828549079E-006
         100  8.433978138749161E-014  3.897110935927929E-016
         107  1.328187124974568E-011  6.396413705807312E-014
         122  4.461647256918231E-020  2.058578108998047E-022
         124  1.201636456213995E-007  5.862814639054488E-010
          16
           9  3.200414735748619E-019  1.478904279152114E-021
          20  7.824350629248569E-007  3.767373251485045E-009
          29  1.327455694352883E-010  6.672282544538106E-013
          42  6.346142337890550E-008  3.166188945432847E-010
          44  1.573962689528914E-024  7.248135997739055E-027
          73  8.417742468418515E-013  3.907845851814455E-015
          87  1.933103811167933E-007  9.415559058967085E-010
          88  5.507017653610511E-018  2.543096047908277E-020
          89  1.455651767774895E-013  6.853991816912866E-016
          91  6.444937239150924E-017  2.989025194818041E-019
         105  1.050144488156457E-009  4.920813013363075E-012
         106  3.084954230413402E-009  1.565293499015862E-011
         107  1.588096209799991E-005  7.938435621381262E-008
         113  3.976873330022745E-005  2.068437320072346E-007
         120  1.520576401804520E-004  7.836780631007961E-007
         125  2.711123930017167E-016  1.260779722500206E-018
          11
           8  4.138477091049065E-011  1.910453664681061E-013
          15  1.981399024237534E-012  9.237159629797001E-015
          17  5.307615138621691E-011  2.466034860516843E-013
          30  1.352852289254338E-019  6.269644061611068E-022
          36  1.698629504924999E-012  7.851441138054381E-015
          38  5.450981884845510E-014  2.538031088119034E-016
          50  7.046451881751145E-009  3.264141852895755E-011
          56  4.811867706099388E-020  2.224748916003573E-022
         109  2.116263518473615E-007  9.944640011011037E-010
         112  1.092083684384957E-020  5.062705038630952E-023
         116  1.891321247219987E-010  8.743021967671970E-013
           6
           2  1.798172729118946E-010  8.327383364746840E-013
          36  3.749676325924357E-015  1.725086050632081E-017
          38  4.388985108781792E-011  2.049242845715621E-013
          53  2.825566004027550E-013  1.298626310622826E-015
         109  2.940494352578343E-016  1.354954718762254E-018
         112  4.226396458944620E-020  1.950922192095712E-022
          14
           4  3.758953033494617E-013  1.802002470614290E-015
          35  8.666998543336728E-011  4.039158209692167E-013
          43  8.623929537291650E-013  3.971634502848845E-015
          85  1.548492515143834E-007  7.242268922674448E-010
          86  1.170031481593943E-008  5.664412038139120E-011
          89  1.539592474344102E-019  7.108179041892336E-022
          94  4.691356973026821E-006  2.211080317759435E-008
          95  4.486257159742530E-009  2.150819510698275E-011
         102  1.974727001645814E-012  9.140878370075253E-015
         103  1.897929425229361E-012  9.131243374006506E-015
         108  4.234118634486010E-007  1.998713459434489E-009
         111  1.702267113819771E-008  8.020969475109579E-011
         125  4.040738271668125E-022  1.861960268108428E-024
         129  3.085404333075667E-015  1.419812653178187E-017
          21
           4  2.918604762261537E-004  1.512516332039981E-006
          20  1.100448375813648E-012  5.186934951619707E-015
          21  1.492742648222195E-010  7.721944574292567E-013
          29  6.619236150192493E-027  3.049145339647095E-029
          34  6.678353049121314E-009  3.627538468431872E-011
          39  1.333171562277420E-013  6.714916666503615E-016
          42  3.642602244079374E-004  1.876745410872281E-006
          67  5.148247274144509E-013  2.543813803063760E-015
          78  9.107749182174957E-024  4.235194988230214E-026
          86  2.628687423433708E-006  1.316254002600715E-008
          87  2.405662127475548E-008  1.174760740230056E-010
          89  6.265614327964957E-008  3.057096173198458E-010
          91  2.230707257049807E-014  1.042464292421058E-016
          95  1.528803669874116E-006  7.571522601815370E-009
          97  1.421169994957435E-007  7.798657605192746E-010
         101  6.673506657685959E-011  3.386757320436260E-013
         103  8.831994951665751E-006  4.532463201955000E-008
         106  3.714239460421370E-003  1.980352755772961E-005
         113  4.191486605950974E-004  2.216182147394829E-006
         120  1.034181635564105E-004  5.395666326403483E-007
         125  6.833069345476334E-010  3.277382475695644E-012
          17
           1  3.045031202623244E-011  1.421388208280789E-013
          24  1.119901770851529E-011  5.234998342438018E-014
          26  8.278072276959060E-026  3.819460044261445E-028
          29  6.458280586241095E-009  3.273258883740396E-011
          33  3.021197032459941E-029  1.391812072365476E-031
          37  7.990891728071619E-016  3.790968465679223E-018
          44  8.037785025399112E-029  3.694346630023968E-031
          52  1.563185467550750E-010  7.243818601783616E-013
          60  2.531257553170757E-007  1.192177250234806E-009
          61  6.415628016640010E-007  3.015978436075672E-009
          63  4.756985779178814E-008  2.223222653197013E-010
          66  6.118075347570429E-020  2.828605789076428E-022
          68  1.278625355307106E-012  6.091539821937514E-015
          96  1.384418620997882E-014  6.517686078769075E-017
         105  7.572098973324309E-011  3.517707583957209E-013
         107  4.159991348058241E-005  2.066469046067099E-007
         128  7.788960446097395E-012  3.602059740709201E-014
           6
          52  7.023790561137277E-013  3.243395574441320E-015
          60  4.191440147843490E-015  1.939332326178393E-017
          61  3.289873508689469E-013  1.522288214560488E-015
          63  5.425163501705967E-014  2.503531709871329E-016
          98  1.063053405269725E-025  4.902743972251571E-028
         128  1.023097870524991E-016  4.719511153760317E-019
          14
          16  3.162598799830747E-011  1.464078843913435E-013
          27  8.556629451668487E-010  4.008268050337055E-012
          39  9.492231382763147E-026  4.387335732971665E-028
          40  5.402158509369295E-006  2.583078386293067E-008
          41  1.074795018368324E-008  5.473954021692067E-011
          54  2.020292443362741E-023  9.319537731212557E-026
          58  2.493918802527170E-011  1.175236563858324E-013
          62  2.015829380963412E-024  9.363031409825533E-027
          64  7.314950034561993E-028  3.376264708048990E-030
          82  2.815882763902390E-011  1.345216930375270E-013
          99  2.100982800292766E-018  9.815472908020194E-021
         115  1.345787957491075E-007  6.514866627742621E-010
         127  7.246835400386615E-010  3.360929405964166E-012
         132  1.024180147049564E-009  4.774640483471952E-012
           3
         104  2.807362325371227E-023  1.293085891930457E-025
         114  6.694457521517242E-027  3.088209375711858E-029
         132  2.261751058372361E-028  1.044343937568439E-030
          12
           7  8.693040093633745E-018  4.009526102423544E-020
          27  1.809868699031418E-006  8.561297452725478E-009
          40  7.839449148205634E-007  3.742628502371693E-009
          41  1.573386841296089E-025  7.282531532838695E-028
          62  2.025285346253118E-018  9.684026333177923E-021
          76  7.939705565991158E-011  3.680409269604721E-013
          82  6.102683201876664E-005  3.006745388226848E-007
          83  1.107560022344044E-027  5.115944024260384E-030
          99  8.442154290149750E-007  4.226472884740430E-009
         115  4.396322895626946E-005  2.153659413636095E-007
         121  7.556822498443652E-012  3.501710861126339E-014
         126  4.196697172502260E-007  1.983237297957380E-009
          13
          12  5.022954081021670E-008  2.423292486045985E-010
          22  6.861408591414403E-022  3.155088577362581E-024
          25  5.537753050782847E-009  2.564809287574810E-011
          35  1.053351967574298E-005  4.996772291553726E-008
          48  4.431084004345376E-014  2.056627322261827E-016
          75  5.329141429524766E-008  2.533065326812891E-010
          81  6.185636954545625E-009  3.004445743993495E-011
          86  1.224400437762690E-015  5.726937748620773E-018
          94  1.941089935881594E-014  8.990864280250706E-017
         103  9.395668731776344E-014  4.490630719532550E-016
         108  8.647996248880441E-007  4.094712201682143E-009
         111  5.255342364316193E-006  2.501914771654503E-008
         129  3.627165875508641E-008  1.682218996217427E-010
          18
          21  5.669106069851037E-007  3.051649375233686E-009
          28  8.419032899303811E-008  4.473053037027153E-010
          34  1.209311363026502E-005  6.785992955767988E-008
          39  9.619649353906656E-005  5.290737818994702E-007
          41  1.361575696237961E-004  7.304329566070956E-007
          62  5.429469702042919E-003  2.990672066917234E-005
          67  7.331749703276516E-011  3.718303205041757E-013
          70  4.158078762226920E-008  2.225267386015826E-010
          72  1.249528118505578E-003  6.907952539339291E-006
          77  3.238959798853846E-003  1.816778340802131E-005
          78  2.543227816546404E-012  1.301624172109230E-014
          82  5.715314616709671E-009  2.817754416426459E-011
          97  2.816928206826078E-006  1.572960790375654E-008
          99  1.081156799103585E-005  5.573712106403619E-008
         101  2.668166036255087E-010  1.370193240419681E-012
         110  2.323141516665077E-003  1.299675693661320E-005
         115  5.623428111217830E-010  2.737856359949522E-012
         123  1.788234180460897E-006  9.541568556360858E-009
           0
           5
          52  3.330154167817489E-016  1.539002727155788E-018
          60  5.624785331749158E-022  2.602073554975661E-024
          61  1.430362314631935E-017  6.608252321742183E-020
          63  1.229945981172170E-018  5.673947921084729E-021
         128  1.532203629406820E-026  7.078920255527181E-029
           5
           3  5.103491406080504E-014  2.356177650265007E-016
           5  5.238889542585030E-015  2.415024864012114E-017
          55  7.871459771455153E-014  3.637004137693368E-016
          91  6.712836498774771E-023  3.101579463398042E-025
         102  3.888593463490323E-021  1.793929815991718E-023
          16
          12  8.145467647130846E-005  3.989982570217045E-007
          21  7.016725185855393E-020  3.312764199464686E-022
          25  5.227956474522135E-010  2.420631872010294E-012
          35  3.465464346357800E-006  1.644208696520362E-008
          48  3.514870526399126E-007  1.661311945636698E-009
          58  7.315179538723087E-010  3.465792812636457E-012
          64  6.842494882899966E-010  3.210103260353639E-012
          67  5.223650976388543E-010  2.614833895170644E-012
          75  5.607847208198985E-005  2.695730864475881E-007
          81  3.065838653951175E-005  1.518142883902804E-007
          86  1.150776046074527E-017  5.340981798030824E-020
         101  7.203792818147953E-011  3.604695141858185E-013
         103  4.108706652795059E-011  2.000949115635596E-013
         108  4.952601286649591E-009  2.333177711109204E-011
         111  5.753337512935683E-007  2.736850384747569E-009
         129  1.904122380694105E-012  8.799638769653969E-015
           3
           7  4.587956866159762E-019  2.114108624722280E-021
          32  8.050425056987532E-017  3.721500358316834E-019
          65  4.825605357391867E-018  2.226998841270838E-020
          23
           4  5.788862148259864E-015  2.790094098619962E-017
          21  4.733909528434262E-006  2.585625705404772E-008
          28  8.327112969020426E-008  4.461258148128387E-010
          29  3.101726403835764E-009  1.616066610572146E-011
          34  6.591505623566873E-003  3.787596214677071E-005
          37  6.313614856149043E-015  3.055481025234029E-017
          39  3.909545259822542E-005  2.168883094855073E-007
          41  2.684583982379980E-009  1.403517162506878E-011
          42  2.372062335670294E-019  1.107730885680891E-021
          62  1.100390941435411E-006  6.004037996981128E-009
          67  1.433317085799363E-009  7.425220675151702E-012
          70  3.192348784378458E-006  1.747252381471868E-008
          72  6.416872203457899E-006  3.546428298309220E-008
          77  1.679963296897118E-004  9.437777513849010E-007
          78  1.407470254427789E-005  7.762560248774328E-008
          97  7.152656567687688E-003  4.112802349738658E-005
         101  2.325692733638919E-008  1.228851580564550E-010
         103  3.503478709968138E-015  1.683880136228392E-017
         106  1.607185904582260E-008  8.414559460626818E-011
         110  2.113934837590774E-004  1.187795741843622E-006
         113  3.818649236512117E-009  1.980144843959636E-011
         120  1.322541037378722E-011  6.621028521468537E-014
         123  2.633169650454603E-009  1.383889501675158E-011
          10
          16  2.861811327824899E-009  1.328549592872087E-011
          27  1.519912657826857E-010  7.110220877769344E-013
          40  1.064456819724856E-006  5.075097452121117E-009
          41  2.571256667823024E-013  1.260305614693659E-015
          54  7.521310773226290E-019  3.476920724633516E-021
          58  9.806988010052363E-013  4.597654091904599E-015
          82  6.622926701902674E-017  3.090698756424505E-019
         115  8.211684226344942E-010  3.931546014012109E-012
         127  2.391038239966234E-008  1.111834049444338E-010
         132  1.801810843471128E-008  8.421609681809264E-011
           0
           7
           1  2.641331460125265E-019  1.220318628195905E-021
          24  2.146300216986191E-020  9.913836898975571E-023
          33  2.715573379872458E-013  1.256650025459541E-015
          45  1.585299014061487E-012  7.329798791689734E-015
          80  1.201197201323992E-013  5.552295203697100E-016
         100  1.650609096056528E-011  7.616076926937268E-014
         122  1.255291616611867E-011  5.795204201495800E-014
          18
           4  1.018085133631062E-007  5.178433830265654E-010
          20  1.969933400793875E-009  9.472917630178841E-012
          29  6.812429038990843E-009  3.516106870313947E-011
          34  4.072540030360541E-009  2.206532812115915E-011
          42  6.203851158470704E-005  3.190148836734901E-007
          78  5.919817475600394E-011  3.071912902411639E-013
          86  3.600815566411820E-013  1.723790319328200E-015
          87  1.019023175704573E-007  5.009205011648150E-010
          89  4.587517039570499E-010  2.218930627522255E-012
          91  3.816725618892044E-017  1.776337911291910E-019
          95  1.210751324798010E-011  5.826958922536353E-014
          97  5.593904235907617E-008  3.062956914786694E-010
         103  1.744579803062605E-012  8.533488526103372E-015
         106  3.182356247107588E-004  1.690065055712315E-006
         107  6.887495635475737E-009  3.418620143643825E-011
         113  3.458574247550950E-003  1.838560203062332E-005
         120  2.156020492346808E-003  1.132930063082851E-005
         125  1.262891765483625E-012  5.982788474999396E-015
          18
          11  2.126934453610402E-011  9.876043923402031E-014
          15  4.925084129801354E-005  2.355261435388987E-007
          17  2.424341990802623E-006  1.139272996151069E-008
          26  9.269513084911031E-010  4.428677168120905E-012
          28  5.279813462921613E-015  2.569598009046226E-017
          37  1.292901990185759E-012  6.277369621188677E-015
          38  2.112934903880075E-023  9.763002135188737E-026
          50  5.933596932692275E-017  2.739545671877783E-019
          56  2.917075808907965E-007  1.368652310369464E-009
          66  3.139102182708082E-009  1.524458851291536E-011
          68  5.180269564148199E-012  2.480773336175289E-014
          69  4.258233371638908E-007  2.079757296261952E-009
          70  3.332255131730945E-022  1.556612564104763E-024
          74  1.742798336679230E-008  8.594119810595746E-011
          96  1.021377090645252E-010  4.922814724120603E-013
         109  1.321986191577195E-008  6.205083225595859E-011
         123  3.545083713836349E-018  1.687319632571650E-020
         124  1.144955939790709E-005  5.623199772610119E-008
           6
          11  1.434022066509954E-010  6.614866993211721E-013
          15  1.393846454500620E-014  6.424307524597998E-017
          17  1.763684995795951E-011  8.135873369431344E-014
          23  6.358930227893013E-022  2.919409144508497E-024
          56  9.087614511282961E-011  4.200695201293926E-013
         131  2.952036259015450E-019  1.354856595932631E-021
          11
           2  7.237629880876662E-010  3.370212822478193E-012
           7  9.274076871042315E-012  4.280767585456649E-014
          32  9.524919671860644E-008  4.437901718894424E-010
          38  2.544381991802523E-013  1.185244662029256E-015
          53  1.492528370672544E-014  6.880929836053681E-017
          65  3.367288734100119E-009  1.560948650377411E-011
          76  1.579886459770572E-014  7.295882728737870E-017
          82  3.448004836118873E-010  1.654856572321543E-012
          99  1.607012212513280E-010  7.843114203591072E-013
         115  1.545936289299374E-016  7.189600279728253E-019
         126  1.231391834964821E-006  5.811683718044791E-009
           6
          16  3.752188344411125E-011  1.734713311266734E-013
          51  4.900097143358866E-017  2.257112490237214E-019
          84  1.455390504043222E-020  6.720854257534080E-023
         114  2.856023520861701E-030  1.319964072187337E-032
         127  3.818965259382986E-011  1.765735702822935E-013
         132  8.324111381918021E-017  3.851419872686696E-019
           0
          12
           3  3.470736567292037E-011  1.605926115568605E-013
           6  4.851070400067020E-010  2.243346749775745E-012
          20  2.171455088082872E-011  1.018343235563949E-013
          31  1.485725693709746E-011  6.867386780100119E-014
          57  4.435658017421655E-016  2.046499683543133E-018
          73  6.030812874168797E-013  2.788294398699506E-015
          79  2.054770794866844E-010  9.506764342113935E-013
          87  3.031419854768416E-015  1.417481608241671E-017
          88  1.196461264957882E-011  5.531976368096629E-014
          91  4.343046926160616E-014  2.018852742569632E-016
         125  5.825235432767241E-026  2.693869944022158E-028
         130  1.166371821849397E-009  5.413330693426519E-012
          15
           4  4.758239129125467E-023  2.204811130216746E-025
          12  1.618592456406693E-006  7.878908755959238E-009
          25  2.069481527370534E-009  9.609250506170273E-012
          35  2.693175676905513E-005  1.282865808661151E-007
          48  8.346898888602316E-012  3.903718811721394E-014
          67  3.010100938053575E-017  1.430776806756326E-019
          75  7.369128088473583E-007  3.528540242901407E-009
          81  4.884988841565754E-007  2.402698880067680E-009
          86  4.349613378943591E-012  2.074983917288859E-014
          94  1.205076053999458E-013  5.602257625810880E-016
         101  5.417903332635850E-019  2.560810110629514E-021
         103  2.441812035980889E-010  1.197650905020077E-012
         108  2.081610451554012E-006  9.899581761414690E-009
         111  1.628469275249172E-005  7.786930741016281E-008
         129  8.939802835659190E-009  4.156677700579159E-011
          21
          21  4.655413803314000E-004  2.564002778373843E-006
          28  1.368161834900093E-010  7.093613008720286E-013
          34  3.424686747025370E-004  1.949256436018419E-006
          39  3.582178118448218E-003  1.997656211001409E-005
          41  3.307265339922649E-004  1.788058664651292E-006
          62  5.615947803095663E-004  3.103036841902432E-006
          67  5.175320646929446E-006  2.748700671498984E-008
          70  1.362936703819134E-009  7.217112594259604E-012
          72  4.825148043859618E-005  2.664428884826346E-007
          77  1.830190243707683E-003  1.029453541318704E-005
          78  1.537262651856269E-011  7.980877549785003E-014
          81  2.596279587121988E-019  1.208439352070886E-021
          82  7.814536634127964E-021  3.621751525002193E-023
          97  2.478300542474897E-004  1.411682638199602E-006
          99  1.445412177750193E-010  7.213857375289080E-013
         101  1.279472119950290E-005  6.853142294638274E-008
         103  3.246679740205686E-019  1.517003287319233E-021
         106  3.072356743058339E-019  1.447920519491099E-021
         110  1.021500646537807E-003  5.740174435901669E-006
         115  8.687733590206594E-021  4.013864552095623E-023
         123  5.155894596384458E-010  2.682827772205528E-012
