         132
  0.199847203786339     
  0.198976636193027     
  0.200057355783141     
  0.200354846169498     
  0.199863771880312     
  0.201253094536958     
  0.199819651242712     
  0.199994490384440     
  0.199622761957993     
  0.198640711731571     
  0.198785203001098     
  0.199492455197599     
  0.198614277929710     
  0.199526346341037     
  0.200072108436739     
  0.199710897667502     
  0.198860233166259     
  0.199987814743957     
  0.198874626506240     
  0.198941058112584     
  0.198239051227550     
  0.199756767260016     
  0.199389487640506     
  0.199553083756106     
  0.198735030169007     
  0.199539800373242     
  0.199315781074552     
  0.198741859764169     
  0.199508246157361     
  0.199877674859199     
  0.199170992543734     
  0.199264735294894     
  0.199911109946824     
  0.192756919432443     
  0.200211851650560     
  0.199698281255732     
  0.200234784678485     
  0.198657573797223     
  0.195678225878706     
  0.199396503017742     
  0.200000171324031     
  0.199519574177501     
  0.199288703170290     
  0.199644751709182     
  0.198070726786392     
  0.200286521227623     
  0.198965729468671     
  0.199806001562050     
  0.200013246252376     
  0.200180940987641     
  0.199813734099685     
  0.200082445207090     
  0.199856508528842     
  0.198013478961463     
  0.199729658185587     
  0.198754328225355     
  0.199815184692750     
  0.199058101463412     
  0.200948227493234     
  0.198650059861953     
  0.200201290303101     
  0.197284794739265     
  0.199540276941144     
  0.198270859777802     
  0.199388651021587     
  0.200830014705683     
  0.199462843238836     
  0.199653124263016     
  0.199986722286481     
  0.198028714678517     
  0.199024618916610     
  0.196630368059962     
  0.199915103540384     
  0.199666443823802     
  0.198135311430423     
  0.198971091399822     
  0.195909344195014     
  0.196606771346404     
  0.199340112898297     
  0.200585399892273     
  0.199492949866669     
  0.199226339957591     
  0.200792417800132     
  0.199560703494967     
  0.198989923888836     
  0.199837458191631     
  0.199111360062163     
  0.201156614711581     
  0.198323386525293     
  0.199663628420571     
  0.199915140870285     
  0.199864780800079     
  0.200116726721945     
  0.199211537874101     
  0.199820538439701     
  0.199644959901317     
  0.193103933900293     
  0.200202621276280     
  0.199604987395595     
  0.200709689759356     
  0.198120971790422     
  0.199794021870421     
  0.199072749744453     
  0.200283395077858     
  0.200316114678926     
  0.199247537915133     
  0.198630862718527     
  0.197829203097199     
  0.198794751721864     
  0.195710508010965     
  0.199657419377131     
  0.198106604689495     
  0.198567004600879     
  0.199080326314171     
  0.200125669613875     
  0.200103921251327     
  0.200594063028032     
  0.199605065502789     
  0.199947913301835     
  0.200744369670067     
  0.199031363872120     
  0.199274312890838     
  0.198537501751790     
  0.198805255004638     
  0.198361578237865     
  0.199448900513220     
  0.198852670063335     
  0.199871580878829     
  0.199738059642368     
  0.198710716071066     
  0.200209327181309     
  0.197723301034004     
