         114
  0.199774629944631     
  0.200426326035646     
  0.199591284987273     
  0.198163518852280     
  0.198992241748203     
  0.194061831389856     
  0.199475472641895     
  0.200019481236227     
  0.198979363591182     
  0.200305244857395     
  0.198859449808908     
  0.199037760482330     
  0.200070788205293     
  0.199507420545858     
  0.199354496766533     
  0.199111668256583     
  0.199595703708817     
  0.197503161628549     
  0.199829080980008     
  0.200116330068100     
  0.199191554726431     
  0.199585857791761     
  0.199511180138318     
  0.201348783571546     
  0.200527282425101     
  0.199398866656023     
  0.199380289778326     
  0.199598426516000     
  0.199935011703340     
  0.199235534790012     
  0.199586498491409     
  0.199753022791693     
  0.196903982329579     
  0.200045720308497     
  0.199915808762680     
  0.199830948828125     
  0.199876010434139     
  0.199704220122913     
  0.199107847355480     
  0.199124808041770     
  0.199712078820672     
  0.200872193402294     
  0.195648723321000     
  0.199986190902384     
  0.198484532796558     
  0.198788300703331     
  0.199725540548686     
  0.199391496513040     
  0.194791753837404     
  0.199298809964736     
  0.199074982570750     
  0.198910101528203     
  0.200340326626498     
  0.200433097193481     
  0.195164218313238     
  0.199896740796829     
  0.199690422114410     
  0.196830808426248     
  0.200075340998985     
  0.200140755843190     
  0.199174965689807     
  0.200226257900176     
  0.199909713190236     
  0.200369407673087     
  0.200047579194518     
  0.197909818796347     
  0.200017311516252     
  0.198295086051603     
  0.200385155184771     
  0.200309638103360     
  0.200393873633885     
  0.199459253543895     
  0.198694723428634     
  0.199568649228249     
  0.199554577035669     
  0.197843220979433     
  0.199789837875991     
  0.200168596900762     
  0.197772365963883     
  0.200271592076115     
  0.198657235360341     
  0.199446417446387     
  0.199598555577338     
  0.199686993250930     
  0.199771146292430     
  0.198827343623107     
  0.200176197677697     
  0.200112052295311     
  0.199642835974319     
  0.199917845724598     
  0.198873075054267     
  0.199415923628617     
  0.200450812288034     
  0.198785065427118     
  0.198673314087483     
  0.197411423015966     
  0.198928063570582     
  0.199547780214780     
  0.199095913699266     
  0.200712798355907     
  0.199200863256918     
  0.193293343021487     
  0.200394558938691     
  0.199847181939376     
  0.199724577619234     
  0.197658106915803     
  0.199976803027288     
  0.200522088688641     
  0.199297885923548     
  0.200224134674264     
  0.199125712485740     
  0.199022574998985     
  0.198701487035692     
  0.196037601377700     
