         170
  0.199102900102488     
  0.200970004150538     
  0.200584213513278     
  0.198423032530923     
  0.199359579792822     
  0.199820939223538     
  0.198901960537464     
  0.198975833124025     
  0.198138016969614     
  0.199926172861236     
  0.200182216795453     
  0.200635368757350     
  0.200149502191594     
  0.200973054798042     
  0.198535388010057     
  0.180079150137854     
  0.199821198401423     
  0.199566146011729     
  0.200183756057423     
  0.200758280719926     
  0.186487040679964     
  0.165254792632917     
  0.178231292477683     
  0.199168034280515     
  0.200523185942014     
  0.199355232607634     
  0.198872626809671     
  0.200075262914386     
  0.199491531776244     
  0.201073502585682     
  0.200600944516018     
  0.199232077805023     
  0.199522144208971     
  0.199738686819878     
  0.199506368563267     
  0.199897516119101     
  0.200480004200685     
  0.198769688664012     
  0.196649487418788     
  0.201016441776443     
  0.200596587324707     
  0.199607999943870     
  0.200437679829898     
  0.198853905737202     
  0.200173680312818     
  0.200248399088290     
  0.170360192844612     
  0.199391027215263     
  0.199452014829365     
  0.199881567531185     
  0.200654752134612     
  0.200687730599588     
  0.192293936689446     
  0.181514839653514     
  0.191351290992969     
  0.194200911182303     
  0.198467103484997     
  0.199752343986118     
  0.199799691807394     
  0.200700703878757     
  0.199735465143658     
  0.198888575375502     
  0.198502032820089     
  0.198681792683895     
  0.199932100101213     
  0.199022797638221     
  0.199392561598897     
  0.198103402986039     
  0.199684342047245     
  0.200873566160380     
  0.200196421798511     
  0.199552023390426     
  0.172686981018752     
  0.200045194585791     
  0.198103725886547     
  0.200197536064293     
  0.199999441330643     
  0.199058070929260     
  0.200589233040004     
  0.199297460963990     
  0.199401887568015     
  0.200074938699477     
  0.200555753476750     
  0.198178658390823     
  0.198200104474793     
  0.199800142521976     
  0.199583082693797     
  0.200161339099322     
  0.199510330944572     
  0.198897819174789     
  0.199297593039326     
  0.198170766054129     
  0.199517672593787     
  0.199577299402688     
  0.199266250865244     
  0.200149335397486     
  0.198859520797970     
  0.199683994012603     
  0.200337799572708     
  0.200473252131007     
  0.176667478467816     
  0.200265033185568     
  0.193545874876858     
  0.198248663016763     
  0.199734288104229     
  0.199650079305032     
  0.198980285172052     
  0.199941244338570     
  0.198966715878458     
  0.197550813592914     
  0.198916194042653     
  0.198967613494707     
  0.200166022566516     
  0.199316632373139     
  0.200114988211819     
  0.199448589836506     
  0.200017724714157     
  0.199255991765223     
  0.200257950367920     
  0.199505357072029     
  0.186115706483749     
  0.198897962408890     
  0.199800616930399     
  0.199465568728294     
  0.199544998913047     
  0.196217742880663     
  0.198837785391393     
  0.199268435729053     
  0.200349596156735     
  0.199699374574413     
  0.199923977652293     
  0.199114514468542     
  0.200215450781691     
  0.199606967952198     
  0.199984356201714     
  0.200536184208471     
  0.199370235924192     
  0.196819051933663     
  0.200582359667694     
  0.187448599817167     
  0.199680669263889     
  0.199668566469678     
  0.199310440139220     
  0.199181168054991     
  0.199056469663931     
  0.200293336246311     
  0.199862551701831     
  0.184067425939659     
  0.199044339531478     
  0.199743524706241     
  0.197570081375022     
  0.197347483074953     
  0.199125081069848     
  0.199281998490262     
  0.198028768869726     
  0.199560494414129     
  0.199420923671658     
  0.199037051724537     
  0.200337780973890     
  0.199318172312512     
  0.199820995130671     
  0.199456342268916     
  0.199081753546208     
  0.198810919801477     
  0.199197659718379     
  0.200013869730805     
  0.189445297589747     
  0.199026443667926     
  0.199088837199217     
  0.200320592202604     
