         126
  0.199017558011871     
  0.200703337807443     
  0.199180817987156     
  0.200260921157033     
  0.198932260078505     
  0.200549760618324     
  0.199827259079713     
  0.198596965484713     
  0.199657895916407     
  0.198822760313807     
  0.199458146629235     
  0.200130794300388     
  0.199296311542689     
  0.199431277027668     
  0.199219118115082     
  0.198453563038016     
  0.199983087701981     
  0.198960116075692     
  0.186927398447278     
  0.199056922284269     
  0.200297722289012     
  0.169874672827826     
  0.199317024871750     
  0.199843066527387     
  0.199156755409543     
  0.198453303146318     
  0.199340395548020     
  0.200056753341312     
  0.200095413128183     
  0.199717027352439     
  0.200285450012385     
  0.199227431900574     
  0.199040787082645     
  0.200679342939809     
  0.198406325377484     
  0.199793414513132     
  0.199219065766889     
  0.198422607380890     
  0.199418765767694     
  0.199410548778304     
  0.199463358341538     
  0.199647654121538     
  0.198845107302954     
  0.198919991491082     
  0.200345162150433     
  0.199351199786132     
  0.198428191515548     
  0.200159264673946     
  0.186644600367667     
  0.199028081242928     
  0.199946988712866     
  0.199863450291323     
  0.199331205209078     
  0.198137307972311     
  0.199394817888613     
  0.200071476173013     
  0.200200922245070     
  0.171714040299296     
  0.198851235377596     
  0.199958478733079     
  0.200448413227100     
  0.195007112970904     
  0.199297989210169     
  0.200140878977041     
  0.199760597905794     
  0.199037278051373     
  0.199216027855291     
  0.198142926815808     
  0.199175615944318     
  0.198882938805650     
  0.200066720236860     
  0.199422973932324     
  0.171001732114755     
  0.198525479148085     
  0.199878038386157     
  0.200816378747039     
  0.191730376176495     
  0.199191286424009     
  0.199865647618866     
  0.200064320832849     
  0.198849339371030     
  0.195232391349994     
  0.200059135400799     
  0.200530106602698     
  0.199049927367753     
  0.199759247220033     
  0.198717248077000     
  0.199752663969902     
  0.198824082636652     
  0.180409654178363     
  0.199389982704737     
  0.199004824156561     
  0.199250843436782     
  0.192914661050150     
  0.197865434844545     
  0.198762186890603     
  0.187349648446707     
  0.200830590189338     
  0.199064063491226     
  0.199171671557502     
  0.199976292386446     
  0.200460167957434     
  0.200804657066416     
  0.198566245008074     
  0.189412675642149     
  0.199926918969646     
  0.200516754702996     
  0.199846592042134     
  0.199046630834127     
  0.198871464354580     
  0.198238549022083     
  0.199901556893003     
  0.199306609858449     
  0.171275992497403     
  0.199294673452650     
  0.199165945773625     
  0.199245061061091     
  0.199416650536646     
  0.200085114031823     
  0.199196956246743     
  0.199017171255148     
  0.200236268571908     
  0.198522456414057     
  0.199529830137215     
  0.199684476066243     
  0.199717510355800     
