         138
  0.194643033918616     
  0.197025784457113     
  0.201244263679993     
  0.199884837995819     
  0.200713374628062     
  0.199427832512887     
  0.198152270121609     
  0.196344949653461     
  0.198083240291461     
  0.195758467175613     
  0.200123009636507     
  0.199867343421578     
  0.200094664561035     
  0.200850780160261     
  0.201288308253186     
  0.192240333050527     
  0.200808286771671     
  0.198673996519148     
  0.141797412836390     
  0.198672990226027     
  0.199279722975703     
  0.196002136037811     
  9.869755806011288E-002
  0.198890394552277     
  0.199864066911136     
  0.201367638567480     
  0.184879776787276     
  0.197703199643625     
  0.195315576553160     
  0.198104135461906     
  0.199410506502745     
  0.199436476503933     
  0.200119700295511     
  0.196898101865292     
  0.200605792605316     
  0.199787560844913     
  0.196855547277617     
  0.199322340999792     
  0.198076548602859     
  0.198596763338132     
  0.201915980554429     
  0.198340829088527     
  0.199275864246769     
  0.200294422284875     
  0.198859420721855     
  0.201201632970066     
  0.199488663095430     
  0.197948211541213     
  0.199896089305370     
  0.200229162022437     
  0.198601074997204     
  0.143075427072359     
  0.201889557428824     
  0.200188036794038     
  0.199604695078441     
  0.201006122063199     
  0.196745800191469     
  0.200485042813359     
  0.199645739102437     
  0.200273719504239     
  0.201313911241905     
  0.102216992820258     
  0.200057992504378     
  0.196931534389695     
  0.196787579099444     
  0.173029636185968     
  0.199307056018948     
  0.199323103398112     
  0.195431544045332     
  0.200025203890205     
  0.197744343457906     
  0.200015735508324     
  0.202737267784046     
  0.200543423432285     
  0.198960979558374     
  0.199852624043561     
  0.197424248152835     
  9.741107071967529E-002
  0.196114406638679     
  0.199650026756237     
  0.197048055719640     
  0.197456058602651     
  0.155239175931781     
  0.199458372053402     
  0.198797001390023     
  0.196709002472054     
  0.202223193528065     
  0.176906857480558     
  0.198068612391231     
  0.198631398731636     
  0.197154251549597     
  0.196776830751402     
  0.199461473312702     
  0.199791364087437     
  0.200100308945413     
  0.197711135419511     
  0.123017796576378     
  0.200586400360671     
  0.201774226197945     
  0.198531649288305     
  0.200661063097397     
  0.164094974784714     
  0.198114226517265     
  0.202011857196551     
  0.145379952565066     
  0.198855727122237     
  0.198892117511977     
  0.198430101002300     
  0.197119356058191     
  0.201223162051816     
  0.199520389782339     
  0.197990491455086     
  0.197555700729441     
  0.202102977725987     
  0.150555928796781     
  0.198538068135511     
  0.198631941969351     
  0.199025973113531     
  0.200985249374492     
  0.200575084605246     
  0.186666150509203     
  0.199990484320210     
  0.200581729603651     
  0.100736074547000     
  0.199654338167117     
  0.199391277626628     
  0.199414075086898     
  0.199181989045163     
  0.198180402271039     
  0.199449619941718     
  0.202053654341164     
  0.190518727144074     
  0.200696711018840     
  0.188305673218246     
  0.195053413298554     
  0.200040267469762     
  0.199867910952402     
  0.199910210850926     
