         103
  0.199772592143175     
  0.199363673936077     
  0.199788994325095     
  0.199230019851381     
  0.200830253873684     
  0.199762677745554     
  0.200131019035740     
  0.199363553830993     
  0.198873808995177     
  0.199523115953716     
  0.199529929201279     
  0.199492839613573     
  0.199714637652562     
  0.199293930474637     
  0.200090423655391     
  0.199371912790421     
  0.199963057228314     
  0.200555178534482     
  0.199141676202912     
  0.199216654037353     
  0.199869312123812     
  0.198659914545907     
  0.200011550302619     
  0.198017606732731     
  0.199047115438181     
  0.199985049737885     
  0.200627060717459     
  0.199433330024813     
  0.200035554752402     
  0.200024973113828     
  0.199260355935950     
  0.198570613452485     
  0.199044000839081     
  0.200392285111603     
  0.199965829426500     
  0.199693507494552     
  0.197850642702823     
  0.199967875836193     
  0.199716979207969     
  0.199512087858348     
  0.199538308918945     
  0.200617026377493     
  0.199620476975999     
  0.199547734216026     
  0.198929276992201     
  0.198862397066814     
  0.198403383413431     
  0.199380087081424     
  0.199933905015242     
  0.200428630455156     
  0.199459699265086     
  0.199981562417975     
  0.200280014689356     
  0.200646081487099     
  0.200099358649857     
  0.199668321482292     
  0.200114365900454     
  0.199442770759774     
  0.199706310404860     
  0.199320727726304     
  0.198155741900267     
  0.200051634352884     
  0.199720106139019     
  0.199372510668210     
  0.198719051035696     
  0.199413649890108     
  0.198894302837323     
  0.199169760524193     
  0.199946092700409     
  0.198849802353369     
  0.199466671841068     
  0.200160166331859     
  0.199948303451236     
  0.200463205917640     
  0.199322101253138     
  0.199645578373188     
  0.198993295638255     
  0.199330910086206     
  0.200150910142501     
  0.200051968952712     
  0.199970951619939     
  0.199725468286925     
  0.199040464855054     
  0.199033235074501     
  0.199877413306592     
  0.199457003446447     
  0.200067851978965     
  0.199156546962430     
  0.199617150550966     
  0.200072783795019     
  0.200179957485372     
  0.199148826806239     
  0.199921877208406     
  0.199720294618769     
  0.199320279775502     
  0.198668956896177     
  0.198147041145226     
  0.200234544602850     
  0.198755877263163     
  0.199429969341397     
  0.199917671546550     
  0.198356301295602     
  0.199195316603080     
