# h (nm)	blurred F_rep (kT)	blurred F_att (kT)	blurred F_spheres (kT)
5	9.42232	-12.2654	-2.84307
5.09	9.28371	-12.2187	-2.93503
5.18	9.14818	-12.1733	-3.0251
5.27	9.01544	-12.1288	-3.11339
5.36	8.88526	-12.0853	-3.20002
5.45	8.75742	-12.0425	-3.28508
5.54	8.63175	-12.0004	-3.36866
5.63	8.50807	-11.9589	-3.45083
5.72	8.38626	-11.9179	-3.53166
5.81	8.26617	-11.8774	-3.61121
5.9	8.14769	-11.8372	-3.68952
5.99	8.03073	-11.7974	-3.76666
6.08	7.91597	-11.7585	-3.8425
6.17	7.80336	-11.7204	-3.91708
6.26	7.69273	-11.6832	-3.99045
6.35	7.58397	-11.6466	-4.06267
6.44	7.47694	-11.6107	-4.13377
6.53	7.37155	-11.5754	-4.20381
6.62	7.2677	-11.5405	-4.27281
6.71	7.16531	-11.5061	-4.3408
6.8	7.0643	-11.4721	-4.40783
6.89	6.9646	-11.4385	-4.4739
6.98	6.86615	-11.4052	-4.53905
7.07	6.76922	-11.3725	-4.60325
7.16	6.67383	-11.3403	-4.66652
7.25	6.57988	-11.3087	-4.72887
7.34	6.48731	-11.2776	-4.79033
7.43	6.39605	-11.247	-4.85093
7.52	6.30604	-11.2167	-4.91067
7.61	6.21723	-11.1868	-4.96957
7.7	6.12957	-11.1572	-5.02765
7.79	6.04301	-11.1279	-5.08492
7.88	5.95751	-11.0989	-5.14139
7.97	5.87303	-11.0701	-5.19707
8.06	5.78968	-11.0416	-5.25197
8.15	5.70746	-11.0135	-5.30608
8.24	5.62634	-10.9858	-5.35941
8.33	5.54628	-10.9583	-5.41198
8.42	5.46724	-10.931	-5.46379
8.51	5.38918	-10.904	-5.51485
8.6	5.31208	-10.8772	-5.56517
8.69	5.2359	-10.8507	-5.61475
8.78	5.16062	-10.8242	-5.66361
8.87	5.08621	-10.7979	-5.71173
8.96	5.01266	-10.7718	-5.75913
9.05	4.93998	-10.7458	-5.80582
9.14	4.8682	-10.72	-5.85179
9.23	4.79729	-10.6943	-5.89704
9.32	4.72723	-10.6688	-5.94159
9.41	4.658	-10.6434	-5.98543
9.5	4.58957	-10.6181	-6.02857
9.59	4.52194	-10.5929	-6.07101
9.68	4.45507	-10.5678	-6.11276
9.77	4.38897	-10.5428	-6.15381
9.86	4.32361	-10.5178	-6.19417
9.95	4.25897	-10.4928	-6.23385
10.04	4.19507	-10.4679	-6.27284
10.13	4.13192	-10.4431	-6.31115
10.22	4.06949	-10.4183	-6.34877
10.31	4.00777	-10.3935	-6.38572
10.4	3.94676	-10.3688	-6.42199
10.49	3.88645	-10.344	-6.45758
10.58	3.82681	-10.3193	-6.4925
10.67	3.76785	-10.2946	-6.52674
10.76	3.70955	-10.2699	-6.56032
10.85	3.6519	-10.2451	-6.59323
10.94	3.59489	-10.2204	-6.62547
11.03	3.53853	-10.1956	-6.65705
11.12	3.48282	-10.1708	-6.68796
11.21	3.42774	-10.1459	-6.71821
11.3	3.37329	-10.1211	-6.7478
11.39	3.31946	-10.0962	-6.77673
11.48	3.26625	-10.0713	-6.80501
11.57	3.21365	-10.0463	-6.83262
11.66	3.16165	-10.0212	-6.85959
11.75	3.11025	-9.99615	-6.8859
11.84	3.05943	-9.97099	-6.91156
11.93	3.0092	-9.94577	-6.93657
12.02	2.95956	-9.92048	-6.96093
12.11	2.91049	-9.89513	-6.98464
12.2	2.862	-9.86971	-7.00771
12.29	2.81408	-9.84421	-7.03014
12.38	2.76672	-9.81864	-7.05192
12.47	2.71993	-9.79298	-7.07306
12.56	2.67369	-9.76725	-7.09356
12.65	2.628	-9.74142	-7.11342
12.74	2.58286	-9.71551	-7.13265
12.83	2.53826	-9.6895	-7.15124
12.92	2.4942	-9.6634	-7.1692
13.01	2.45068	-9.6372	-7.18652
13.1	2.40768	-9.6109	-7.20322
13.19	2.36522	-9.58451	-7.21928
13.28	2.32328	-9.55801	-7.23472
13.37	2.28187	-9.5314	-7.24953
13.46	2.24097	-9.50469	-7.26372
13.55	2.20059	-9.47787	-7.27729
13.64	2.16071	-9.45094	-7.29023
13.73	2.12135	-9.4239	-7.30256
13.82	2.08248	-9.39674	-7.31426
13.91	2.04412	-9.36947	-7.32535
14	2.00625	-9.34207	-7.33583
14.09	1.96887	-9.31456	-7.34569
14.18	1.93199	-9.28692	-7.35494
14.27	1.89559	-9.25917	-7.36358
14.36	1.85967	-9.23128	-7.37161
14.45	1.82424	-9.20328	-7.37904
14.54	1.78928	-9.17514	-7.38586
14.63	1.75479	-9.14687	-7.39208
14.72	1.72078	-9.11847	-7.3977
14.81	1.68723	-9.08994	-7.40272
14.9	1.65414	-9.06128	-7.40714
14.99	1.62152	-9.03248	-7.41096
15.08	1.58935	-9.00354	-7.41419
15.17	1.55763	-8.97447	-7.41683
15.26	1.52637	-8.94525	-7.41888
15.35	1.49555	-8.9159	-7.42034
15.44	1.46518	-8.8864	-7.42122
15.53	1.43525	-8.85676	-7.42151
15.62	1.40575	-8.82697	-7.42122
15.71	1.37669	-8.79704	-7.42035
15.8	1.34806	-8.76696	-7.4189
15.89	1.31986	-8.73673	-7.41687
15.98	1.29208	-8.70635	-7.41427
16.07	1.26472	-8.67582	-7.4111
16.16	1.23779	-8.64514	-7.40735
16.25	1.21126	-8.6143	-7.40304
16.34	1.18515	-8.58331	-7.39816
16.43	1.15944	-8.55216	-7.39272
16.52	1.13414	-8.52086	-7.38672
16.61	1.10924	-8.4894	-7.38016
16.7	1.08474	-8.45778	-7.37304
16.79	1.06064	-8.426	-7.36536
16.88	1.03692	-8.39406	-7.35713
16.97	1.01359	-8.36195	-7.34836
17.06	0.990651	-8.32968	-7.33903
17.15	0.968089	-8.29725	-7.32916
17.24	0.945906	-8.26465	-7.31874
17.33	0.924096	-8.23189	-7.30779
17.42	0.902657	-8.19895	-7.2963
17.51	0.881586	-8.16585	-7.28426
17.6	0.860879	-8.13258	-7.2717
17.69	0.840533	-8.09914	-7.25861
17.78	0.820544	-8.06553	-7.24498
17.87	0.800908	-8.03174	-7.23083
17.96	0.781622	-7.99778	-7.21616
18.05	0.762683	-7.96365	-7.20097
18.14	0.744088	-7.92935	-7.18526
18.23	0.725832	-7.89486	-7.16903
18.32	0.707912	-7.86021	-7.15229
18.41	0.690325	-7.82537	-7.13505
18.5	0.673066	-7.79036	-7.11729
18.59	0.656134	-7.75517	-7.09903
18.68	0.639523	-7.71979	-7.08027
18.77	0.623231	-7.68424	-7.06101
18.86	0.607254	-7.64851	-7.04126
18.95	0.591588	-7.6126	-7.02101
19.04	0.57623	-7.5765	-7.00027
19.13	0.561175	-7.54022	-6.97905
19.22	0.546422	-7.50376	-6.95734
19.31	0.531965	-7.46712	-6.93515
19.4	0.517802	-7.43029	-6.91249
19.49	0.503928	-7.39328	-6.88935
19.58	0.49034	-7.35608	-6.86574
19.67	0.477035	-7.31869	-6.84166
19.76	0.464009	-7.28112	-6.81711
19.85	0.451258	-7.24337	-6.79211
19.94	0.438779	-7.20542	-6.76664
20.03	0.426568	-7.16729	-6.74072
20.12	0.414622	-7.12896	-6.71434
20.21	0.402936	-7.09045	-6.68752
20.3	0.391507	-7.05175	-6.66025
20.39	0.380332	-7.01286	-6.63253
20.48	0.369407	-6.97378	-6.60438
20.57	0.358729	-6.93451	-6.57579
20.66	0.348293	-6.89505	-6.54676
20.75	0.338097	-6.8554	-6.5173
20.84	0.328136	-6.81555	-6.48742
20.93	0.318408	-6.77551	-6.4571
21.02	0.308908	-6.73528	-6.42637
21.11	0.299633	-6.69484	-6.39521
21.2	0.290579	-6.65422	-6.36364
21.29	0.281743	-6.6134	-6.33165
21.38	0.273122	-6.57239	-6.29926
21.47	0.264712	-6.53118	-6.26647
21.56	0.256509	-6.48978	-6.23327
21.65	0.24851	-6.44818	-6.19967
21.74	0.240711	-6.40638	-6.16567
21.83	0.23311	-6.36438	-6.13127
21.92	0.225702	-6.32218	-6.09648
22.01	0.218484	-6.27978	-6.0613
22.1	0.211454	-6.23717	-6.02572
22.19	0.204606	-6.19438	-5.98977
22.28	0.197939	-6.15139	-5.95345
22.37	0.191448	-6.10821	-5.91676
22.46	0.185131	-6.06483	-5.8797
22.55	0.178984	-6.02126	-5.84228
22.64	0.173004	-5.9775	-5.80449
22.73	0.167188	-5.93354	-5.76635
22.82	0.161532	-5.88938	-5.72785
22.91	0.156033	-5.84502	-5.68899
23	0.150688	-5.80046	-5.64977
23.09	0.145495	-5.7557	-5.6102
23.18	0.140449	-5.71076	-5.57031
23.27	0.135548	-5.66565	-5.5301
23.36	0.130789	-5.62036	-5.48957
23.45	0.126169	-5.57491	-5.44874
23.54	0.121684	-5.52927	-5.40759
23.63	0.117332	-5.48347	-5.36614
23.72	0.11311	-5.43749	-5.32438
23.81	0.109015	-5.39134	-5.28232
23.9	0.105044	-5.34501	-5.23996
23.99	0.101194	-5.29851	-5.19731
24.08	0.0974632	-5.25183	-5.15437
24.17	0.0938478	-5.20502	-5.11117
24.26	0.0903453	-5.15807	-5.06773
24.35	0.0869531	-5.111	-5.02405
24.44	0.0836684	-5.0638	-4.98013
24.53	0.0804888	-5.01648	-4.93599
24.62	0.0774116	-4.96903	-4.89162
24.71	0.0744343	-4.92146	-4.84702
24.8	0.0715544	-4.87377	-4.80221
24.89	0.0687695	-4.82596	-4.75719
24.98	0.0660773	-4.77803	-4.71196
25.07	0.0634753	-4.73	-4.66652
25.16	0.0609609	-4.68188	-4.62092
25.25	0.0585316	-4.63371	-4.57518
25.34	0.0561854	-4.58548	-4.5293
25.43	0.0539199	-4.5372	-4.48328
25.52	0.0517329	-4.48886	-4.43713
25.61	0.0496224	-4.44048	-4.39086
25.7	0.0475862	-4.39205	-4.34447
25.79	0.0456224	-4.34359	-4.29797
25.88	0.0437288	-4.29509	-4.25136
25.97	0.0419035	-4.24656	-4.20466
26.06	0.0401446	-4.19801	-4.15786
26.15	0.0384498	-4.14946	-4.11101
26.24	0.0368171	-4.10095	-4.06413
26.33	0.0352447	-4.05246	-4.01722
26.42	0.0337307	-4.00401	-3.97028
26.51	0.0322735	-3.95561	-3.92333
26.6	0.0308714	-3.90725	-3.87638
26.69	0.0295227	-3.85895	-3.82942
26.78	0.0282257	-3.8107	-3.78248
26.87	0.0269788	-3.76252	-3.73554
26.96	0.0257806	-3.71442	-3.68863
27.05	0.0246295	-3.66639	-3.64176
27.14	0.0235237	-3.61846	-3.59494
27.23	0.0224614	-3.57066	-3.5482
27.32	0.0214414	-3.52298	-3.50154
27.41	0.0204622	-3.47545	-3.45499
27.5	0.0195226	-3.42806	-3.40853
27.59	0.0186211	-3.38081	-3.36219
27.68	0.0177566	-3.33372	-3.31597
27.77	0.0169278	-3.2868	-3.26987
27.86	0.0161335	-3.24004	-3.22391
27.95	0.0153726	-3.19346	-3.17808
28.04	0.0146438	-3.14706	-3.13241
28.13	0.013946	-3.10086	-3.08691
28.22	0.0132776	-3.05488	-3.0416
28.31	0.0126376	-3.00913	-2.99649
28.4	0.0120251	-2.9636	-2.95158
28.49	0.0114392	-2.91832	-2.90688
28.58	0.0108787	-2.87328	-2.8624
28.67	0.0103429	-2.8285	-2.81815
28.76	0.00983087	-2.78397	-2.77414
28.85	0.00934168	-2.7397	-2.73036
28.94	0.00887451	-2.69571	-2.68684
29.03	0.00842854	-2.652	-2.64357
29.12	0.00800284	-2.60858	-2.60057
29.21	0.00759635	-2.56546	-2.55786
29.3	0.00720833	-2.52264	-2.51544
29.39	0.0068381	-2.48015	-2.47331
29.48	0.00648497	-2.43798	-2.43149
29.57	0.00614829	-2.39613	-2.38998
29.66	0.00582742	-2.35461	-2.34879
29.75	0.00552175	-2.31344	-2.30792
29.84	0.00523066	-2.27261	-2.26738
29.93	0.0049536	-2.23213	-2.22717
30.02	0.00468998	-2.192	-2.18731
30.11	0.00443921	-2.15224	-2.1478
30.2	0.00420046	-2.11284	-2.10864
30.29	0.00397327	-2.07382	-2.06985
30.38	0.00375717	-2.03518	-2.03143
30.47	0.0035517	-1.99693	-1.99338
30.56	0.00335642	-1.95906	-1.9557
30.65	0.00317092	-1.92158	-1.91841
30.74	0.00299479	-1.8845	-1.88151
30.83	0.00282762	-1.84782	-1.84499
30.92	0.00266905	-1.81154	-1.80887
31.01	0.00251869	-1.77567	-1.77316
31.1	0.00237618	-1.74021	-1.73784
31.19	0.00224092	-1.70517	-1.70293
31.28	0.00211261	-1.67054	-1.66842
31.37	0.00199096	-1.63632	-1.63433
31.46	0.00187567	-1.60253	-1.60065
31.55	0.00176646	-1.56916	-1.56739
31.64	0.00166307	-1.53621	-1.53455
31.73	0.00156524	-1.50369	-1.50212
31.82	0.00147271	-1.4716	-1.47013
31.91	0.00138525	-1.43994	-1.43855
32	0.00130263	-1.40871	-1.4074
32.09	0.00122462	-1.37791	-1.37668
32.18	0.00115083	-1.34754	-1.34639
32.27	0.00108105	-1.3176	-1.31651
32.36	0.00101512	-1.28808	-1.28707
32.45	0.000952844	-1.259	-1.25805
32.54	0.000894061	-1.23035	-1.22946
32.63	0.000838608	-1.20213	-1.2013
32.72	0.000786326	-1.17435	-1.17356
32.81	0.000737064	-1.14699	-1.14625
32.9	0.000690677	-1.12006	-1.11936
32.99	0.000647027	-1.09355	-1.09291
33.08	0.000605979	-1.06748	-1.06687
33.17	0.000567293	-1.04182	-1.04125
33.26	0.000530842	-1.01659	-1.01606
33.35	0.000496517	-0.991769	-0.991272
33.44	0.000464217	-0.967368	-0.966903
33.53	0.00043384	-0.943381	-0.942948
33.62	0.000405292	-0.919808	-0.919403
33.71	0.000378483	-0.896646	-0.896267
33.8	0.000353323	-0.873892	-0.873539
33.89	0.00032973	-0.851545	-0.851215
33.98	0.000307623	-0.829601	-0.829294
34.07	0.000286925	-0.808058	-0.807771
34.16	0.000267499	-0.78691	-0.786642
34.25	0.000249262	-0.766152	-0.765902
34.34	0.000232154	-0.745781	-0.745549
34.43	0.000216116	-0.725796	-0.72558
34.52	0.000201093	-0.706193	-0.705992
34.61	0.000187033	-0.686969	-0.686782
34.7	0.000173884	-0.668121	-0.667947
34.79	0.000161598	-0.649645	-0.649484
34.88	0.000150129	-0.631539	-0.631389
34.97	0.000139433	-0.613798	-0.613658
35.06	0.000129468	-0.596419	-0.596289
35.15	0.000120159	-0.579395	-0.579275
35.24	0.000111453	-0.562722	-0.56261
35.33	0.000103319	-0.546395	-0.546292
35.42	9.57253e-05	-0.530413	-0.530317
35.51	8.86429e-05	-0.51477	-0.514682
35.6	8.20437e-05	-0.499464	-0.499382
35.69	7.59007e-05	-0.484491	-0.484415
35.78	7.01886e-05	-0.469846	-0.469776
35.87	6.48829e-05	-0.455526	-0.455461
35.96	5.99606e-05	-0.441528	-0.441468
36.05	5.53996e-05	-0.427846	-0.427791
36.14	5.1162e-05	-0.414476	-0.414425
36.23	4.72156e-05	-0.401411	-0.401364
36.32	4.35442e-05	-0.388649	-0.388606
36.41	4.01323e-05	-0.376186	-0.376145
36.5	3.69649e-05	-0.364017	-0.36398
36.59	3.40279e-05	-0.352139	-0.352105
36.68	3.1308e-05	-0.340548	-0.340517
36.77	2.87924e-05	-0.329241	-0.329212
36.86	2.64689e-05	-0.318212	-0.318186
36.95	2.43261e-05	-0.30746	-0.307436
37.04	2.2353e-05	-0.296979	-0.296956
37.13	2.05315e-05	-0.286764	-0.286743
37.22	1.88427e-05	-0.27681	-0.276791
37.31	1.72787e-05	-0.267114	-0.267096
37.4	1.58323e-05	-0.257671	-0.257655
37.49	1.44962e-05	-0.248478	-0.248463
37.58	1.32639e-05	-0.239531	-0.239518
37.67	1.21291e-05	-0.230827	-0.230815
37.76	1.10857e-05	-0.222361	-0.22235
37.85	1.0128e-05	-0.21413	-0.21412
37.94	9.25065e-06	-0.20613	-0.206121
38.03	8.4486e-06	-0.198358	-0.198349
38.12	7.71385e-06	-0.190808	-0.1908
38.21	7.03585e-06	-0.183475	-0.183468
38.3	6.41109e-06	-0.176357	-0.17635
38.39	5.8363e-06	-0.169448	-0.169442
38.48	5.30833e-06	-0.162747	-0.162741
38.57	4.82424e-06	-0.156248	-0.156243
38.66	4.38122e-06	-0.149948	-0.149944
38.75	3.97663e-06	-0.143845	-0.143841
38.84	3.60797e-06	-0.137933	-0.137929
38.93	3.27288e-06	-0.132209	-0.132206
39.02	2.96915e-06	-0.12667	-0.126667
39.11	2.6936e-06	-0.121312	-0.121309
39.2	2.44059e-06	-0.116129	-0.116126
39.29	2.2087e-06	-0.111118	-0.111116
39.38	1.99655e-06	-0.106275	-0.106274
39.47	1.80287e-06	-0.101598	-0.101596
39.56	1.62644e-06	-0.0970825	-0.0970809
39.65	1.46611e-06	-0.0927247	-0.0927232
39.74	1.3208e-06	-0.0885214	-0.0885201
39.83	1.1895e-06	-0.0844689	-0.0844678
39.92	1.07126e-06	-0.0805639	-0.0805628
40.01	9.65169e-07	-0.0768027	-0.0768017
40.1	8.70126e-07	-0.0731817	-0.0731809
40.19	7.83282e-07	-0.0696964	-0.0696956
40.28	7.04095e-07	-0.0663434	-0.0663427
40.37	6.32056e-07	-0.0631195	-0.0631189
40.46	5.66684e-07	-0.0600212	-0.0600207
40.55	5.07526e-07	-0.0570454	-0.0570449
40.64	4.54156e-07	-0.0541887	-0.0541882
40.73	4.06174e-07	-0.0514479	-0.0514474
40.82	3.63202e-07	-0.0488196	-0.0488193
40.91	3.24889e-07	-0.0463008	-0.0463005
41	2.90902e-07	-0.0438882	-0.0438879
41.09	2.6093e-07	-0.0415786	-0.0415783
41.18	2.33645e-07	-0.039368	-0.0393678
41.27	2.08863e-07	-0.0372535	-0.0372533
41.36	1.86417e-07	-0.035232	-0.0352318
41.45	1.66143e-07	-0.0333007	-0.0333005
41.54	1.47893e-07	-0.0314566	-0.0314565
41.63	1.31524e-07	-0.029697	-0.0296969
41.72	1.16903e-07	-0.0280189	-0.0280188
41.81	1.03904e-07	-0.0264197	-0.0264196
41.9	9.24125e-08	-0.0248965	-0.0248964
41.99	8.23173e-08	-0.0234467	-0.0234467
42.08	7.35162e-08	-0.0220677	-0.0220676
42.17	6.55678e-08	-0.0207562	-0.0207562
42.26	5.83698e-08	-0.0195098	-0.0195097
42.35	5.18702e-08	-0.0183259	-0.0183258
42.44	4.60205e-08	-0.0172022	-0.0172021
42.53	4.0775e-08	-0.0161364	-0.0161363
42.62	3.60906e-08	-0.0151262	-0.0151261
42.71	3.19272e-08	-0.0141694	-0.0141694
42.8	2.8247e-08	-0.0132638	-0.0132638
42.89	2.50147e-08	-0.0124073	-0.0124073
42.98	2.21974e-08	-0.0115979	-0.0115978
43.07	1.97641e-08	-0.0108334	-0.0108334
43.16	1.75868e-08	-0.0101116	-0.0101116
43.25	1.56187e-08	-0.00943048	-0.00943046
43.34	1.38455e-08	-0.00878821	-0.0087882
43.43	1.22533e-08	-0.00818307	-0.00818306
43.52	1.08295e-08	-0.00761336	-0.00761335
43.61	9.56193e-09	-0.00707745	-0.00707744
43.7	8.43936e-09	-0.00657374	-0.00657373
43.79	7.45124e-09	-0.00610069	-0.00610068
43.88	6.58767e-09	-0.00565681	-0.00565681
43.97	5.83942e-09	-0.00524067	-0.00524066
44.06	5.19787e-09	-0.00485087	-0.00485087
44.15	4.62904e-09	-0.0044858	-0.0044858
44.24	4.11473e-09	-0.00414407	-0.00414406
44.33	3.65118e-09	-0.00382446	-0.00382446
44.42	3.23485e-09	-0.00352584	-0.00352584
44.51	2.86241e-09	-0.00324709	-0.00324709
44.6	2.53074e-09	-0.00298715	-0.00298714
44.69	2.23691e-09	-0.00274498	-0.00274498
44.78	1.97818e-09	-0.0025196	-0.0025196
44.87	1.75198e-09	-0.00231008	-0.00231008
44.96	1.55591e-09	-0.00211552	-0.00211551
45.05	1.38771e-09	-0.00193504	-0.00193504
45.14	1.23909e-09	-0.00176765	-0.00176765
45.23	1.10364e-09	-0.00161245	-0.00161244
45.32	9.80485e-10	-0.00146871	-0.00146871
45.41	8.6879e-10	-0.00133575	-0.00133575
45.5	7.67764e-10	-0.00121292	-0.00121292
45.59	6.76665e-10	-0.0010996	-0.0010996
45.68	5.94793e-10	-0.000995194	-0.000995194
45.77	5.21494e-10	-0.000899146	-0.000899145
45.86	4.5615e-10	-0.00081092	-0.000810919
45.95	3.98183e-10	-0.000730011	-0.000730011
46.04	3.47051e-10	-0.000655941	-0.000655941
46.13	3.01665e-10	-0.000588147	-0.000588147
46.22	2.60875e-10	-0.000526077	-0.000526077
46.31	2.24347e-10	-0.00046935	-0.00046935
46.4	1.91771e-10	-0.000417606	-0.000417606
46.49	1.62852e-10	-0.000370504	-0.000370504
46.58	1.37317e-10	-0.000327725	-0.000327725
46.67	1.14911e-10	-0.000288966	-0.000288966
46.76	9.53934e-11	-0.000253942	-0.000253942
46.85	7.85416e-11	-0.000222385	-0.000222385
46.94	6.41474e-11	-0.000194044	-0.000194044
47.03	5.20165e-11	-0.000168683	-0.000168683
47.12	4.1787e-11	-0.000146017	-0.000146017
47.21	3.29435e-11	-0.000125721	-0.00012572
47.3	2.53767e-11	-0.000107617	-0.000107617
47.39	1.8985e-11	-9.15413e-05	-9.15412e-05
47.48	1.36737e-11	-7.73392e-05	-7.73392e-05
47.57	9.35518e-12	-6.48663e-05	-6.48663e-05
47.66	5.9478e-12	-5.39877e-05	-5.39877e-05
47.75	3.37597e-12	-4.45778e-05	-4.45778e-05
47.84	1.56963e-12	-3.65191e-05	-3.65191e-05
47.93	4.64184e-13	-2.97026e-05	-2.97026e-05
48.02	-2.22045e-16	-2.40267e-05	-2.40267e-05
48.11	-2.22045e-16	-1.93236e-05	-1.93236e-05
48.2	-2.22045e-16	-1.52568e-05	-1.52568e-05
48.29	-2.22045e-16	-1.17756e-05	-1.17756e-05
48.38	-2.22045e-16	-8.83282e-06	-8.83282e-06
48.47	-2.22045e-16	-6.3847e-06	-6.3847e-06
48.56	-2.22045e-16	-4.39052e-06	-4.39052e-06
48.65	-2.22045e-16	-2.81252e-06	-2.81252e-06
48.74	-2.22045e-16	-1.61569e-06	-1.61569e-06
48.83	-2.22045e-16	-7.67608e-07	-7.67608e-07
48.92	-2.22045e-16	-2.38283e-07	-2.38283e-07
49.01	-2.22045e-16	0	-2.22045e-16
49.1	-2.22045e-16	0	-2.22045e-16
49.19	-2.22045e-16	0	-2.22045e-16
49.28	-2.22045e-16	0	-2.22045e-16
49.37	-2.22045e-16	0	-2.22045e-16
49.46	-2.22045e-16	0	-2.22045e-16
49.55	-2.22045e-16	0	-2.22045e-16
49.64	-2.22045e-16	0	-2.22045e-16
49.73	-2.22045e-16	0	-2.22045e-16
49.82	-2.22045e-16	0	-2.22045e-16
49.91	-2.22045e-16	0	-2.22045e-16
50	-2.22045e-16	0	-2.22045e-16
50.09	-2.22045e-16	0	-2.22045e-16
50.18	-2.22045e-16	0	-2.22045e-16
50.27	-2.22045e-16	0	-2.22045e-16
50.36	-2.22045e-16	0	-2.22045e-16
50.45	-2.22045e-16	0	-2.22045e-16
50.54	-2.22045e-16	0	-2.22045e-16
50.63	-2.22045e-16	0	-2.22045e-16
50.72	-2.22045e-16	0	-2.22045e-16
50.81	-2.22045e-16	0	-2.22045e-16
50.9	-2.22045e-16	0	-2.22045e-16
50.99	-2.22045e-16	0	-2.22045e-16
51.08	-2.22045e-16	0	-2.22045e-16
51.17	-2.22045e-16	0	-2.22045e-16
51.26	-2.22045e-16	0	-2.22045e-16
51.35	-2.22045e-16	0	-2.22045e-16
51.44	-2.22045e-16	0	-2.22045e-16
51.53	-2.22045e-16	0	-2.22045e-16
51.62	-2.22045e-16	0	-2.22045e-16
51.71	-2.22045e-16	0	-2.22045e-16
51.8	-2.22045e-16	0	-2.22045e-16
51.89	-2.22045e-16	0	-2.22045e-16
51.98	-2.22045e-16	0	-2.22045e-16
52.07	-2.22045e-16	0	-2.22045e-16
52.16	-2.22045e-16	0	-2.22045e-16
52.25	-2.22045e-16	0	-2.22045e-16
52.34	-2.22045e-16	0	-2.22045e-16
52.43	-2.22045e-16	0	-2.22045e-16
52.52	-2.22045e-16	0	-2.22045e-16
52.61	-2.22045e-16	0	-2.22045e-16
52.7	-2.22045e-16	0	-2.22045e-16
52.79	-2.22045e-16	0	-2.22045e-16
52.88	-2.22045e-16	0	-2.22045e-16
52.97	-2.22045e-16	0	-2.22045e-16
53.06	-2.22045e-16	0	-2.22045e-16
53.15	-2.22045e-16	0	-2.22045e-16
53.24	-2.22045e-16	0	-2.22045e-16
53.33	-2.22045e-16	0	-2.22045e-16
53.42	-2.22045e-16	0	-2.22045e-16
53.51	-2.22045e-16	0	-2.22045e-16
53.6	-2.22045e-16	0	-2.22045e-16
53.69	-2.22045e-16	0	-2.22045e-16
53.78	-2.22045e-16	0	-2.22045e-16
53.87	-2.22045e-16	0	-2.22045e-16
53.96	-2.22045e-16	0	-2.22045e-16
54.05	-2.22045e-16	0	-2.22045e-16
54.14	-2.22045e-16	0	-2.22045e-16
54.23	-2.22045e-16	0	-2.22045e-16
54.32	-2.22045e-16	0	-2.22045e-16
54.41	-2.22045e-16	0	-2.22045e-16
54.5	-2.22045e-16	0	-2.22045e-16
54.59	-2.22045e-16	0	-2.22045e-16
54.68	-2.22045e-16	0	-2.22045e-16
54.77	-2.22045e-16	0	-2.22045e-16
54.86	-2.22045e-16	0	-2.22045e-16
54.95	-2.22045e-16	0	-2.22045e-16
55.04	-2.22045e-16	0	-2.22045e-16
55.13	-2.22045e-16	0	-2.22045e-16
55.22	-2.22045e-16	0	-2.22045e-16
55.31	-2.22045e-16	0	-2.22045e-16
55.4	-2.22045e-16	0	-2.22045e-16
55.49	-2.22045e-16	0	-2.22045e-16
55.58	-2.22045e-16	0	-2.22045e-16
55.67	-2.22045e-16	0	-2.22045e-16
55.76	-2.22045e-16	0	-2.22045e-16
55.85	-2.22045e-16	0	-2.22045e-16
55.94	-2.22045e-16	0	-2.22045e-16
56.03	-2.22045e-16	0	-2.22045e-16
56.12	-2.22045e-16	0	-2.22045e-16
56.21	-2.22045e-16	0	-2.22045e-16
56.3	-2.22045e-16	0	-2.22045e-16
56.39	-2.22045e-16	0	-2.22045e-16
56.48	-2.22045e-16	0	-2.22045e-16
56.57	-2.22045e-16	0	-2.22045e-16
56.66	-2.22045e-16	0	-2.22045e-16
56.75	-2.22045e-16	0	-2.22045e-16
56.84	-2.22045e-16	0	-2.22045e-16
56.93	-2.22045e-16	0	-2.22045e-16
57.02	-2.22045e-16	0	-2.22045e-16
57.11	-2.22045e-16	0	-2.22045e-16
57.2	-2.22045e-16	0	-2.22045e-16
57.29	-2.22045e-16	0	-2.22045e-16
57.38	-2.22045e-16	0	-2.22045e-16
57.47	-2.22045e-16	0	-2.22045e-16
57.56	-2.22045e-16	0	-2.22045e-16
57.65	-2.22045e-16	0	-2.22045e-16
57.74	-2.22045e-16	0	-2.22045e-16
57.83	-2.22045e-16	0	-2.22045e-16
57.92	-2.22045e-16	0	-2.22045e-16
58.01	-2.22045e-16	0	-2.22045e-16
58.1	-2.22045e-16	0	-2.22045e-16
58.19	-2.22045e-16	0	-2.22045e-16
58.28	-2.22045e-16	0	-2.22045e-16
58.37	-2.22045e-16	0	-2.22045e-16
58.46	-2.22045e-16	0	-2.22045e-16
58.55	-2.22045e-16	0	-2.22045e-16
58.64	-2.22045e-16	0	-2.22045e-16
58.73	-2.22045e-16	0	-2.22045e-16
58.82	-2.22045e-16	0	-2.22045e-16
58.91	-2.22045e-16	0	-2.22045e-16
59	-2.22045e-16	0	-2.22045e-16
59.09	-2.22045e-16	0	-2.22045e-16
59.18	-2.22045e-16	0	-2.22045e-16
59.27	-2.22045e-16	0	-2.22045e-16
59.36	-2.22045e-16	0	-2.22045e-16
59.45	-2.22045e-16	0	-2.22045e-16
59.54	-2.22045e-16	0	-2.22045e-16
59.63	-2.22045e-16	0	-2.22045e-16
59.72	-2.22045e-16	0	-2.22045e-16
59.81	-2.22045e-16	0	-2.22045e-16
59.9	-2.22045e-16	0	-2.22045e-16
59.99	-2.22045e-16	0	-2.22045e-16
60.08	-2.22045e-16	0	-2.22045e-16
60.17	-2.22045e-16	0	-2.22045e-16
60.26	-2.22045e-16	0	-2.22045e-16
60.35	-2.22045e-16	0	-2.22045e-16
60.44	-2.22045e-16	0	-2.22045e-16
60.53	-2.22045e-16	0	-2.22045e-16
60.62	-2.22045e-16	0	-2.22045e-16
60.71	-2.22045e-16	0	-2.22045e-16
60.8	-2.22045e-16	0	-2.22045e-16
60.89	-2.22045e-16	0	-2.22045e-16
60.98	-2.22045e-16	0	-2.22045e-16
61.07	-2.22045e-16	0	-2.22045e-16
61.16	-2.22045e-16	0	-2.22045e-16
61.25	-2.22045e-16	0	-2.22045e-16
61.34	-2.22045e-16	0	-2.22045e-16
61.43	-2.22045e-16	0	-2.22045e-16
61.52	-2.22045e-16	0	-2.22045e-16
61.61	-2.22045e-16	0	-2.22045e-16
61.7	-2.22045e-16	0	-2.22045e-16
61.79	-2.22045e-16	0	-2.22045e-16
61.88	-2.22045e-16	0	-2.22045e-16
61.97	-2.22045e-16	0	-2.22045e-16
62.06	-2.22045e-16	0	-2.22045e-16
62.15	-2.22045e-16	0	-2.22045e-16
62.24	-2.22045e-16	0	-2.22045e-16
62.33	-2.22045e-16	0	-2.22045e-16
62.42	-2.22045e-16	0	-2.22045e-16
62.51	-2.22045e-16	0	-2.22045e-16
62.6	-2.22045e-16	0	-2.22045e-16
62.69	-2.22045e-16	0	-2.22045e-16
62.78	-2.22045e-16	0	-2.22045e-16
62.87	-2.22045e-16	0	-2.22045e-16
62.96	-2.22045e-16	0	-2.22045e-16
63.05	-2.22045e-16	0	-2.22045e-16
63.14	-2.22045e-16	0	-2.22045e-16
63.23	-2.22045e-16	0	-2.22045e-16
63.32	-2.22045e-16	0	-2.22045e-16
63.41	-2.22045e-16	0	-2.22045e-16
63.5	-2.22045e-16	0	-2.22045e-16
63.59	-2.22045e-16	0	-2.22045e-16
63.68	-2.22045e-16	0	-2.22045e-16
63.77	-2.22045e-16	0	-2.22045e-16
63.86	-2.22045e-16	0	-2.22045e-16
63.95	-2.22045e-16	0	-2.22045e-16
64.04	-2.22045e-16	0	-2.22045e-16
64.13	-2.22045e-16	0	-2.22045e-16
64.22	-2.22045e-16	0	-2.22045e-16
64.31	-2.22045e-16	0	-2.22045e-16
64.4	-2.22045e-16	0	-2.22045e-16
64.49	-2.22045e-16	0	-2.22045e-16
64.58	-2.22045e-16	0	-2.22045e-16
64.67	-2.22045e-16	0	-2.22045e-16
64.76	-2.22045e-16	0	-2.22045e-16
64.85	-2.22045e-16	0	-2.22045e-16
64.94	-2.22045e-16	0	-2.22045e-16
65.03	-2.22045e-16	0	-2.22045e-16
65.12	-2.22045e-16	0	-2.22045e-16
65.21	-2.22045e-16	0	-2.22045e-16
65.3	-2.22045e-16	0	-2.22045e-16
65.39	-2.22045e-16	0	-2.22045e-16
65.48	-2.22045e-16	0	-2.22045e-16
65.57	-2.22045e-16	0	-2.22045e-16
65.66	-2.22045e-16	0	-2.22045e-16
65.75	-2.22045e-16	0	-2.22045e-16
65.84	-2.22045e-16	0	-2.22045e-16
65.93	-2.22045e-16	0	-2.22045e-16
66.02	-2.22045e-16	0	-2.22045e-16
66.11	-2.22045e-16	0	-2.22045e-16
66.2	-2.22045e-16	0	-2.22045e-16
66.29	-2.22045e-16	0	-2.22045e-16
66.38	-2.22045e-16	0	-2.22045e-16
66.47	-2.22045e-16	0	-2.22045e-16
66.56	-2.22045e-16	0	-2.22045e-16
66.65	-2.22045e-16	0	-2.22045e-16
66.74	-2.22045e-16	0	-2.22045e-16
66.83	-2.22045e-16	0	-2.22045e-16
66.92	-2.22045e-16	0	-2.22045e-16
67.01	-2.22045e-16	0	-2.22045e-16
67.1	-2.22045e-16	0	-2.22045e-16
67.19	-2.22045e-16	0	-2.22045e-16
67.28	-2.22045e-16	0	-2.22045e-16
67.37	-2.22045e-16	0	-2.22045e-16
67.46	-2.22045e-16	0	-2.22045e-16
67.55	-2.22045e-16	0	-2.22045e-16
67.64	-2.22045e-16	0	-2.22045e-16
67.73	-2.22045e-16	0	-2.22045e-16
67.82	-2.22045e-16	0	-2.22045e-16
67.91	-2.22045e-16	0	-2.22045e-16
68	-2.22045e-16	0	-2.22045e-16
68.09	-2.22045e-16	0	-2.22045e-16
68.18	-2.22045e-16	0	-2.22045e-16
68.27	-2.22045e-16	0	-2.22045e-16
68.36	-2.22045e-16	0	-2.22045e-16
68.45	-2.22045e-16	0	-2.22045e-16
68.54	-2.22045e-16	0	-2.22045e-16
68.63	-2.22045e-16	0	-2.22045e-16
68.72	-2.22045e-16	0	-2.22045e-16
68.81	-2.22045e-16	0	-2.22045e-16
68.9	-2.22045e-16	0	-2.22045e-16
68.99	-2.22045e-16	0	-2.22045e-16
69.08	-2.22045e-16	0	-2.22045e-16
69.17	-2.22045e-16	0	-2.22045e-16
69.26	-2.22045e-16	0	-2.22045e-16
69.35	-2.22045e-16	0	-2.22045e-16
69.44	-2.22045e-16	0	-2.22045e-16
69.53	-2.22045e-16	0	-2.22045e-16
69.62	-2.22045e-16	0	-2.22045e-16
69.71	-2.22045e-16	0	-2.22045e-16
69.8	-2.22045e-16	0	-2.22045e-16
69.89	-2.22045e-16	0	-2.22045e-16
69.98	-2.22045e-16	0	-2.22045e-16
70.07	-2.22045e-16	0	-2.22045e-16
70.16	-2.22045e-16	0	-2.22045e-16
70.25	-2.22045e-16	0	-2.22045e-16
70.34	-2.22045e-16	0	-2.22045e-16
70.43	-2.22045e-16	0	-2.22045e-16
70.52	-2.22045e-16	0	-2.22045e-16
70.61	-2.22045e-16	0	-2.22045e-16
70.7	-2.22045e-16	0	-2.22045e-16
70.79	-2.22045e-16	0	-2.22045e-16
70.88	-2.22045e-16	0	-2.22045e-16
70.97	-2.22045e-16	0	-2.22045e-16
71.06	-2.22045e-16	0	-2.22045e-16
71.15	-2.22045e-16	0	-2.22045e-16
71.24	-2.22045e-16	0	-2.22045e-16
71.33	-2.22045e-16	0	-2.22045e-16
71.42	-2.22045e-16	0	-2.22045e-16
71.51	-2.22045e-16	0	-2.22045e-16
71.6	-2.22045e-16	0	-2.22045e-16
71.69	-2.22045e-16	0	-2.22045e-16
71.78	-2.22045e-16	0	-2.22045e-16
71.87	-2.22045e-16	0	-2.22045e-16
71.96	-2.22045e-16	0	-2.22045e-16
72.05	-2.22045e-16	0	-2.22045e-16
72.14	-2.22045e-16	0	-2.22045e-16
72.23	-2.22045e-16	0	-2.22045e-16
72.32	-2.22045e-16	0	-2.22045e-16
72.41	-2.22045e-16	0	-2.22045e-16
72.5	-2.22045e-16	0	-2.22045e-16
72.59	-2.22045e-16	0	-2.22045e-16
72.68	-2.22045e-16	0	-2.22045e-16
72.77	-2.22045e-16	0	-2.22045e-16
72.86	-2.22045e-16	0	-2.22045e-16
72.95	-2.22045e-16	0	-2.22045e-16
73.04	-2.22045e-16	0	-2.22045e-16
73.13	-2.22045e-16	0	-2.22045e-16
73.22	-2.22045e-16	0	-2.22045e-16
73.31	-2.22045e-16	0	-2.22045e-16
73.4	-2.22045e-16	0	-2.22045e-16
73.49	-2.22045e-16	0	-2.22045e-16
73.58	-2.22045e-16	0	-2.22045e-16
73.67	-2.22045e-16	0	-2.22045e-16
73.76	-2.22045e-16	0	-2.22045e-16
73.85	-2.22045e-16	0	-2.22045e-16
73.94	-2.22045e-16	0	-2.22045e-16
74.03	-2.22045e-16	0	-2.22045e-16
74.12	-2.22045e-16	0	-2.22045e-16
74.21	-2.22045e-16	0	-2.22045e-16
74.3	-2.22045e-16	0	-2.22045e-16
74.39	-2.22045e-16	0	-2.22045e-16
74.48	-2.22045e-16	0	-2.22045e-16
74.57	-2.22045e-16	0	-2.22045e-16
74.66	-2.22045e-16	0	-2.22045e-16
74.75	-2.22045e-16	0	-2.22045e-16
74.84	-2.22045e-16	0	-2.22045e-16
74.93	-2.22045e-16	0	-2.22045e-16
75.02	-2.22045e-16	0	-2.22045e-16
75.11	-2.22045e-16	0	-2.22045e-16
75.2	-2.22045e-16	0	-2.22045e-16
75.29	-2.22045e-16	0	-2.22045e-16
75.38	-2.22045e-16	0	-2.22045e-16
75.47	-2.22045e-16	0	-2.22045e-16
75.56	-2.22045e-16	0	-2.22045e-16
75.65	-2.22045e-16	0	-2.22045e-16
75.74	-2.22045e-16	0	-2.22045e-16
75.83	-2.22045e-16	0	-2.22045e-16
75.92	-2.22045e-16	0	-2.22045e-16
76.01	-2.22045e-16	0	-2.22045e-16
76.1	-2.22045e-16	0	-2.22045e-16
76.19	-2.22045e-16	0	-2.22045e-16
76.28	-2.22045e-16	0	-2.22045e-16
76.37	-2.22045e-16	0	-2.22045e-16
76.46	-2.22045e-16	0	-2.22045e-16
76.55	-2.22045e-16	0	-2.22045e-16
76.64	-2.22045e-16	0	-2.22045e-16
76.73	-2.22045e-16	0	-2.22045e-16
76.82	-2.22045e-16	0	-2.22045e-16
76.91	-2.22045e-16	0	-2.22045e-16
77	-2.22045e-16	0	-2.22045e-16
77.09	-2.22045e-16	0	-2.22045e-16
77.18	-2.22045e-16	0	-2.22045e-16
77.27	-2.22045e-16	0	-2.22045e-16
77.36	-2.22045e-16	0	-2.22045e-16
77.45	-2.22045e-16	0	-2.22045e-16
77.54	-2.22045e-16	0	-2.22045e-16
77.63	-2.22045e-16	0	-2.22045e-16
77.72	-2.22045e-16	0	-2.22045e-16
77.81	-2.22045e-16	0	-2.22045e-16
77.9	-2.22045e-16	0	-2.22045e-16
77.99	-2.22045e-16	0	-2.22045e-16
78.08	-2.22045e-16	0	-2.22045e-16
78.17	-2.22045e-16	0	-2.22045e-16
78.26	-2.22045e-16	0	-2.22045e-16
78.35	-2.22045e-16	0	-2.22045e-16
78.44	-2.22045e-16	0	-2.22045e-16
78.53	-2.22045e-16	0	-2.22045e-16
78.62	-2.22045e-16	0	-2.22045e-16
78.71	-2.22045e-16	0	-2.22045e-16
78.8	-2.22045e-16	0	-2.22045e-16
78.89	-2.22045e-16	0	-2.22045e-16
78.98	-2.22045e-16	0	-2.22045e-16
79.07	-2.22045e-16	0	-2.22045e-16
79.16	-2.22045e-16	0	-2.22045e-16
79.25	-2.22045e-16	0	-2.22045e-16
79.34	-2.22045e-16	0	-2.22045e-16
79.43	-2.22045e-16	0	-2.22045e-16
79.52	-2.22045e-16	0	-2.22045e-16
79.61	-2.22045e-16	0	-2.22045e-16
79.7	-2.22045e-16	0	-2.22045e-16
79.79	-2.22045e-16	0	-2.22045e-16
79.88	-2.22045e-16	0	-2.22045e-16
79.97	-2.22045e-16	0	-2.22045e-16
