         127          84
           1
          67  5.089553075340081E-025  2.354405622999022E-027
          15
           3  2.001109947975904E-020  9.271100890892180E-023
           9  6.736405244208918E-007  3.257987070385046E-009
          19  1.864943732479793E-008  8.859510183526066E-011
          22  6.235239379441314E-005  3.015994737792253E-007
          23  2.175255632042012E-005  1.049014534498340E-007
          25  2.721281625198865E-010  1.294809307634887E-012
          30  6.461453537080231E-018  2.988017213742040E-020
          33  1.071571425209237E-013  5.021847966368547E-016
          37  5.541239629735954E-005  2.670796789637434E-007
          41  4.833675541464524E-030  2.229956422655320E-032
          44  7.608754322043065E-005  3.690679995214253E-007
          54  9.927371568190332E-011  4.668810189776582E-013
          57  3.678292197277832E-008  1.746652114957086E-010
          63  1.473939827795642E-004  7.129885930232918E-007
          71  2.039828449875486E-011  9.594729953775676E-014
          16
           2  5.717681910586715E-008  2.782307682113797E-010
           3  2.221433418142363E-011  1.057659260275624E-013
           4  2.578491387799393E-020  1.193747180587373E-022
           9  1.424721449021639E-006  7.007884353780925E-009
          22  1.263466973464412E-008  6.103272075333874E-011
          23  2.637051047154031E-016  1.226370593343595E-018
          25  7.131973429555738E-017  3.325421463199197E-019
          33  6.363613374216040E-009  3.086247627221038E-011
          37  5.357322830630503E-013  2.524947889014136E-015
          42  2.690617533259208E-015  1.255554649234156E-017
          44  2.038366343593814E-010  9.784168685573616E-013
          52  4.062546366201010E-008  1.969283921835313E-010
          53  5.085291345738431E-007  2.474460861881324E-009
          57  6.109877685223437E-017  2.831636699509471E-019
          63  1.327530842810980E-011  6.310269571576594E-014
          76  2.269178365549126E-029  1.045416139766950E-031
          16
           1  1.099940259256201E-007  5.217644650661339E-010
          13  1.434908776172444E-005  6.862994174259398E-008
          15  1.596614331992657E-013  7.449902662792190E-016
          17  1.391112951170938E-006  6.614606350011484E-009
          28  6.934597762560828E-008  3.308632995032220E-010
          34  2.665620871682816E-008  1.266468434128865E-010
          40  3.443679772924268E-026  1.590329141921983E-028
          43  1.331313601949422E-018  6.141720470146954E-021
          50  5.583862263939067E-007  2.656785450227917E-009
          56  4.575239730006539E-023  2.112754616163396E-025
          60  4.230469463974514E-008  2.013114565459150E-010
          68  1.083968686659464E-009  5.137580116879973E-012
          69  2.286266823272085E-005  1.100415969209886E-007
          70  2.239598219782915E-013  1.044632971041025E-015
          74  1.217383314027992E-012  5.712005704710015E-015
          77  1.143993852407702E-006  5.472411872664576E-009
          22
           2  2.829125059440062E-021  1.311719690844625E-023
          10  2.356474237171732E-020  1.091469697984380E-022
          12  1.821057876938696E-005  8.959196759737565E-008
          13  2.131250550527849E-022  9.868334269114742E-025
          17  1.056446581069750E-018  4.896003500217977E-021
          20  4.140977210979779E-004  2.048749049351754E-006
          21  2.035339615373085E-007  9.902969098359427E-010
          27  3.720247337599843E-021  1.724568929746481E-023
          28  8.943685536981009E-007  4.386428018117838E-009
          29  8.948502601681203E-019  4.165525569475390E-021
          39  7.100745026442476E-007  3.463780055126874E-009
          40  2.903321770469275E-004  1.439420560737106E-006
          49  4.012722629708320E-007  1.961383395567113E-009
          60  2.226504416811849E-015  1.043475053946856E-017
          68  5.661098739566880E-006  2.790008410648374E-008
          69  3.269778046880066E-015  1.538804867571089E-017
          70  5.706292427483169E-005  2.811935958284449E-007
          73  7.025519208625745E-016  3.293328991951568E-018
          74  3.141245140946364E-014  1.484593515508481E-016
          76  2.044915523241002E-005  1.011394249963168E-007
          77  1.478804094585454E-008  7.176225973357503E-011
          78  2.146715062840093E-005  1.058677133065725E-007
          11
           2  2.069613692839076E-004  1.015442515274499E-006
          11  1.866403986080637E-007  8.971697844770914E-010
          12  4.703641940833796E-009  2.257155045815587E-011
          27  8.327594955494650E-005  4.070359463957374E-007
          29  1.483182090597299E-005  7.230664036509664E-008
          45  2.190224718673291E-006  1.059984283108959E-008
          47  2.742207188102654E-006  1.330728186707150E-008
          49  2.028362447470473E-011  9.631902111481160E-014
          52  1.343419887756144E-005  6.537974391418666E-008
          76  6.470764757639034E-010  3.103714465864159E-012
          78  2.792791850344328E-008  1.347999018012223E-010
           1
          61  2.134215263889586E-018  9.839625169092606E-021
          15
           3  3.749488203047611E-010  1.781895115547776E-012
           9  1.332224028353808E-005  6.509276883344936E-008
          19  3.992831875703474E-010  1.889665637738009E-012
          22  1.205551421488071E-004  5.862269315399315E-007
          23  1.807197676848976E-006  8.724727148882875E-009
          25  7.855595913009111E-011  3.738655200912464E-013
          33  1.146744911531014E-010  5.463435541905337E-013
          37  4.913645573634916E-005  2.376976462174195E-007
          42  1.203291165771536E-014  5.600347627987372E-017
          44  4.860843115728045E-005  2.367680645082242E-007
          53  4.371095361958591E-010  2.077086554360183E-012
          54  1.150710967167658E-012  5.385742932704122E-015
          57  5.370234244872943E-007  2.571751209626732E-009
          63  8.739038553013378E-005  4.244532918429322E-007
          71  5.804240695194465E-031  2.678665143177645E-033
           9
           1  3.903021606778453E-011  1.805689852841050E-013
           7  2.858315657347629E-012  1.319396103207979E-014
          13  6.339324442068495E-015  2.930973430561869E-017
          15  2.263950016980908E-011  1.049753833253567E-013
          17  1.064627288980191E-014  4.909240894869672E-017
          50  2.017708702170181E-010  9.349190942683154E-013
          56  6.388234695401715E-014  2.952074446864648E-016
          58  3.780751551037381E-012  1.743614524112417E-014
          79  1.041348028351802E-013  4.798543664502572E-016
          13
           9  1.765730950645566E-018  8.191395215781875E-021
          22  8.621298472339170E-022  3.966295138346470E-024
          23  1.623339259834630E-009  7.727777956719024E-012
          25  6.770880127068013E-007  3.282543533351092E-009
          33  2.861354762742298E-013  1.344633652029917E-015
          34  1.811539533551551E-006  8.748020354827729E-009
          43  6.479997505772820E-005  3.138810116276413E-007
          44  6.362197989074940E-015  2.970855332747248E-017
          46  1.619260385099970E-010  7.660792977320637E-013
          60  3.976473266071401E-009  1.901110791584091E-011
          69  2.053483457279828E-019  9.507052232232732E-022
          74  9.375121278365288E-009  4.511291621023875E-011
          81  8.758717994975801E-011  4.146878593806256E-013
           7
           1  3.178413250640998E-012  1.470152534855645E-014
          10  1.420087606164900E-008  6.585174523706198E-011
          13  5.857931250820494E-019  2.704732019309986E-021
          17  8.836684612740440E-013  4.078522956602312E-015
          31  5.435007308460057E-010  2.513614627571934E-012
          39  4.668315069530469E-017  2.158305996271330E-019
          70  2.585663766809257E-022  1.193041674771065E-024
          14
           3  1.644099714380289E-015  7.680344038692486E-018
           9  1.124731224283676E-004  5.546902956008385E-007
          19  1.041641775841479E-011  4.918967966938687E-014
          22  4.519458614959641E-004  2.218957614587528E-006
          23  5.752892499939893E-005  2.815852925247124E-007
          25  1.888378486362514E-007  9.199936224672719E-010
          33  5.619411183480296E-008  2.731086835406755E-010
          37  2.893286785395118E-005  1.408494003682626E-007
          44  3.249042365303856E-004  1.599442901390345E-006
          53  1.802999944211274E-014  8.445873383947883E-017
          54  2.393385090711653E-016  1.110687501254365E-018
          57  8.424730429369679E-009  4.027680112180126E-011
          63  1.756302612087227E-004  8.597938585636842E-007
          71  4.890667583352393E-028  2.257438476818337E-030
           3
          15  1.834202127873591E-025  8.489269860057029E-028
          56  4.376445908899053E-022  2.020077502149010E-024
          61  2.169125792077670E-012  1.000186654019923E-014
           2
           6  1.968808152683444E-022  9.098155262291430E-025
          80  6.074597809029682E-026  2.807274649908224E-028
          21
           1  1.533224533160311E-014  7.208064612282342E-017
          12  3.363701358473790E-010  1.621690786060018E-012
          13  2.787468855190674E-008  1.356772472687381E-010
          17  9.603536198686855E-009  4.645156826067948E-011
          20  1.738545341522187E-004  8.647557518505039E-007
          21  2.749917698967624E-017  1.282079896977663E-019
          25  3.811895797840045E-019  1.770198069697776E-021
          28  3.553313385529568E-004  1.770359430752530E-006
          33  5.422564774647356E-012  2.597669045072547E-014
          34  2.398815042742542E-013  1.135933607172569E-015
          39  1.829868064401296E-011  8.753389469405753E-014
          40  2.890708738036859E-004  1.442788980640512E-006
          49  1.789912684743017E-020  8.293894104151095E-023
          60  4.701606068774823E-006  2.321934302242489E-008
          68  8.844071969409334E-004  4.424409573806693E-006
          69  5.039279592374288E-006  2.494933175003471E-008
          70  1.416249516139496E-004  7.028906247930357E-007
          74  2.091821273542208E-006  1.036600313651414E-008
          76  2.777345527196624E-006  1.376356335461973E-008
          77  2.045317048190787E-004  1.017219910416447E-006
          78  4.887078700925383E-009  2.378855369881008E-011
          18
           9  9.575474000361233E-007  4.797330728195785E-009
          20  1.104179295653289E-018  5.136675295565786E-021
          22  1.411666386409809E-009  6.900079490371868E-012
          23  1.948949523958911E-007  9.655288567372160E-010
          25  7.035466909165420E-004  3.570267926103699E-006
          28  2.458875685576480E-014  1.169829215196538E-016
          33  1.458583732324165E-004  7.381910740379013E-007
          34  2.631298818756380E-007  1.303966211273301E-009
          40  1.981332135739574E-014  9.420868132039708E-017
          43  2.942416446405859E-008  1.448081692007576E-010
          44  6.750332815442897E-009  3.325206308393202E-011
          60  2.227261339122823E-005  1.117277466669848E-007
          63  3.293815857903031E-015  1.555483735221530E-017
          68  1.006967307182816E-009  4.938246827441771E-012
          69  1.822534278114273E-010  8.896822339464061E-013
          74  3.665540584255222E-004  1.856943073154715E-006
          76  8.008604200800789E-012  3.872003189297417E-014
          77  1.918573647394017E-010  9.337708951629859E-013
           5
           4  2.322891210431647E-009  1.077213335426287E-011
           5  1.821761022304151E-027  8.414874686938107E-030
           6  1.162522785944713E-013  5.376275531102068E-016
          53  5.792238038176987E-023  2.680504438104149E-025
          80  2.901888501027836E-024  1.341773220322961E-026
          10
           1  9.342535029814534E-008  4.343894412725923E-010
          10  6.142017324859627E-011  2.838936111979220E-013
          13  9.902346648829827E-010  4.598906941938100E-012
          17  3.243849541558504E-008  1.505938922797917E-010
          28  5.796405606987884E-016  2.678783679570351E-018
          31  5.916362020967732E-012  2.730014017905957E-014
          50  1.080313803291918E-017  4.983526901022496E-020
          58  1.710148939969039E-018  7.862217675206092E-021
          70  5.321728154851484E-017  2.452904108978997E-019
          77  2.672934382907133E-022  1.230243897097675E-024
           9
           8  5.636352207017919E-012  2.607518169345183E-014
          19  1.429288182594261E-015  6.600177458883557E-018
          26  3.347211644749047E-017  1.547717051827898E-019
          30  4.960096687067160E-013  2.292232607065779E-015
          35  9.350531231602917E-014  4.323412838617452E-016
          41  7.044811263900043E-009  3.263417188915009E-011
          54  8.143048178270001E-022  3.757124870068221E-024
          59  1.158854442466050E-019  5.362944915557383E-022
          71  5.467911276281343E-009  2.538368055132438E-011
           9
           1  9.521842973044105E-009  4.418830842463345E-011
           7  1.321595543861608E-014  6.100968191107419E-017
          13  3.128546462417142E-011  1.450729094441253E-013
          15  4.618221131210545E-013  2.141707222536839E-015
          17  1.397495818221440E-010  6.465805805722767E-013
          50  2.384031766919409E-010  1.106154652303643E-012
          56  1.899582875204872E-018  8.779492505227542E-021
          58  1.312293334337175E-011  6.058785514772850E-014
          79  2.625907810125007E-014  1.210549028612559E-016
           8
          10  2.959183000043189E-007  1.377229938501240E-009
          17  1.886560409825613E-023  8.690859061065007E-026
          21  1.772385728247149E-012  8.224438921471446E-015
          31  2.537231097058492E-012  1.172794909160438E-014
          39  4.443080167026196E-009  2.070526848704847E-011
          70  7.188305778775058E-015  3.325431934912439E-017
          82  4.737710954938848E-016  2.191728170173191E-018
          84  2.269968407075768E-018  1.046282302357375E-020
          15
           2  7.971968381354476E-008  3.903285219914086E-010
           3  2.148408957418259E-013  1.017925080679240E-015
           9  2.050307332782653E-005  1.020402239853639E-007
          22  2.540812756216848E-007  1.244888358358710E-009
          23  6.941447815054651E-012  3.308521991288371E-014
          25  2.211828321017238E-011  1.063494810887873E-013
          33  5.655184835990110E-007  2.792074447337192E-009
          37  1.189873228534340E-011  5.671853192547826E-014
          42  1.249817248677245E-021  5.772520368430950E-024
          44  1.351240630479341E-008  6.590284643067061E-011
          52  3.515785273773474E-009  1.702409959721690E-011
          53  3.778160823278444E-008  1.840316830755246E-010
          57  1.709284832213696E-017  7.929475638117747E-020
          63  5.736247184128683E-010  2.766504442968083E-012
          76  3.307444327685893E-016  1.546885955850000E-018
          11
          13  2.054407027460997E-023  9.439805668805547E-026
          25  2.013328075669172E-011  9.495737017546575E-014
          34  1.263739912100238E-004  6.098404244649566E-007
          43  6.994241159275971E-005  3.361478156332744E-007
          46  3.988385789815816E-009  1.885275735554786E-011
          60  5.323302404198433E-007  2.551781608013309E-009
          61  1.180746389804780E-019  5.423817220585525E-022
          68  6.089181680486996E-024  2.798894588961032E-026
          69  1.104945226545715E-008  5.266485642326662E-011
          74  1.637380434113760E-008  7.828715556609930E-011
          77  6.870565030591641E-013  3.206503619835965E-015
          16
           1  8.875629913547250E-013  4.130166450476918E-015
          13  2.563823045407575E-008  1.211529652271601E-010
          15  5.857573557201121E-014  2.725960544886050E-016
          17  7.790836765039441E-011  3.640191866835464E-013
          28  3.300706094949137E-013  1.540667206430090E-015
          34  1.209960175791419E-006  5.758783058414410E-009
          43  2.606592744287269E-010  1.222435105465123E-012
          46  1.114880214839996E-022  5.149742338904097E-025
          50  8.312581005088354E-008  3.929176339602600E-010
          56  3.061938270456077E-020  1.413380633225293E-022
          60  8.918052027775885E-009  4.219202566792152E-011
          61  5.674909634537518E-018  2.618068118939124E-020
          68  1.357690985615163E-016  6.290940159020214E-019
          69  1.084576468896745E-006  5.178541183556662E-009
          74  5.866809315525868E-014  2.734974977563111E-016
          77  1.267897599851514E-009  5.976350088727198E-012
           3
           8  5.435572624644291E-013  2.509451668382090E-015
          41  9.977890044084495E-015  4.601983114679458E-017
          81  2.298686062425476E-019  1.064135629375557E-021
           6
          43  6.518864490991018E-013  3.014871837942530E-015
          46  4.583280481419128E-008  2.131933823882077E-010
          55  6.768970866688775E-020  3.126766016081590E-022
          61  5.759965098645493E-019  2.658693811752075E-021
          67  1.153999376644761E-010  5.348174742360210E-013
          81  1.905109495705924E-012  8.842834202766367E-015
           2
           8  2.016652075150234E-013  9.308088655920315E-016
          41  2.118564408379065E-015  9.768973911210992E-018
           5
          15  4.056860454670036E-014  1.876800731336324E-016
          34  5.958060006804302E-024  2.746184975424514E-026
          50  1.845648293676931E-012  8.533321950779034E-015
          56  7.546617759281835E-015  3.481041129246522E-017
          61  6.292479719076301E-011  2.903942744344654E-013
           7
           8  5.813293032250835E-021  2.682715396749202E-023
          26  6.532326279908795E-017  3.016176020267404E-019
          30  7.462625614265854E-017  3.441435580346464E-019
          35  5.938468842006126E-016  2.740837930888311E-018
          41  1.615166139547284E-014  7.446722501357599E-017
          59  1.893811526063803E-018  8.751797924232407E-021
          71  1.698873531654130E-013  7.849451824805514E-016
           4
           4  1.173075643378236E-018  5.424924885179274E-021
           5  9.949585509550955E-024  4.592535270131498E-026
           6  9.424263249934727E-020  4.354319315251560E-022
          80  1.363165894546040E-022  6.298527109130344E-025
           1
          65  7.211994003717412E-023  3.327997272506241E-025
          20
           2  1.512025374255183E-029  6.991678720493454E-032
           9  3.816570673108333E-005  1.933557704675822E-007
          20  1.699935626171253E-018  7.922811965893774E-021
          22  1.827753278003850E-007  9.096580843939395E-010
          23  1.260762041049014E-006  6.295048745852907E-009
          25  9.056695345014792E-004  4.614334435185029E-006
          28  1.496875944858028E-019  6.977750696697271E-022
          33  9.128166108058970E-004  4.657820670299558E-006
          34  2.538423421644426E-010  1.239824540024749E-012
          37  3.418316992984917E-021  1.583418305534193E-023
          40  2.059759932968563E-014  9.818876615904181E-017
          43  1.054070120624083E-011  5.089655650393924E-014
          44  3.079680943737386E-007  1.537216464022814E-009
          60  1.020578981551102E-006  5.112911994198009E-009
          63  3.731213686008525E-011  1.809513505415339E-013
          68  5.743855561764511E-011  2.803613634128344E-013
          69  5.743810369937054E-015  2.732468469221124E-017
          74  1.013313934984508E-004  5.141257347408068E-007
          76  5.228696569770828E-010  2.570800922655227E-012
          77  2.411491197630807E-013  1.154801922655489E-015
           1
          75  1.099775568989803E-029  5.074940208320731E-032
           7
          15  1.582296686664619E-025  7.307075693285502E-028
          34  1.083687395303494E-017  4.991630633932005E-020
          43  6.760668765299603E-023  3.106853753754335E-025
          46  3.625574550797743E-014  1.672382877383621E-016
          50  1.752501265558175E-017  8.079757965354327E-020
          56  5.750037294216409E-030  2.648161094795140E-032
          61  2.560818776551260E-009  1.182138392585579E-011
          15
           2  1.120193622420614E-008  5.517138072060588E-011
           3  1.566808218611132E-025  7.267753867911533E-028
           9  3.375436600918795E-004  1.705815359427746E-006
          22  5.806434821718365E-006  2.890560863003550E-008
          23  2.962393453287031E-008  1.457475766048414E-010
          25  3.727984446358240E-007  1.855789028454867E-009
          33  7.287968332291453E-005  3.673017083992737E-007
          37  1.283041667627328E-010  6.206519538943976E-013
          44  1.105285715666022E-006  5.498601110452609E-009
          52  3.311988936218007E-013  1.580708087336316E-015
          53  1.098242969289600E-011  5.286326564270178E-014
          57  2.039856824941413E-022  9.418712557043726E-025
          63  2.127038658468650E-008  1.044662127099639E-010
          74  2.888235629337887E-012  1.392678565780755E-014
          76  1.015564700791738E-011  4.905941063479987E-014
           5
           8  5.691393853903347E-011  2.630931897393306E-013
          35  1.192496025044740E-018  5.510272081798809E-021
          41  6.866171951542830E-011  3.171583043970981E-013
          71  5.949784543994694E-027  2.751775388227958E-029
          81  4.242549388355618E-018  1.965611923776323E-020
           2
           4  1.874485137004920E-009  8.680881672753681E-012
           6  4.028225798365137E-017  1.860222476555017E-019
          15
           2  2.786080781994352E-010  1.334419151414439E-012
           3  3.198161775829245E-009  1.534849463749031E-011
           4  2.043925722395624E-019  9.471737130065332E-022
           9  1.377252275109308E-006  6.744619052270466E-009
          22  7.354259518502054E-008  3.555246652933137E-010
          23  2.122711764222948E-014  9.933015840459630E-017
          25  1.560577896284809E-018  7.243006053852899E-021
          33  4.734818515305851E-010  2.276345297818893E-012
          37  1.976837635586351E-010  9.411431095254284E-013
          42  9.344018432639595E-012  4.414060365896340E-014
          44  1.951229313691746E-009  9.389258897759894E-012
          52  8.947070398028911E-010  4.285925890177272E-012
          53  2.834203693705434E-006  1.379017972840300E-008
          57  4.664654681903940E-012  2.197683290850316E-014
          63  7.485988878960695E-010  3.581842929716763E-012
           4
           3  5.850080595382008E-017  2.714255096990002E-019
          42  6.719018879158834E-017  3.106438792120092E-019
          54  4.232830143766629E-020  1.955123591944039E-022
          57  2.630746697226104E-015  1.213788232366179E-017
           6
          10  1.591930693343684E-008  7.368178255489277E-011
          21  2.858136900031183E-015  1.321895300952050E-017
          31  4.386575783103459E-014  2.022453717260391E-016
          39  3.045516546491563E-011  1.411200213120095E-013
          82  1.090263489556922E-013  5.039694721823751E-016
          84  1.000878589712006E-017  4.609007462393746E-020
           9
           2  5.111253274251256E-009  2.433512046216656E-011
           3  2.081820323098319E-012  9.757431205094785E-015
           4  8.312735901588311E-009  3.939620400699914E-011
           6  2.762530626518743E-019  1.276105170665986E-021
           9  7.710137050910404E-018  3.578054469613672E-020
          27  2.538146200088145E-023  1.170878967539265E-025
          42  3.115685347252820E-014  1.447660256778689E-016
          52  3.883611848522782E-006  1.863004770589670E-008
          53  7.525068627318644E-007  3.599460615248309E-009
           7
           2  7.003614612155783E-028  3.234008725292687E-030
          11  5.193150683786958E-008  2.413750312879369E-010
          27  2.987807988373781E-014  1.382906140605085E-016
          29  1.939720958214154E-016  8.976104871821874E-019
          45  8.340521728778488E-009  3.881363433390203E-011
          47  1.557441652780439E-011  7.237061807773336E-014
          52  1.233772196576864E-010  5.735500230735723E-013
           4
          16  9.400826397618785E-014  4.348679914058442E-016
          18  3.248124879172837E-016  1.499659636951247E-018
          51  1.705778926068965E-018  7.875740014831719E-021
          83  5.747596497145671E-017  2.652777761954574E-019
          15
           1  4.208585657862080E-012  1.963645286787448E-014
          13  3.990263664658531E-008  1.887289306321822E-010
          15  4.106508773692095E-013  1.916544069281873E-015
          17  1.805784902333628E-010  8.452871956857095E-013
          28  3.061340872121835E-013  1.430394167310394E-015
          34  5.399125022106522E-007  2.567836582796292E-009
          43  4.032920359977539E-011  1.887933106880223E-013
          50  1.541071348359974E-007  7.292277807901218E-010
          56  3.642115618195377E-018  1.684646759474163E-020
          60  3.637265133980723E-009  1.719047153026394E-011
          61  9.473571949473574E-019  4.375378897271294E-021
          68  4.404895996439796E-017  2.042334045821333E-019
          69  8.897158867879122E-007  4.249425771281219E-009
          74  4.470545449736697E-015  2.080859342883288E-017
          77  9.955993479677595E-010  4.696902562015626E-012
           5
           3  9.127690494810605E-016  4.226189304191493E-018
          19  3.202518376825294E-025  1.476890797455490E-027
          42  5.897720638901642E-016  2.720885604795002E-018
          54  1.167836223609558E-017  5.382394881599271E-020
          57  5.210227557282343E-014  2.399204918166279E-016
           1
          80  9.410824815628402E-024  4.345395619147127E-026
          12
           2  7.569902587915852E-005  3.691008425706373E-007
          11  8.624483959053964E-007  4.138580298173748E-009
          12  2.430113281407151E-009  1.159680775354559E-011
          27  1.054991082147922E-004  5.132082385236677E-007
          29  2.621869854933952E-005  1.271780619733836E-007
          45  7.016915110936973E-006  3.383265579168742E-008
          47  8.409190305034689E-006  4.069574330417674E-008
          49  4.162133739572254E-011  1.972330681287511E-013
          52  6.831932470078957E-006  3.304174094979714E-008
          73  5.817163570595870E-022  2.692532114335433E-024
          76  3.096663280564193E-011  1.469551896876001E-013
          78  9.647242963551769E-009  4.626419176485318E-011
           8
          19  1.777249065377184E-014  8.180738165419461E-017
          26  6.082226604393089E-013  2.803546931954987E-015
          30  2.805626813483920E-011  1.291951290499846E-013
          35  1.384248949388798E-023  6.377555199475389E-026
          41  1.792609571621322E-017  8.249781258895306E-020
          54  3.024642626832989E-015  1.391195752747329E-017
          59  1.853164189865493E-028  8.548847507463583E-031
          71  4.518083501611358E-011  2.084776523631052E-013
          13
          13  1.673538245883392E-014  7.792651753844424E-017
          25  9.698838674078787E-014  4.544840353743035E-016
          28  4.076851108914017E-018  1.888822956238076E-020
          34  1.361440192142709E-004  6.591396223511292E-007
          43  1.920690085519408E-005  9.236320590592117E-008
          46  4.448565914622244E-010  2.101499215225426E-012
          50  7.074149403320749E-016  3.284804240170678E-018
          60  9.672908316658754E-007  4.654303191132964E-009
          61  1.427776809566866E-017  6.597183446018763E-020
          68  1.431889510118989E-017  6.636292173716783E-020
          69  1.579266873696686E-007  7.586784326252289E-010
          74  1.172507074877690E-008  5.618772379818226E-011
          77  6.342625494613113E-011  2.994548290007862E-013
           2
          54  7.552513600001090E-025  3.484686436617690E-027
          66  1.561450245399063E-019  7.210294688628418E-022
          16
          10  6.383416325330531E-014  2.956936916427412E-016
          12  9.060344160898034E-010  4.250987016739992E-012
          16  4.831613249219631E-018  2.232016265946707E-020
          18  2.634043977431873E-019  1.214163982720990E-021
          20  7.978935380710960E-011  3.731391525140937E-013
          21  1.519904083670991E-005  7.207867575986999E-008
          39  3.105303891201866E-006  1.469925085869739E-008
          40  2.119201180821845E-012  9.895411742483678E-015
          49  2.948932640319524E-008  1.391788045057553E-010
          70  3.220992277240653E-011  1.505912348480487E-013
          73  4.524641814180987E-010  2.121590702647897E-012
          76  1.182789799111949E-022  5.456214660895931E-025
          78  1.162595873782204E-011  5.436277686580122E-014
          82  2.752383487564671E-018  1.273033388540721E-020
          83  4.395404723538888E-008  2.059531891051704E-010
          84  6.096417982427521E-008  2.857664745778923E-010
          13
           8  3.671559782477696E-014  1.700387601389318E-016
           9  2.147046701167395E-022  9.935852923509594E-025
          19  8.145477388435295E-016  3.761167928028217E-018
          22  4.371706590802515E-011  2.040794675733392E-013
          23  1.005457851878908E-007  4.739845189755747E-010
          25  1.871411594455552E-016  8.670853413187681E-019
          30  5.410760350336184E-027  2.494443283693616E-029
          37  2.695824240899965E-011  1.256158017252391E-013
          41  3.436803144940176E-009  1.606733085568587E-011
          44  2.346549095218371E-009  1.105086137647120E-011
          63  2.028108341999367E-009  9.515930593950736E-012
          71  3.741212800696767E-010  1.748536249160067E-012
          81  6.742125487563946E-012  3.144845417118115E-014
           7
          34  6.540594622349573E-010  3.057568424709191E-012
          43  5.087402184103395E-008  2.381473987065164E-010
          46  5.754784935256558E-007  2.699412457441073E-009
          55  3.958983553350878E-027  1.829350076268968E-029
          61  5.088092954862778E-010  2.366422076321796E-012
          67  2.683837355348385E-018  1.241563019438554E-020
          81  3.496280521466808E-028  1.620762735309775E-030
          14
           1  2.230560767547615E-010  1.050198417838759E-012
          13  1.127220328425059E-006  5.388984547109236E-009
          15  4.632154896103393E-017  2.148761128270440E-019
          17  2.083238023997308E-008  9.869549372483581E-011
          28  1.018772655055045E-008  4.857761127185207E-011
          34  4.493668441348453E-006  2.158872272778487E-008
          43  2.699869200330984E-010  1.272486332869308E-012
          50  6.254433821018343E-008  2.971480773792120E-010
          60  1.178133697258246E-006  5.655481218613171E-009
          68  6.045797777184806E-010  2.867841533518000E-012
          69  3.603702189586644E-005  1.741604045772100E-007
          70  1.282863748639950E-017  5.930517286746079E-020
          74  1.052921053713396E-009  5.010219281524510E-012
          77  7.704868946034304E-007  3.694828949055932E-009
           0
           5
           4  2.663042264739530E-009  1.235686455969960E-011
           5  1.233678405901659E-029  5.702123729935137E-032
           6  4.217352088719528E-014  1.951527469612548E-016
          53  2.993339461623000E-024  1.386127024850448E-026
          80  9.698173892394198E-028  4.487104933914057E-030
           6
          43  1.008295983963627E-014  4.653175385781677E-017
          46  2.109401455321091E-008  9.791394248312753E-011
          55  3.859244752029038E-018  1.781358731574583E-020
          61  2.802441779574105E-018  1.292588056102446E-020
          67  8.579641543898568E-011  3.971123230555442E-013
          81  4.894647373331208E-014  2.267903749893563E-016
          17
           2  3.486098554864503E-004  1.746305983716717E-006
           9  1.992816886042774E-015  9.418140440341530E-018
          11  2.839369515332189E-014  1.339476486589735E-016
          12  5.132747858817962E-006  2.544720305774564E-008
          20  7.061949169361763E-010  3.425303717175878E-012
          27  8.673582867886521E-006  4.300810972331912E-008
          29  1.205398898225758E-006  5.960750781521776E-009
          33  3.599291168761578E-009  1.764326420549652E-011
          40  1.512849309666220E-009  7.381069952080059E-012
          45  1.240078917936745E-010  5.975381884317428E-013
          47  4.124182410948445E-009  2.010919466956266E-011
          49  7.795492347558868E-009  3.811267821733413E-011
          52  3.744705349032185E-008  1.834216996714403E-010
          68  6.989770591523292E-017  3.272603009158784E-019
          74  3.931857009043322E-020  1.825253617460443E-022
          76  4.955286361210538E-005  2.480252750709707E-007
          78  3.358368500308765E-005  1.674704008193308E-007
           4
           7  4.633789334715881E-014  2.136617236199275E-016
          15  4.963038938958670E-013  2.298030948633985E-015
          50  1.163729030303269E-017  5.379042922786610E-020
          56  4.967809582098544E-013  2.293919655482390E-015
          20
           2  4.706667747803019E-007  2.348638724745027E-009
           9  1.032591639779843E-004  5.238325157109199E-007
          12  6.053014772540627E-020  2.808195912125239E-022
          20  9.814641676443435E-023  4.529386127558773E-025
          22  1.587935180632993E-007  7.880744434661891E-010
          23  6.795253741758414E-010  3.319627990823235E-012
          25  7.280108496883536E-007  3.650027091051833E-009
          27  3.248594623948195E-020  1.509356718362746E-022
          33  2.970672188984093E-004  1.509686542489940E-006
          37  5.122714090162039E-017  2.399361258083201E-019
          40  3.611853732779770E-017  1.695316532045538E-019
          44  2.434980653055175E-008  1.205940036763039E-010
          52  2.392188882399059E-012  1.149989829397296E-014
          53  3.340997125552683E-018  1.562732140551876E-020
          60  1.499092151658352E-017  7.007841233379082E-020
          63  1.614468589116651E-011  7.806100237359312E-014
          68  9.590884785465381E-023  4.438845041602498E-025
          74  2.778492372319597E-009  1.372221334749628E-011
          76  7.740545602739659E-008  3.853071374276373E-010
          78  7.542106663777567E-013  3.622161248463450E-015
           4
           4  2.179557877829870E-012  1.007933322516128E-014
           5  1.060843140982035E-021  4.894533939877483E-024
           6  1.239846196214765E-014  5.726330637027022E-017
          80  2.450793807347591E-019  1.131905336044535E-021
          15
          11  1.754067403343796E-018  8.090284657252142E-021
          12  2.335127124747985E-010  1.090592923694849E-012
          16  2.803968515189545E-020  1.295363579503294E-022
          21  5.774750148636499E-016  2.675250109080044E-018
          27  8.110247252220378E-011  3.787196041363445E-013
          29  7.989485461085031E-009  3.751673122798749E-011
          45  9.053605584220408E-014  4.196191317781386E-016
          47  1.343570028608498E-009  6.292945013490522E-012
          48  8.433373345950059E-008  3.946543282030198E-010
          49  2.303549323658935E-007  1.085711290227343E-009
          51  2.513205029740782E-008  1.172996025137696E-010
          72  1.445345635909884E-009  6.753728589995150E-012
          73  3.191733646221725E-006  1.504963724947300E-008
          78  1.243762383043942E-012  5.789619471070157E-015
          83  8.883238431956000E-012  4.117838706084595E-014
          15
           9  1.923841107800383E-006  9.596803161285706E-009
          22  7.522718286732803E-008  3.695961463453884E-010
          23  9.412058383036436E-006  4.673782964625841E-008
          25  8.572485878423951E-004  4.319796416976318E-006
          33  2.343521954105416E-005  1.173503067922619E-007
          34  4.768875620803743E-008  2.342898065434723E-010
          37  5.182282899666720E-020  2.402123081509808E-022
          43  1.555993250928640E-007  7.635828321647175E-010
          44  4.220214191222684E-007  2.087448890287771E-009
          60  4.336320758751793E-007  2.144542501831342E-009
          63  9.997798577495569E-011  4.828770922597930E-013
          68  2.114358342627670E-017  9.889389815632218E-020
          69  2.852683084702312E-016  1.342177358852782E-018
          74  1.821816869100658E-005  9.118164681937844E-008
          77  1.405413580801245E-018  6.538523291365051E-021
           1
          61  1.224584767230547E-010  5.649438822767467E-013
           2
           6  1.510266651582352E-017  6.975310255074966E-020
          80  1.361226934065488E-017  6.287191976546639E-020
           1
           5  7.049702918892271E-031  3.255043860898801E-033
           2
          14  1.700059201284495E-020  7.836216945525941E-023
          65  4.474125922694316E-020  2.063900727240517E-022
          21
           2  2.858790862205186E-006  1.407959274251218E-008
          11  6.187745846097827E-022  2.849093877042743E-024
          12  3.776835355854027E-004  1.871921928725691E-006
          20  2.204878536288597E-006  1.083494526109616E-008
          21  5.773965528082865E-013  2.735397370893561E-015
          27  2.143475644035273E-006  1.051183388475602E-008
          28  7.588968161565878E-017  3.538609731477782E-019
          29  1.525028552919789E-006  7.477684463929143E-009
          33  4.629207885493994E-014  2.185407957315223E-016
          39  3.589814328785244E-016  1.675711969166930E-018
          40  1.898106499160227E-006  9.353715026920049E-009
          45  4.190782320462181E-013  1.979478510967989E-015
          47  1.645187878041247E-009  7.940269489586107E-012
          49  1.457280913955990E-005  7.179834386397902E-008
          52  1.979663173942090E-016  9.232260492366169E-019
          68  8.641052150912266E-011  4.154115760144377E-013
          70  8.263208296427051E-011  3.961319254535395E-013
          73  6.250503520121859E-011  2.993903197903758E-013
          74  7.697618806680029E-023  3.550581733301553E-025
          76  1.966639834988734E-004  9.786465165546924E-007
          78  6.863017544813394E-004  3.411392778858991E-006
           3
           6  5.954027606755367E-015  2.752549888215293E-017
          42  7.147949792454716E-030  3.299239441475172E-032
          80  1.308129966288399E-016  6.047548665847164E-019
           2
          10  4.308073750871800E-011  1.989117011943867E-013
          31  1.320696799505972E-011  6.092690617080991E-014
          21
           2  6.671025157561778E-021  3.081712744877326E-023
          12  1.254793295016188E-005  6.019717424779338E-008
          16  6.396778446001415E-026  2.952387101495246E-028
          20  8.777396103885618E-010  4.149799049484936E-012
          21  3.770867926388192E-007  1.797116143128264E-009
          27  2.483546747848180E-010  1.170814797071351E-012
          29  8.047709697493061E-009  3.819861457121330E-011
          39  1.628688984566195E-009  7.696015095374571E-012
          40  8.307327812546342E-011  3.920283014427198E-013
          45  1.169074104309133E-027  5.394487611972993E-030
          47  3.982992670773829E-012  1.867086548585568E-014
          48  2.275282122343225E-013  1.058872879404224E-015
          49  7.094070724203765E-005  3.411981796643416E-007
          51  8.754424270636538E-013  4.073970092628177E-015
          70  1.473163678549828E-014  6.849102267902724E-017
          72  5.476159017385301E-026  2.533283343637377E-028
          73  3.508144579487789E-006  1.677713070303324E-008
          76  3.611453951560334E-010  1.709625386749708E-012
          78  2.003512760478486E-006  9.605381825404707E-009
          83  3.147758629347409E-009  1.481652981581805E-011
          84  1.287285660788364E-012  5.992843214275916E-015
           1
           4  2.382967817367965E-026  1.103928466923574E-028
          14
           3  1.596431118559501E-010  7.431341398588498E-013
          19  2.188321964614747E-007  1.019913638918967E-009
          22  9.627580211816566E-013  4.456173041199563E-015
          23  1.021504418799206E-027  4.698049167631258E-030
          30  1.601785905869279E-012  7.402568098650575E-015
          37  1.552593220924252E-007  7.250772414825386E-010
          42  3.766591831126234E-013  1.740170505682733E-015
          44  5.986072687881948E-014  2.775634968326857E-016
          53  2.940569435518779E-018  1.358431340884513E-020
          54  1.228418345717925E-007  5.717896156141952E-010
          57  1.623094756087311E-006  7.568895677809978E-009
          63  1.856422391869564E-009  8.652285602142900E-012
          66  1.948693001547412E-026  8.977275286548697E-029
          71  2.449845671881249E-014  1.132493409607267E-016
          12
          11  6.390659460931782E-008  2.975169259716473E-010
          27  2.553778755857773E-009  1.191583431069753E-011
          29  1.979671288359081E-008  9.261998963834752E-011
          32  4.640333419834555E-022  2.144514567604158E-024
          45  1.239046042036391E-007  5.783333511988604E-010
          47  3.243718118656276E-007  1.519651853520075E-009
          48  9.337744563053828E-009  4.341425757109389E-011
          49  3.575066331121525E-017  1.653877171707322E-019
          51  3.519051568192106E-015  1.622055815675534E-017
          65  8.840709845841519E-018  4.079165681456187E-020
          72  3.984807112626606E-010  1.853504336089390E-012
          73  5.093297302093541E-013  2.362597061335716E-015
           1
          26  5.179745831984041E-029  2.394202823741445E-031
           4
           3  1.035697858243862E-012  4.787075750582818E-015
           6  2.576164215145270E-018  1.187492960063230E-020
          42  7.722876664259172E-012  3.557002544834329E-014
          57  9.779007515954028E-019  4.490216815024632E-021
           0
           7
          10  7.469079179283310E-011  3.466642869592215E-013
          18  3.956290906757401E-024  1.828436772302797E-026
          21  1.097860817706565E-008  5.127365693649284E-011
          39  1.412118921950825E-008  6.593928795578852E-011
          82  9.300493123923458E-011  4.323456284270567E-013
          83  6.935958669631163E-012  3.211188748542020E-014
          84  8.087684012342595E-009  3.755908019258023E-011
          10
           3  6.180897764220020E-015  2.857469863702849E-017
          19  2.777331273328195E-009  1.283171076888941E-011
          30  8.521580809614418E-014  3.925810858261817E-016
          37  1.512493486475277E-012  6.976660690061547E-015
          42  9.425871944864858E-019  4.340480322295422E-021
          54  7.408448109368276E-009  3.421200266961221E-011
          57  6.883405310384539E-009  3.177542373476841E-011
          63  8.240300175869108E-021  3.795560488504758E-023
          66  4.866386009531282E-016  2.240804372649257E-018
          71  5.652672699877666E-022  2.607516875670071E-024
           7
          16  2.683976831653769E-015  1.239392908828868E-017
          48  3.315934307063364E-010  1.533307568735184E-012
          49  3.731209119785005E-019  1.726346933870175E-021
          51  6.089996317491092E-009  2.813393052895766E-011
          72  6.350834476203303E-011  2.942818982037188E-013
          73  7.209926806104924E-010  3.347149320559247E-012
          83  1.656341304629450E-014  7.632805094460844E-017
          18
           2  1.867982617991921E-004  9.392008570739035E-007
           9  3.385821849308348E-009  1.666762634349770E-011
          12  1.291791369735852E-007  6.376575566221648E-010
          20  1.766032716020047E-010  8.564151273494705E-013
          22  1.551922720949448E-024  7.133075090437046E-027
          25  2.560504267188354E-013  1.223395799681183E-015
          27  1.206145427099419E-007  5.950165761016341E-010
          29  3.542895600382527E-009  1.732411518644212E-011
          33  2.098266821289230E-006  1.050091797461148E-008
          40  8.511179308509228E-010  4.156635563146355E-012
          45  4.223061242413715E-016  1.978348499261164E-018
          47  1.673055009591210E-013  7.963140100870958E-016
          49  8.769529033385977E-013  4.193577587770548E-015
          52  1.341666075001460E-008  6.575191735949642E-011
          68  1.360769154885763E-014  6.441388019595538E-017
          74  3.104656716343083E-012  1.493275774045708E-014
          76  4.522711761924317E-005  2.271941757594604E-007
          78  2.813829851626044E-006  1.401577382433629E-008
           5
          11  2.997975993125154E-009  1.385494513231161E-011
          27  1.118654586847716E-024  5.158013655942649E-027
          45  1.707609627108633E-010  7.898058880845160E-013
          47  4.836765744019049E-014  2.237110193492846E-016
          52  1.370770996418685E-018  6.322331710279299E-021
          12
          11  6.387638914326169E-009  2.961745188129176E-011
          14  1.291213479620093E-020  5.958713076084027E-023
          27  3.471869170828868E-013  1.608892967951307E-015
          29  9.365545496246194E-012  4.350824709977312E-014
          32  4.746098581606170E-021  2.195640346855860E-023
          45  4.363638726989861E-009  2.027124387408720E-011
          47  3.614422918649540E-009  1.683797523014675E-011
          48  1.327044234253637E-010  6.145466753247864E-013
          51  5.955214930239438E-027  2.745718425605505E-029
          65  1.505131817943874E-014  6.954250518714279E-017
          72  1.088856382919280E-011  5.050609824260754E-014
          73  1.104656372172167E-029  5.114603718526678E-032
           4
           7  1.694661292956393E-018  7.800695959197700E-021
          15  7.190549493447719E-022  3.323596342290471E-024
          58  1.557115148900671E-016  7.161157437084327E-019
          79  5.686361014280500E-017  2.613752883651497E-019
           9
           1  1.072779841985310E-011  4.975794453382776E-014
           7  1.936751960509041E-011  8.967995439664719E-014
          13  5.970460561508729E-011  2.775669290629913E-013
          15  7.861929278049542E-009  3.667262286681158E-011
          17  4.699209892490397E-013  2.173142782225297E-015
          50  3.009140968658840E-007  1.405465085221440E-009
          56  2.999832044986282E-010  1.392558841973295E-012
          58  7.214755018428466E-031  3.329063230704442E-033
          69  1.038933234100308E-014  4.828278166544982E-017
           4
           3  4.782347911633758E-014  2.214713908867575E-016
          42  5.306371645330145E-014  2.448391285507568E-016
          54  1.795194064717944E-019  8.273046142139354E-022
          57  9.174534951746187E-014  4.224645538257019E-016
           4
           7  3.423846104685585E-015  1.581069405763788E-017
          15  1.099806857877814E-014  5.099722325078145E-017
          50  5.430254934325905E-025  2.513648112423923E-027
          56  1.602269282758866E-014  7.409456160520738E-017
          14
           2  1.882436171433070E-006  9.079605963523247E-009
          11  1.673165219587073E-006  8.001447187650298E-009
          12  2.495505731742223E-008  1.191433773601539E-010
          27  1.157003008439769E-004  5.593163508966639E-007
          29  9.421566818465729E-005  4.554094128386982E-007
          45  1.367266807358785E-005  6.568630819142360E-008
          47  4.557536432584570E-005  2.198470233180519E-007
          48  6.768299255560567E-012  3.175251567508673E-014
          49  1.897406166287737E-008  9.063564248776803E-011
          52  1.632566860501497E-008  7.783874291271305E-011
          72  1.441583426582810E-018  6.693424264216075E-021
          73  4.234836808277609E-011  1.999185158800702E-013
          76  8.337271444292342E-013  3.919511670175754E-015
          78  2.180325088446743E-008  1.042699550420029E-010
           6
           3  4.073916609009662E-017  1.884036609797406E-019
           4  5.482188496827912E-014  2.533134119355955E-016
           6  4.482767099351603E-010  2.070757467142572E-012
          42  1.655773321355463E-013  7.633145251262600E-016
          53  3.583573654637309E-016  1.656033191595435E-018
          80  2.412835130852851E-013  1.113749901819646E-015
           1
          31  4.136031630361291E-022  1.906423346884005E-024
           7
           3  1.353700365154420E-011  6.289100211188118E-014
           4  1.693068054354926E-007  7.900869126968954E-010
           6  2.579511572086301E-009  1.199031106601758E-011
          42  7.784711514165940E-011  3.607042596675511E-013
          52  2.325912443702873E-017  1.074013931493876E-019
          53  2.741015566486627E-008  1.279740276424324E-010
          80  3.131426040453451E-019  1.445910858800042E-021
           5
          34  2.525195958215976E-016  1.170511244318728E-018
          43  1.374696482586487E-014  6.365168852916756E-017
          46  8.009291025653654E-010  3.728486526818380E-012
          55  2.899957657951966E-024  1.342685549815107E-026
          61  8.529600289797067E-009  3.963263721220292E-011
           4
          34  1.304242495341154E-025  6.016710197326153E-028
          43  1.366358992657499E-025  6.292897444222663E-028
          46  1.587720643784824E-012  7.343658550298618E-015
          61  4.615484713276180E-009  2.133758907640082E-011
          19
           2  4.693584200035081E-011  2.215436300974712E-013
          11  8.650537276607579E-014  4.024662332050317E-016
          12  1.529754226177872E-005  7.360738737128861E-008
          20  1.047178172359890E-012  4.899992322070156E-015
          21  7.577776234750330E-011  3.570547507425202E-013
          27  8.657149954885117E-007  4.145757010925909E-009
          29  4.994009319218030E-006  2.398753855155969E-008
          39  1.133418178469449E-017  5.251472103083794E-020
          40  5.059222066864040E-014  2.363615299993757E-016
          45  1.959811325751103E-010  9.231532380450046E-013
          47  1.624578863041873E-007  7.756275208349839E-010
          48  5.825220761976400E-010  2.743399846113959E-012
          49  6.587958542079200E-005  3.175742587997734E-007
          51  8.177933787142079E-012  3.823046282676218E-014
          72  2.316464703232324E-014  1.079876348083579E-016
          73  4.084836429154217E-006  1.957834660203210E-008
          76  6.044965473376175E-010  2.869303264389298E-012
          78  3.810247430531533E-006  1.834587103887247E-008
          83  4.046842636664080E-013  1.883231660205496E-015
           7
           2  2.625062638111778E-016  1.211307752905564E-018
           4  5.183103527655185E-009  2.414863974807669E-011
          11  2.571402485373369E-013  1.185564805056795E-015
          27  2.764771061182961E-029  1.272840929954533E-031
          45  1.236391873746385E-014  5.701532040578618E-017
          52  2.189485075902741E-007  1.025910041359824E-009
          53  2.897492786083071E-021  1.335856894605274E-023
           8
          13  6.722981941611899E-021  3.096304640828354E-023
          34  4.005979278990270E-007  1.887171166893011E-009
          43  3.244632475077096E-008  1.520843551040938E-010
          46  7.758739033442470E-010  3.621075731394673E-012
          50  1.614866666241628E-012  7.492089356776844E-015
          60  3.777733403297740E-013  1.751744572534555E-015
          61  3.046360217730943E-010  1.415669398066919E-012
          69  1.761800682484086E-011  8.227958778625548E-014
          18
           1  1.144663494557664E-016  5.335408797592132E-019
          13  5.353624503440953E-008  2.606766334356307E-010
          17  5.986224462814692E-010  2.875626270258327E-012
          20  3.738519997393979E-009  1.815990112433159E-011
          25  4.382962722686743E-009  2.136820990492081E-011
          28  1.106663432928475E-005  5.473294318541871E-008
          33  9.226040974864321E-010  4.484127273137276E-012
          34  1.533356280919023E-005  7.568179991703436E-008
          40  3.386227801755108E-008  1.657166371975136E-010
          43  2.473472702337453E-009  1.194848857185110E-011
          50  1.585838696814093E-018  7.366259025594810E-021
          60  7.707293015792515E-004  3.843590824440365E-006
          68  3.546385232678478E-005  1.762567528200085E-007
          69  1.801023104272842E-004  8.961055477950595E-007
          70  7.827511203343473E-009  3.804593469145926E-011
          74  1.949040210857469E-004  9.741664826714215E-007
          76  1.547207032631698E-011  7.420493599487332E-014
          77  1.335212521226192E-004  6.623267798332001E-007
           0
           4
          43  2.475549124759630E-014  1.143675053965425E-016
          46  2.290817712644077E-009  1.064299590267486E-011
          67  1.498290759778774E-010  6.945943942994405E-013
          81  2.650692296535900E-009  1.233725197313195E-011
           5
          18  2.019280326620337E-021  9.305879326850654E-024
          38  1.678993253513756E-021  7.754112429266663E-024
          82  1.242449236499816E-015  5.744151951499372E-018
          83  6.537726822506229E-025  3.011842797551571E-027
          84  4.357952770865014E-015  2.008010498206822E-017
          18
           9  2.238130003879607E-023  1.037399293542392E-025
          13  3.121431381784082E-011  1.493520329877116E-013
          17  3.327265976969693E-016  1.550926387735993E-018
          20  6.065873956390019E-015  2.848156818647400E-017
          23  2.292503482832948E-023  1.056921180834960E-025
          25  4.804965931619961E-007  2.370774911415528E-009
          28  2.778176751569821E-008  1.357759225836965E-010
          33  6.198469186652524E-009  3.028643932321419E-011
          34  1.475218887361853E-004  7.313943972491223E-007
          40  1.678815543862181E-012  8.008048017005501E-015
          43  1.842910630857929E-006  9.038272172249072E-009
          60  5.723514880950246E-004  2.853264847293968E-006
          68  3.088380174228134E-007  1.519009987438326E-009
          69  1.855509904202834E-005  9.194038561957686E-008
          70  3.477850427045214E-015  1.632402898466336E-017
          74  2.312678079874808E-004  1.155868541222166E-006
          76  1.557340603148080E-017  7.255956368986201E-020
          77  2.967076007644035E-006  1.463214954631339E-008
           0
          15
          10  7.820912986148845E-012  3.653553098570149E-014
          12  4.829380951505893E-008  2.295167892726596E-010
          20  1.257216347074266E-007  5.987962129699585E-010
          21  2.605309557805823E-005  1.247129010810607E-007
          28  9.071025286869488E-014  4.238369239833575E-016
          39  1.792185042614911E-005  8.573175400993392E-008
          40  1.928287807372334E-008  9.188321955156637E-011
          49  1.169962345108804E-007  5.575788670633237E-010
          68  7.552175709678504E-014  3.527717799170167E-016
          70  7.881758886683865E-008  3.749819072885393E-010
          73  4.289516301906434E-011  2.016656554523281E-013
          76  1.978272811656530E-012  9.277984676313092E-015
          78  4.292726352236635E-009  2.037665640501086E-011
          83  1.335747091945316E-009  6.275214717110820E-012
          84  3.637226736743963E-009  1.710746610659231E-011
           5
          14  1.968214019366079E-025  9.074497352266373E-028
          32  1.851374314293878E-017  8.556900960487661E-020
          48  1.347366445030161E-017  6.215579349764366E-020
          65  1.276783014131507E-015  5.891228400886416E-018
          72  5.429777725935570E-016  2.511636665964222E-018
          13
           2  3.289058578343781E-004  1.620530049858591E-006
          11  4.995412927102319E-008  2.400614246392134E-010
          12  4.495782459844399E-008  2.171644182791827E-010
          27  9.710431467761460E-005  4.752784096323799E-007
          29  1.813845282863236E-005  8.858069851973823E-008
          33  4.194340320523745E-022  1.935279065131492E-024
          45  9.599332780954326E-007  4.644012257859040E-009
          47  1.927775217525766E-006  9.369510074307772E-009
          49  2.453326635589224E-010  1.172818057905386E-012
          52  7.111387463150776E-006  3.464601414971523E-008
          73  9.165551106032337E-026  4.239372242936718E-028
          76  1.471780364779705E-008  7.119029046246837E-011
          78  2.399810365860310E-007  1.165687144295824E-009
           7
          10  7.242240089925392E-008  3.355242044536860E-010
          21  4.475367666829586E-013  2.070306714050934E-015
          31  1.675710448956212E-013  7.720859993080188E-016
          39  7.649504208862365E-010  3.548640344145051E-012
          70  2.337427409323116E-022  1.076812213264895E-024
          82  6.142948999038865E-014  2.836935864333110E-016
          84  2.195073811911142E-016  1.009818616654742E-018
          12
           9  7.258304163413945E-006  3.550467190302870E-008
          19  1.109005658675715E-010  5.250188021917809E-013
          22  1.524936426460475E-004  7.444132005619767E-007
          23  1.787541748644912E-004  8.723916506050832E-007
          25  1.858375611601432E-007  9.024920813466758E-010
          33  6.945471215237202E-010  3.333099064601491E-012
          37  1.593826071300346E-005  7.728866009408729E-008
          44  2.477151467764458E-004  1.213677755374774E-006
          54  7.258046970224908E-015  3.382439145688214E-017
          57  2.295865585490158E-010  1.087717238344427E-012
          63  1.385216849837164E-004  6.754515561936819E-007
          71  1.231427554605795E-013  5.776844638501150E-016
          12
           8  3.952578320924673E-012  1.833982892237094E-014
          19  2.537368901328695E-016  1.171422977440784E-018
          22  1.201319338471790E-014  5.556640503086644E-017
          23  1.151939147385696E-009  5.384013194440543E-012
          30  1.313729769772556E-020  6.061951439747239E-023
          35  1.232414336281778E-026  5.691405841574041E-029
          37  2.326435070717882E-013  1.077551929178354E-015
          41  1.815267785630980E-008  8.474138872423456E-011
          44  7.306705260967234E-012  3.410203759341366E-014
          63  2.299377572140159E-011  1.071179981966375E-013
          71  1.229806631305344E-009  5.739835558766455E-012
          81  9.770377158079324E-013  4.544016458354079E-015
          15
           2  5.856906179858381E-013  2.787019499127545E-015
           3  4.243083889313413E-012  2.024980391475337E-014
           9  2.533537925518334E-004  1.266555643283396E-006
          22  4.815575661635926E-005  2.383150248177074E-007
          23  2.046030689290121E-007  1.000619496406955E-009
          25  1.925492862302409E-008  9.432140301489109E-011
          33  1.814087474123235E-006  8.981537712070215E-009
          37  1.931425634789455E-007  9.426020612202338E-010
          42  2.564705500808670E-019  1.189339429696211E-021
          44  1.031298296760026E-005  5.103495726853438E-008
          52  5.410152946882579E-018  2.518855110021450E-020
          53  6.773013981256708E-009  3.285761360316086E-011
          57  6.320846884955560E-011  3.017957455938936E-013
          63  2.032662912559274E-006  9.977493996058919E-009
          74  3.197216156172309E-027  1.478671185932727E-029
           2
          10  7.375571793803890E-015  3.399032641125737E-017
          31  4.733980541482536E-014  2.180813331899631E-016
           7
          10  5.822138740225574E-008  2.701574495162221E-010
          21  8.558449754557435E-013  3.966742552409319E-015
          31  5.603020362941143E-014  2.585703098726162E-016
          39  8.716087593670342E-010  4.050681081294166E-012
          70  1.230271038891556E-023  5.677550698767766E-026
          82  1.628753156412364E-013  7.536746016247632E-016
          84  1.388347654960517E-015  6.398975994632740E-018
          10
           7  2.478050098683913E-027  1.141166037189449E-029
          13  5.178533824875866E-020  2.387905463617028E-022
          15  8.537553681132714E-013  3.956572026246361E-015
          34  5.490230329103565E-012  2.545773885660736E-014
          43  5.235893120092139E-018  2.410452255682707E-020
          46  4.514040324525838E-019  2.083513065063180E-021
          50  7.877259722523174E-010  3.660788447607339E-012
          56  1.983740929529462E-014  9.157523493640193E-017
          61  6.093051379948427E-011  2.818145417621850E-013
          69  4.069093932034467E-016  1.884098476232730E-018
          16
          12  1.602290640171114E-009  7.499890308801953E-012
          16  2.375626965018342E-012  1.101395343365464E-014
          18  2.210994809715728E-014  1.020419578234949E-016
          20  8.310903769173366E-017  3.832247226525385E-019
          21  9.379366780741345E-007  4.418618081141596E-009
          29  1.001216951369546E-020  4.627067452646417E-023
          39  5.101366078434436E-009  2.389531090460978E-011
          40  1.330460370597157E-022  6.139368387189185E-025
          48  1.470304992658108E-018  6.780922306027246E-021
          49  3.583589099796690E-007  1.689615671820264E-009
          51  1.589127534407051E-012  7.354910236336195E-015
          70  4.339232524082130E-030  2.000281289370954E-032
          73  3.291655945579986E-007  1.548170469621598E-009
          78  1.048697403279630E-011  4.889080025967227E-014
          83  3.290112668170869E-007  1.539276742572464E-009
          84  1.228467531636088E-008  5.729333947200598E-011
          13
           9  3.891203513225165E-007  1.907888553117678E-009
          22  3.477241576485793E-007  1.691212196228567E-009
          23  6.153810490041423E-005  3.023558936887506E-007
          25  1.372906230201225E-004  6.806965372288792E-007
          33  2.020340774458284E-007  9.886300256410180E-010
          34  1.494279387526221E-010  7.150355148024515E-013
          37  3.542503698480290E-013  1.667773704699889E-015
          43  5.569003826727048E-008  2.693285535969398E-010
          44  2.689785389574082E-006  1.318514452081439E-008
          60  4.262052733574509E-011  2.035344634827206E-013
          63  1.119444981506406E-008  5.404398348808818E-011
          74  2.265232982914106E-008  1.102227579221772E-010
          81  4.592706415338064E-015  2.151941663835402E-017
           3
           7  3.297994154032616E-017  1.523045603313011E-019
          15  2.419492036942484E-018  1.121944745558081E-020
          56  2.492723128181402E-018  1.152786849159817E-020
           7
           8  3.389535803405901E-014  1.566034249827182E-016
          26  3.041600775005661E-021  1.406022438989348E-023
          30  2.280931305372563E-020  1.053080359575995E-022
          35  4.882036315802614E-014  2.255885551391998E-016
          41  9.699689997781984E-012  4.478256855733748E-014
          59  1.347029936259188E-017  6.232153693507578E-020
          71  4.171668676629633E-013  1.929810953604641E-015
           3
          46  6.220580722064920E-018  2.872110377918938E-020
          67  2.371138704745597E-013  1.094650373099610E-015
          81  2.717786117403200E-009  1.260294359504575E-011
           9
           8  1.430841583726384E-010  6.622593385565958E-013
          19  3.030705587030451E-021  1.396918836212492E-023
          23  7.530092401044732E-020  3.466914061399921E-022
          30  5.106049703155853E-018  2.354246859237239E-020
          35  4.812749451862028E-015  2.221624565023248E-017
          41  3.509186402095081E-008  1.627056496633640E-010
          63  1.169357978503168E-023  5.392418873607210E-026
          71  9.980306637091130E-010  4.630069568564439E-012
          81  6.240455075317145E-019  2.887285644083519E-021
          13
           8  8.474188175469767E-015  3.915355193420845E-017
          19  3.009153279263874E-010  1.394221562252781E-012
          23  9.999985853699918E-019  4.609309811508139E-021
          26  1.438037628127633E-014  6.648012116653350E-017
          30  2.810961080586128E-010  1.301954028403517E-012
          35  1.945321253882282E-016  8.985853247190318E-019
          37  7.149498122713099E-013  3.306343242696562E-015
          41  2.454374033222272E-009  1.137910978307349E-011
          44  1.770093011380696E-020  8.188681228158795E-023
          54  3.690944174274191E-012  1.705528125208103E-014
          59  5.546457276292244E-029  2.564948848920583E-031
          63  1.087979995595049E-013  5.035137768230793E-016
          71  9.244856439958000E-008  4.303224496746323E-010
          10
           3  4.349817996221379E-006  2.054544992127828E-008
           4  4.753550315898760E-013  2.205997796470146E-015
           6  7.019672390946896E-010  3.274397692225087E-012
           9  3.664353840951006E-027  1.693408979862524E-029
          22  1.417630881988694E-018  6.523443857782768E-021
          37  1.445935626006633E-013  6.690193634720343E-016
          42  1.352957423217783E-006  6.359539259604759E-009
          53  1.066735653880152E-005  5.046239043265395E-008
          57  2.684406536422396E-009  1.251421708108010E-011
          63  3.062855024204622E-018  1.411714125869651E-020
          15
           2  5.571458446140546E-007  2.670514030736629E-009
          11  7.534429408409200E-007  3.585639275192406E-009
          12  8.062784295789448E-008  3.841060104988544E-010
          27  9.071411566308107E-005  4.363777602736470E-007
          29  1.026210851022673E-004  4.945827578648459E-007
          45  7.798780093753555E-006  3.728362510573802E-008
          47  4.292898956039879E-005  2.062596363530102E-007
          48  1.114114251647887E-010  5.228626499530589E-013
          49  1.155798847366965E-007  5.516130337594442E-010
          51  4.334801567734095E-022  1.995705878465548E-024
          52  8.895354219597237E-010  4.205523618678326E-012
          72  1.632233835377673E-015  7.582317468959089E-018
          73  1.119066624400275E-009  5.291660448639888E-012
          76  1.336976038316195E-012  6.266311406089370E-015
          78  4.999968596701445E-008  2.386587554276330E-010
          19
           1  1.246064115341241E-007  5.957632416197761E-010
          10  3.181665780336412E-012  1.490908154362437E-014
          13  8.712897729446323E-006  4.201734307788104E-008
          17  1.179718630741238E-005  5.673913092591207E-008
          20  9.502379527795884E-007  4.580691116312492E-009
          21  1.043574491765688E-018  4.828491333590198E-021
          28  1.550530444057630E-004  7.551541012354944E-007
          34  2.013865473886593E-020  9.289312431795764E-023
          39  2.427428983103319E-010  1.150151077061228E-012
          40  1.098949996012595E-006  5.317828002007010E-009
          50  1.699587475158594E-015  7.901343497790448E-018
          60  5.848601246055500E-009  2.796099765760047E-011
          68  2.374692949699457E-005  1.155133759780841E-007
          69  3.389858484760166E-006  1.642483112630699E-008
          70  5.311132171302488E-005  2.578155971789837E-007
          74  8.131690097111847E-012  3.846256517191653E-014
          76  1.213800835791509E-013  5.685660946226800E-016
          77  5.000652621889951E-005  2.428346344968929E-007
          78  6.379816933793257E-027  2.940426145094422E-029
           0
           4
          46  2.785203183226557E-014  1.289185213063514E-016
          55  1.869477124778783E-015  8.639314026516093E-018
          61  1.981571827663937E-013  9.151127935711032E-016
          67  2.184156898124622E-030  1.010410548995629E-032
           9
           1  1.994615039139523E-008  9.270762178844823E-011
           7  4.637504665199983E-017  2.142303506026085E-019
          13  5.973874050046991E-011  2.773790799003845E-013
          15  5.645760631563746E-015  2.619352996151861E-017
          17  4.670303220301352E-010  2.164408296311189E-012
          50  4.245428954466166E-011  1.970604594116940E-013
          56  1.109823443268659E-026  5.133947142867247E-029
          58  9.062241876280818E-012  4.187879805422138E-014
          79  3.963046623298912E-015  1.828369229273432E-017
           8
          34  1.575435843759711E-007  7.442535992754854E-010
          43  2.025999595985581E-006  9.572395403262868E-009
          46  7.000171192662158E-007  3.299793119471923E-009
          60  3.458014503074607E-017  1.598114600337286E-019
          61  6.626040129875537E-011  3.085228224925755E-013
          67  1.792595036120734E-025  8.288379244797251E-028
          69  7.228542470572214E-025  3.348808466483800E-027
          81  4.177751286177648E-021  1.935879649895681E-023
          19
           2  3.009600656866239E-008  1.496792462411007E-010
           9  4.382873702979198E-012  2.131017516345574E-014
          12  1.480569278624880E-006  7.415506279237424E-009
          20  3.276691588393235E-005  1.652538224243779E-007
          25  4.223827718130217E-010  2.080435733117621E-012
          27  1.570528971326508E-013  7.519100231376109E-016
          28  3.660084160299051E-008  1.820710906097193E-010
          29  7.452825376178902E-016  3.527213028231423E-018
          33  6.138780395011003E-006  3.102895548687864E-008
          40  7.487257277299662E-005  3.790968085368973E-007
          49  2.697683036637381E-011  1.312784667047161E-013
          60  3.274194671304317E-008  1.627554675078981E-010
          68  9.377298612489365E-006  4.737534616014877E-008
          69  7.400142657405330E-013  3.569241958456357E-015
          70  5.374505076710379E-008  2.668845128233168E-010
          74  2.711806999844922E-006  1.367731288275112E-008
          76  9.710918287501731E-004  4.949664144400435E-006
          77  1.939747416326402E-008  9.614760468089629E-011
          78  1.839913310809847E-005  9.282986408584532E-008
