         127
  0.199980706220948     
  0.198886101209708     
  0.199537529360145     
  0.199926328100422     
  0.200218905312982     
  0.199981176102786     
  0.199908748710348     
  0.199866392853778     
  0.200338469548889     
  0.198820048340305     
  0.199562705306414     
  0.199203043775536     
  0.198834801623787     
  0.200046705202438     
  0.199499477898860     
  0.199167031458521     
  0.199299191633957     
  0.199672409412354     
  0.199450961656762     
  0.198347504001115     
  0.200207180936584     
  0.199694350298620     
  0.200721970506459     
  0.200239235329719     
  0.198478783572016     
  0.199833831232051     
  0.200382115692282     
  0.199659927884853     
  0.199355800429059     
  0.199445126396819     
  0.199693332376895     
  0.200172197815824     
  0.198923711827383     
  0.199940439405742     
  0.198986855995378     
  0.198874369895812     
  0.199730118952127     
  0.199857077498626     
  0.199010514141849     
  0.199253689938859     
  0.199025769893847     
  0.199482672163197     
  0.198580719999986     
  0.199420032679449     
  0.199261817305326     
  0.199132722119886     
  0.199487491565107     
  0.200704668858960     
  0.200597493229095     
  0.199423697850348     
  0.200200347466911     
  0.199337679075702     
  0.199300101826389     
  0.200148885709839     
  0.199835929683682     
  0.198820172913834     
  0.199267777748723     
  0.200011717079566     
  0.198675886354171     
  0.199291009933731     
  0.199244286433367     
  0.198424013256488     
  0.198796182089250     
  0.199267762286641     
  0.199817133355581     
  0.199886030515684     
  0.199101343969975     
  0.200669223759748     
  0.199796259786677     
  0.199480290420837     
  0.198854609775794     
  0.199547008768687     
  0.199731466288178     
  0.199600647028086     
  0.198241616612938     
  0.199303340557352     
  0.198829606057712     
  0.199042217187198     
  0.199828599664185     
  0.199371883543190     
  0.200737038656195     
  0.200249742929501     
  0.199953720676552     
  0.200681347608596     
  0.199084826429596     
  0.198967849024430     
  0.199773095789396     
  0.199306002260550     
  0.199298061777534     
  0.200059030148964     
  0.199644764035166     
  0.198512453090928     
  0.199281219314083     
  0.199516864792375     
  0.200425722148515     
  0.199770570565105     
  0.200089425422321     
  0.199645585376440     
  0.200060504039784     
  0.199997007131965     
  0.198660053908208     
  0.199752268388611     
  0.199682311817167     
  0.199509708934253     
  0.199461736222437     
  0.199984429425521     
  0.199223918678137     
  0.199456243129640     
  0.199468021528324     
  0.199059043082315     
  0.199310967842213     
  0.199536449723201     
  0.199412617422370     
  0.199883408191690     
  0.198926319774069     
  0.198971126186490     
  0.199083806636314     
  0.199381334412002     
  0.199912503021226     
  0.200346156491490     
  0.199626654834188     
  0.199169587871867     
  0.199819421826837     
  0.198341672625481     
  0.198444072782818     
  0.199626887498137     
  0.199843561967234     
