          84
  0.198498394471618     
  0.199379293439941     
  0.199130702142320     
  0.198848330709026     
  0.199884152557753     
  0.199889096577947     
  0.199581273432592     
  0.199227022710703     
  0.198084072352723     
  0.199942341604219     
  0.199701762595144     
  0.200219164458752     
  0.199705953468663     
  0.199544853271194     
  0.199719578740098     
  0.199504970644987     
  0.200555891794864     
  0.199158427636605     
  0.199044178872544     
  0.199265373286948     
  0.199582365507682     
  0.200119513681594     
  0.200186351219137     
  0.198845837014803     
  0.199171486804089     
  0.199683039891577     
  0.199218246387828     
  0.199615035479795     
  0.200689876676165     
  0.200325651201957     
  0.199121639291415     
  0.198898793831039     
  0.199859233037726     
  0.200117158638995     
  0.199778686473811     
  0.199042545999617     
  0.199198956711562     
  0.200368922666627     
  0.200840527311905     
  0.199052168421520     
  0.200046569982283     
  0.198621886185285     
  0.199693777125948     
  0.199935914671030     
  0.198847730873279     
  0.198868325708144     
  0.198936104383727     
  0.199286099723982     
  0.199054244070835     
  0.199702070760023     
  0.200378097574988     
  0.199441233730243     
  0.199264624490628     
  0.201233550431138     
  0.199292498678037     
  0.199611618419150     
  0.200025666856704     
  0.201355382538956     
  0.199082994270173     
  0.200708067976560     
  0.198650263136936     
  0.200375765367396     
  0.199027923346472     
  0.199050986409443     
  0.199754560237081     
  0.199315196045390     
  0.199794283639415     
  0.199667966815719     
  0.198817529014324     
  0.200053815964814     
  0.199157303139423     
  0.198637911025639     
  0.199686751595811     
  0.199870296486314     
  0.199500835936896     
  0.198681865286975     
  0.199735272681646     
  0.198994933892098     
  0.201078473306121     
  0.200133634163066     
  0.198963383471282     
  0.199758367480964     
  0.201704645619727     
  0.199997179620538     
