  1 -30.00000 -30.00000  75.00000   0.00000   0.00000
  1 -28.00000 -28.00000  75.00000   0.00000   0.00000
  1 -26.00000 -26.00000  75.00000   0.00000   0.00000
  1 -24.00000 -24.00000  75.00000   0.00000   0.00000
  1 -22.00000 -22.00000  74.99400   0.00000   0.00000
  1 -20.00000 -20.00000  74.98750   0.00000   0.00000
  1 -18.00000 -18.00000  74.90250   0.00000   0.00000
  1 -16.00000 -16.00000  74.46700   0.00000   0.00000
  1 -14.00000 -14.00000  71.63200   0.00000   0.00000
  1 -12.00000 -12.00000  59.66100   0.00000   0.00000
  1 -10.00000 -10.00000  32.93050   0.00000   0.00000
  1  -8.00000  -8.00000   9.10150   0.00000   0.00000
  1  -6.00000  -6.00000   1.48450   0.00000   0.00000
  1  -4.00000  -4.00000   0.20450   0.00000   0.00000
  1  -2.00000  -2.00000   0.02350   0.00000   0.00000
  1   0.00000   0.00000   0.00150   0.00000   0.00000
  1   2.00000   2.00000   0.00000   0.00000   0.00000
  1   4.00000   4.00000   0.00000   0.00000   0.00000
