  1 -30.00000 -30.00000 100.00000   0.00000   0.00000
  1 -28.00000 -28.00000 100.00000   0.00000   0.00000
  1 -26.00000 -26.00000 100.00000   0.00000   0.00000
  1 -24.00000 -24.00000 100.00000   0.00000   0.00000
  1 -22.00000 -22.00000  99.50650   0.00000   0.00000
  1 -20.00000 -20.00000  98.59250   0.00000   0.00000
  1 -18.00000 -18.00000  97.59900   0.00000   0.00000
  1 -16.00000 -16.00000  95.41050   0.00000   0.00000
  1 -14.00000 -14.00000  90.70000   0.00000   0.00000
  1 -12.00000 -12.00000  79.72550   0.00000   0.00000
  1 -10.00000 -10.00000  56.99850   0.00000   0.00000
  1  -8.00000  -8.00000  24.46300   0.00000   0.00000
  1  -6.00000  -6.00000   5.30350   0.00000   0.00000
  1  -4.00000  -4.00000   0.79650   0.00000   0.00000
  1  -2.00000  -2.00000   0.11300   0.00000   0.00000
  1   0.00000   0.00000   0.01350   0.00000   0.00000
  1   2.00000   2.00000   0.00200   0.00000   0.00000
  1   4.00000   4.00000   0.00000   0.00000   0.00000
