  1 -30.00000 -30.00000  98.00000   0.00000   0.00000
  1 -28.00000 -28.00000  98.00000   0.00000   0.00000
  1 -26.00000 -26.00000  98.00000   0.00000   0.00000
  1 -24.00000 -24.00000  98.00000   0.00000   0.00000
  1 -22.00000 -22.00000  97.71100   0.00000   0.00000
  1 -20.00000 -20.00000  97.42000   0.00000   0.00000
  1 -18.00000 -18.00000  96.33950   0.00000   0.00000
  1 -16.00000 -16.00000  94.20350   0.00000   0.00000
  1 -14.00000 -14.00000  89.29000   0.00000   0.00000
  1 -12.00000 -12.00000  78.08100   0.00000   0.00000
  1 -10.00000 -10.00000  54.51750   0.00000   0.00000
  1  -8.00000  -8.00000  22.43600   0.00000   0.00000
  1  -6.00000  -6.00000   4.65800   0.00000   0.00000
  1  -4.00000  -4.00000   0.66900   0.00000   0.00000
  1  -2.00000  -2.00000   0.08900   0.00000   0.00000
  1   0.00000   0.00000   0.01200   0.00000   0.00000
  1   2.00000   2.00000   0.00150   0.00000   0.00000
  1   4.00000   4.00000   0.00000   0.00000   0.00000
