  1 -30.00000 -30.00000  87.00000   0.00000   0.00000
  1 -28.00000 -28.00000  87.00000   0.00000   0.00000
  1 -26.00000 -26.00000  87.00000   0.00000   0.00000
  1 -24.00000 -24.00000  87.00000   0.00000   0.00000
  1 -22.00000 -22.00000  86.97550   0.00000   0.00000
  1 -20.00000 -20.00000  86.98400   0.00000   0.00000
  1 -18.00000 -18.00000  86.88200   0.00000   0.00000
  1 -16.00000 -16.00000  85.96600   0.00000   0.00000
  1 -14.00000 -14.00000  81.75250   0.00000   0.00000
  1 -12.00000 -12.00000  68.68800   0.00000   0.00000
  1 -10.00000 -10.00000  41.58750   0.00000   0.00000
  1  -8.00000  -8.00000  13.25700   0.00000   0.00000
  1  -6.00000  -6.00000   2.32650   0.00000   0.00000
  1  -4.00000  -4.00000   0.33500   0.00000   0.00000
  1  -2.00000  -2.00000   0.04000   0.00000   0.00000
  1   0.00000   0.00000   0.00350   0.00000   0.00000
  1   2.00000   2.00000   0.00050   0.00000   0.00000
  1   4.00000   4.00000   0.00000   0.00000   0.00000
