-0.15 3.600000000000000E-003
-0.3 5.200000000000000E-003
-0.45 4.900000000000000E-003
-0.6 6.300000000000000E-003
-0.75 7.100000000000000E-003
-0.9 8.399999999999999E-003
-1.05 8.999999999999999E-003
-1.2 1.130000000000000E-002
-1.35 1.450000000000000E-002
-1.5 1.750000000000000E-002
-1.65 1.730000000000000E-002
-1.8 2.110000000000000E-002
-1.95 2.490000000000000E-002
-2.1 2.600000000000000E-002
-2.25 3.050000000000000E-002
-2.4 3.640000000000000E-002
-2.55 4.130000000000000E-002
-2.7 4.970000000000000E-002
-2.85 5.590000000000000E-002
-3 6.419999999999999E-002
-3.15 7.870000000000001E-002
-3.3 9.500000000000000E-002
-3.45 0.108000000000000
-3.6 0.128400000000000
-3.75 0.156600000000000
-3.9 0.172100000000000
-4.05 0.189300000000000
-4.2 0.222400000000000
-4.35 0.257800000000000
-4.5 0.300700000000000
-4.65 0.348600000000000
-4.8 0.414000000000000
-4.95 0.458700000000000
-5.1 0.543900000000000
-5.25 0.611100000000000
-5.4 0.717100000000000
-5.55 0.826400000000000
-5.7 0.941900000000000
-5.85 1.08140000000000
-6 1.26930000000000
-6.15 1.44890000000000
-6.3 1.66380000000000
-6.45 1.85880000000000
-6.6 2.11930000000000
-6.75 2.43290000000000
-6.9 2.77290000000000
-7.05 3.09110000000000
-7.2 3.50680000000000
-7.35 3.94650000000000
-7.5 4.40430000000000
-7.65 4.92610000000000
-7.8 5.46860000000000
-7.95 6.04620000000000
-8.1 6.63420000000000
-8.25 7.30000000000000
-8.4 7.98460000000000
-8.55 8.68540000000000
-8.7 9.43730000000000
-8.85 10.2302000000000
-9 11.0145000000000
-9.15 11.8110000000000
-9.3 12.7164000000000
-9.45 13.5343000000000
-9.6 14.4211000000000
-9.75 15.2872000000000
-9.9 16.2380000000000
-10.05 17.1764000000000
-10.2 18.0964000000000
-10.35 19.0379000000000
-10.5 19.9620000000000
-10.65 20.9274000000000
-10.8 21.9715000000000
-10.95 22.8869000000000
-11.1 23.8619000000000
-11.25 24.8544000000000
-11.4 25.9069000000000
-11.55 26.9199000000000
-11.7 27.9482000000000
-11.85 28.9167000000000
-12 29.9852000000000
-12.15 31.0113000000000
-12.3 32.0608000000000
-12.45 33.0843000000000
-12.6 34.1524000000000
-12.75 35.1778000000000
-12.9 36.2827000000000
-13.05 37.2850000000000
-13.2 38.3590000000000
-13.35 39.4276000000000
-13.5 40.4952000000000
-13.65 41.5278000000000
-13.8 42.6075000000000
-13.95 43.6560000000000
-14.1 44.7353000000000
-14.25 45.7934000000000
-14.4 46.8535000000000
-14.55 47.9144000000000
-14.7 48.9383000000000
-14.85 49.9879000000000
-15 50.9758000000000
-15.15 51.9797000000000
-15.3 53.0492000000000
-15.45 54.0737000000000
-15.6 55.0313000000000
-15.75 55.9932000000000
-15.9 57.0429000000000
-16.05 57.9714000000000
-16.2 58.9320000000000
-16.35 59.8914000000000
-16.5 60.9485000000000
-16.65 61.8309000000000
-16.8 62.8123000000000
-16.95 63.7412000000000
-17.1 64.6724000000000
-17.25 65.5856000000000
-17.4 66.5128000000000
-17.55 67.3855000000000
-17.7 68.3459000000000
-17.85 69.1924000000000
-18 70.0076000000000
-18.15 70.8683000000000
-18.3 71.6139000000000
-18.45 72.4102000000000
-18.6 73.2585000000000
-18.75 73.8093000000000
-18.9 74.5845000000000
-19.05 75.2986000000000
-19.2 76.0522000000000
-19.35 76.6149000000000
-19.5 77.2593000000000
-19.65 77.8814000000000
-19.8 78.4926000000000
-19.95 79.0917000000000
-20.1 79.5776000000000
-20.25 80.1375000000000
-20.4 80.6503000000000
-20.55 81.2207000000000
-20.7 81.7206000000000
-20.85 82.1762000000000
-21 82.6318000000000
-21.15 83.0510000000000
-21.3 83.5898000000000
-21.45 83.9363000000000
-21.6 84.4608000000000
-21.75 84.8295000000000
-21.9 85.2879000000000
-22.05 85.6488000000000
-22.2 86.1028000000000
-22.35 86.5032000000000
-22.5 86.8684000000000
-22.65 87.2276000000000
-22.8 87.6671000000000
-22.95 88.0154000000000
-23.1 88.3955000000000
-23.25 88.6928000000000
-23.4 89.1143000000000
-23.55 89.3935000000000
-23.7 89.7699000000000
-23.85 90.1354000000000
-24 90.4794000000000
-24.15 90.8321000000000
-24.3 91.1737000000000
-24.45 91.5064000000000
-24.6 91.9030000000000
-24.75 92.2025000000000
-24.9 92.5417000000000
-25.05 92.9060000000000
-25.2 93.3129000000000
-25.35 93.6052000000000
-25.5 94.0044000000000
-25.65 94.3052000000000
-25.8 94.6650000000000
-25.95 95.0416000000000
-26.1 95.4128000000000
-26.25 95.8009000000000
-26.4 96.2930000000000
-26.55 96.6679000000000
-26.7 96.9138000000000
-26.85 97.3319000000000
-27 97.7728000000000
-27.15 98.2605000000000
-27.3 98.6073000000000
-27.45 99.0766000000000
-27.6 99.3329000000000
-27.75 99.5903000000000
-27.9 100.266800000000
-28.05 100.505300000000
-28.2 100.967700000000
-28.35 101.081900000000
-28.5 101.508500000000
-28.65 102.130200000000
-28.8 102.050200000000
-28.95 102.628700000000
-29.1 103.130200000000
-29.25 103.315400000000
-29.4 103.630600000000
-29.55 103.811700000000
-29.7 104.278300000000
-29.85 104.630400000000
-30 105.196600000000
