-0.15 8.100000000000000E-003
-0.3 1.040000000000000E-002
-0.45 1.330000000000000E-002
-0.6 1.200000000000000E-002
-0.75 1.550000000000000E-002
-0.9 1.880000000000000E-002
-1.05 2.140000000000000E-002
-1.2 2.420000000000000E-002
-1.35 2.710000000000000E-002
-1.5 3.050000000000000E-002
-1.65 3.730000000000000E-002
-1.8 4.540000000000000E-002
-1.95 5.510000000000000E-002
-2.1 5.740000000000000E-002
-2.25 6.770000000000000E-002
-2.4 7.610000000000000E-002
-2.55 8.570000000000000E-002
-2.7 0.113600000000000
-2.85 0.124500000000000
-3 0.151700000000000
-3.15 0.170300000000000
-3.3 0.199500000000000
-3.45 0.225300000000000
-3.6 0.262300000000000
-3.75 0.315400000000000
-3.9 0.346400000000000
-4.05 0.404100000000000
-4.2 0.484100000000000
-4.35 0.555500000000000
-4.5 0.636900000000000
-4.65 0.727500000000000
-4.8 0.839800000000000
-4.95 0.974700000000000
-5.1 1.13600000000000
-5.25 1.31940000000000
-5.4 1.49580000000000
-5.55 1.74260000000000
-5.7 1.99780000000000
-5.85 2.25260000000000
-6 2.58430000000000
-6.15 2.94880000000000
-6.3 3.36640000000000
-6.45 3.80390000000000
-6.6 4.25600000000000
-6.75 4.81700000000000
-6.9 5.42740000000000
-7.05 5.99810000000000
-7.2 6.67100000000000
-7.35 7.43960000000000
-7.5 8.18970000000000
-7.65 9.04350000000000
-7.8 9.93280000000000
-7.95 10.8681000000000
-8.1 11.8473000000000
-8.25 12.8784000000000
-8.4 13.8480000000000
-8.55 14.9200000000000
-8.7 16.0456000000000
-8.85 17.0928000000000
-9 18.2999000000000
-9.15 19.4422000000000
-9.3 20.6418000000000
-9.45 21.8055000000000
-9.6 23.0334000000000
-9.75 24.2804000000000
-9.9 25.4460000000000
-10.05 26.6359000000000
-10.2 27.8852000000000
-10.35 29.0836000000000
-10.5 30.2439000000000
-10.65 31.5059000000000
-10.8 32.6804000000000
-10.95 33.8988000000000
-11.1 34.9680000000000
-11.25 36.1726000000000
-11.4 37.2803000000000
-11.55 38.4655000000000
-11.7 39.5286000000000
-11.85 40.6425000000000
-12 41.7519000000000
-12.15 42.8509000000000
-12.3 43.8867000000000
-12.45 44.8898000000000
-12.6 45.9843000000000
-12.75 46.9588000000000
-12.9 47.9399000000000
-13.05 48.9518000000000
-13.2 49.8498000000000
-13.35 50.8066000000000
-13.5 51.6994000000000
-13.65 52.5494000000000
-13.8 53.5182000000000
-13.95 54.3016000000000
-14.1 55.1490000000000
-14.25 55.9795000000000
-14.4 56.7419000000000
-14.55 57.5231000000000
-14.7 58.3466000000000
-14.85 59.0620000000000
-15 59.8802000000000
-15.15 60.6091000000000
-15.3 61.3884000000000
-15.45 62.0709000000000
-15.6 62.8237000000000
-15.75 63.5536000000000
-15.9 64.2977000000000
-16.05 65.0296000000000
-16.2 65.7027000000000
-16.35 66.3862000000000
-16.5 67.0351000000000
-16.65 67.6908000000000
-16.8 68.3630000000000
-16.95 68.9810000000000
-17.1 69.5697000000000
-17.25 70.1674000000000
-17.4 70.8047000000000
-17.55 71.2854000000000
-17.7 71.8678000000000
-17.85 72.3958000000000
-18 72.8793000000000
-18.15 73.4301000000000
-18.3 73.8639000000000
-18.45 74.3814000000000
-18.6 74.7756000000000
-18.75 75.2030000000000
-18.9 75.6094000000000
-19.05 76.0469000000000
-19.2 76.4218000000000
-19.35 76.8071000000000
-19.5 77.1538000000000
-19.65 77.5426000000000
-19.8 77.8512000000000
-19.95 78.2320000000000
-20.1 78.5562000000000
-20.25 78.9323000000000
-20.4 79.2244000000000
-20.55 79.5615000000000
-20.7 79.8739000000000
-20.85 80.2262000000000
-21 80.5316000000000
-21.15 80.8170000000000
-21.3 81.1691000000000
-21.45 81.4792000000000
-21.6 81.7720000000000
-21.75 82.0741000000000
-21.9 82.3870000000000
-22.05 82.7099000000000
-22.2 82.9552000000000
-22.35 83.2796000000000
-22.5 83.5731000000000
-22.65 83.8608000000000
-22.8 84.1217000000000
-22.95 84.4741000000000
-23.1 84.7791000000000
-23.25 85.0703000000000
-23.4 85.3986000000000
-23.55 85.7728000000000
-23.7 86.0634000000000
-23.85 86.3559000000000
-24 86.7637000000000
-24.15 87.1579000000000
-24.3 87.4816000000000
-24.45 87.9464000000000
-24.6 88.3513000000000
-24.75 88.7203000000000
-24.9 89.1324000000000
-25.05 89.6027000000000
-25.2 90.0496000000000
-25.35 90.4658000000000
-25.5 90.8579000000000
-25.65 91.3335000000000
-25.8 91.8171000000000
-25.95 92.2039000000000
-26.1 92.7066000000000
-26.25 93.1595000000000
-26.4 93.5062000000000
-26.55 93.9763000000000
-26.7 94.3354000000000
-26.85 94.7234000000000
-27 95.1942000000000
-27.15 95.6109000000000
-27.3 95.9149000000000
-27.45 96.1495000000000
-27.6 96.5107000000000
-27.75 96.8225000000000
-27.9 97.2353000000000
-28.05 97.4612000000000
-28.2 97.8145000000000
-28.35 98.0503000000000
-28.5 98.3876000000000
-28.65 98.7346000000000
-28.8 99.1400000000000
-28.95 99.0710000000000
-29.1 99.6238000000000
-29.25 99.8362000000000
-29.4 100.150000000000
-29.55 100.447900000000
-29.7 100.733100000000
-29.85 100.960000000000
-30 101.228700000000
