-0.15 9.800000000000000E-003
-0.3 1.010000000000000E-002
-0.45 1.180000000000000E-002
-0.6 1.400000000000000E-002
-0.75 1.520000000000000E-002
-0.9 1.690000000000000E-002
-1.05 2.070000000000000E-002
-1.2 2.270000000000000E-002
-1.35 2.390000000000000E-002
-1.5 3.450000000000000E-002
-1.65 3.890000000000000E-002
-1.8 4.590000000000000E-002
-1.95 5.090000000000000E-002
-2.1 6.060000000000000E-002
-2.25 6.900000000000001E-002
-2.4 8.220000000000000E-002
-2.55 8.810000000000000E-002
-2.7 0.103200000000000
-2.85 0.123600000000000
-3 0.147400000000000
-3.15 0.170200000000000
-3.3 0.186100000000000
-3.45 0.230400000000000
-3.6 0.261300000000000
-3.75 0.301400000000000
-3.9 0.340600000000000
-4.05 0.412200000000000
-4.2 0.455600000000000
-4.35 0.539600000000000
-4.5 0.612600000000000
-4.65 0.714700000000000
-4.8 0.818800000000000
-4.95 0.932400000000000
-5.1 1.08520000000000
-5.25 1.25080000000000
-5.4 1.42800000000000
-5.55 1.63580000000000
-5.7 1.84840000000000
-5.85 2.12990000000000
-6 2.41370000000000
-6.15 2.71810000000000
-6.3 3.10540000000000
-6.45 3.49680000000000
-6.6 3.90710000000000
-6.75 4.40230000000000
-6.9 4.91010000000000
-7.05 5.47920000000000
-7.2 6.08130000000000
-7.35 6.65770000000000
-7.5 7.39310000000000
-7.65 8.13560000000000
-7.8 8.86540000000000
-7.95 9.74090000000000
-8.1 10.5907000000000
-8.25 11.4765000000000
-8.4 12.3581000000000
-8.55 13.3888000000000
-8.7 14.3793000000000
-8.85 15.3399000000000
-9 16.3995000000000
-9.15 17.5289000000000
-9.3 18.5872000000000
-9.45 19.7442000000000
-9.6 20.7992000000000
-9.75 21.9553000000000
-9.9 23.0549000000000
-10.05 24.2034000000000
-10.2 25.3287000000000
-10.35 26.5076000000000
-10.5 27.5835000000000
-10.65 28.7111000000000
-10.8 29.8289000000000
-10.95 30.8711000000000
-11.1 32.0317000000000
-11.25 33.0856000000000
-11.4 34.1392000000000
-11.55 35.1418000000000
-11.7 36.1923000000000
-11.85 37.2422000000000
-12 38.2626000000000
-12.15 39.2336000000000
-12.3 40.2121000000000
-12.45 41.2427000000000
-12.6 42.2652000000000
-12.75 43.1881000000000
-12.9 44.0677000000000
-13.05 45.0628000000000
-13.2 45.9921000000000
-13.35 46.9191000000000
-13.5 47.7122000000000
-13.65 48.6335000000000
-13.8 49.4826000000000
-13.95 50.3186000000000
-14.1 51.1575000000000
-14.25 51.9745000000000
-14.4 52.7500000000000
-14.55 53.5492000000000
-14.7 54.2544000000000
-14.85 55.0143000000000
-15 55.7330000000000
-15.15 56.3973000000000
-15.3 57.0947000000000
-15.45 57.8084000000000
-15.6 58.4408000000000
-15.75 59.1658000000000
-15.9 59.7531000000000
-16.05 60.4376000000000
-16.2 61.0327000000000
-16.35 61.6999000000000
-16.5 62.2871000000000
-16.65 62.9136000000000
-16.8 63.5504000000000
-16.95 64.1448000000000
-17.1 64.7658000000000
-17.25 65.3511000000000
-17.4 66.0258000000000
-17.55 66.5651000000000
-17.7 67.1915000000000
-17.85 67.8469000000000
-18 68.4310000000000
-18.15 69.0782000000000
-18.3 69.6883000000000
-18.45 70.3307000000000
-18.6 70.9241000000000
-18.75 71.6002000000000
-18.9 72.2249000000000
-19.05 72.8752000000000
-19.2 73.5379000000000
-19.35 74.2036000000000
-19.5 74.8654000000000
-19.65 75.5058000000000
-19.8 76.2053000000000
-19.95 76.8508000000000
-20.1 77.5466000000000
-20.25 78.2335000000000
-20.4 78.9121000000000
-20.55 79.6476000000000
-20.7 80.3184000000000
-20.85 81.0018000000000
-21 81.6486000000000
-21.15 82.3157000000000
-21.3 82.9485000000000
-21.45 83.6227000000000
-21.6 84.3213000000000
-21.75 84.9712000000000
-21.9 85.5791000000000
-22.05 86.2198000000000
-22.2 86.8705000000000
-22.35 87.4681000000000
-22.5 88.1312000000000
-22.65 88.6222000000000
-22.8 89.3302000000000
-22.95 89.8734000000000
-23.1 90.3911000000000
-23.25 90.9753000000000
-23.4 91.5045000000000
-23.55 92.0513000000000
-23.7 92.5627000000000
-23.85 93.1028000000000
-24 93.5473000000000
-24.15 94.0818000000000
-24.3 94.4907000000000
-24.45 94.9453000000000
-24.6 95.4048000000000
-24.75 95.9006000000000
-24.9 96.3100000000000
-25.05 96.7158000000000
-25.2 97.0730000000000
-25.35 97.5564000000000
-25.5 97.9723000000000
-25.65 98.3695000000000
-25.8 98.7187000000000
-25.95 99.0187000000000
-26.1 99.3510000000000
-26.25 99.9044000000000
-26.4 100.172400000000
-26.55 100.490600000000
-26.7 100.845700000000
-26.85 101.172500000000
-27 101.494500000000
-27.15 101.856200000000
-27.3 102.233000000000
-27.45 102.539100000000
-27.6 102.819300000000
-27.75 103.175200000000
-27.9 103.672400000000
-28.05 103.906600000000
-28.2 104.186400000000
-28.35 104.550100000000
-28.5 104.634100000000
-28.65 104.911300000000
-28.8 105.415900000000
-28.95 105.633500000000
-29.1 106.080500000000
-29.25 106.426700000000
-29.4 106.683000000000
-29.55 106.746800000000
-29.7 107.253600000000
-29.85 107.856000000000
-30 107.783200000000
