-0.15 5.400000000000000E-003
-0.3 6.900000000000000E-003
-0.45 7.600000000000000E-003
-0.6 6.900000000000000E-003
-0.75 1.060000000000000E-002
-0.9 1.230000000000000E-002
-1.05 1.630000000000000E-002
-1.2 1.670000000000000E-002
-1.35 1.940000000000000E-002
-1.5 2.250000000000000E-002
-1.65 2.650000000000000E-002
-1.8 3.110000000000000E-002
-1.95 3.790000000000000E-002
-2.1 3.870000000000000E-002
-2.25 4.690000000000000E-002
-2.4 5.110000000000000E-002
-2.55 6.350000000000000E-002
-2.7 7.280000000000000E-002
-2.85 8.430000000000000E-002
-3 9.990000000000000E-002
-3.15 0.109900000000000
-3.3 0.130000000000000
-3.45 0.151800000000000
-3.6 0.183500000000000
-3.75 0.201000000000000
-3.9 0.245300000000000
-4.05 0.281300000000000
-4.2 0.312900000000000
-4.35 0.372200000000000
-4.5 0.423400000000000
-4.65 0.491600000000000
-4.8 0.565300000000000
-4.95 0.661200000000000
-5.1 0.765000000000000
-5.25 0.873600000000000
-5.4 1.02360000000000
-5.55 1.18280000000000
-5.7 1.34850000000000
-5.85 1.51850000000000
-6 1.75990000000000
-6.15 2.01710000000000
-6.3 2.31220000000000
-6.45 2.61630000000000
-6.6 3.00780000000000
-6.75 3.37710000000000
-6.9 3.81400000000000
-7.05 4.30330000000000
-7.2 4.82780000000000
-7.35 5.37810000000000
-7.5 5.99880000000000
-7.65 6.65970000000000
-7.8 7.37070000000000
-7.95 8.16330000000000
-8.1 8.96740000000000
-8.25 9.77220000000000
-8.4 10.6417000000000
-8.55 11.5536000000000
-8.7 12.4263000000000
-8.85 13.3935000000000
-9 14.3866000000000
-9.15 15.3724000000000
-9.3 16.3459000000000
-9.45 17.4165000000000
-9.6 18.5040000000000
-9.75 19.5016000000000
-9.9 20.5850000000000
-10.05 21.6471000000000
-10.2 22.6869000000000
-10.35 23.7382000000000
-10.5 24.8038000000000
-10.65 25.8724000000000
-10.8 26.9116000000000
-10.95 28.0278000000000
-11.1 28.9947000000000
-11.25 30.0504000000000
-11.4 31.1278000000000
-11.55 32.1672000000000
-11.7 33.2113000000000
-11.85 34.2074000000000
-12 35.1929000000000
-12.15 36.2168000000000
-12.3 37.2106000000000
-12.45 38.1882000000000
-12.6 39.1301000000000
-12.75 40.1027000000000
-12.9 40.9569000000000
-13.05 41.9065000000000
-13.2 42.8350000000000
-13.35 43.7098000000000
-13.5 44.5404000000000
-13.65 45.4297000000000
-13.8 46.2747000000000
-13.95 47.0943000000000
-14.1 47.9531000000000
-14.25 48.7508000000000
-14.4 49.4905000000000
-14.55 50.2549000000000
-14.7 51.0431000000000
-14.85 51.7489000000000
-15 52.4990000000000
-15.15 53.1769000000000
-15.3 53.9169000000000
-15.45 54.6218000000000
-15.6 55.2448000000000
-15.75 55.8694000000000
-15.9 56.5492000000000
-16.05 57.1571000000000
-16.2 57.7729000000000
-16.35 58.4381000000000
-16.5 59.0893000000000
-16.65 59.6788000000000
-16.8 60.2698000000000
-16.95 60.9309000000000
-17.1 61.5198000000000
-17.25 62.1540000000000
-17.4 62.7788000000000
-17.55 63.3965000000000
-17.7 64.0441000000000
-17.85 64.6398000000000
-18 65.1873000000000
-18.15 65.8404000000000
-18.3 66.4102000000000
-18.45 66.9916000000000
-18.6 67.5149000000000
-18.75 68.1670000000000
-18.9 68.6320000000000
-19.05 69.1832000000000
-19.2 69.6199000000000
-19.35 70.2159000000000
-19.5 70.6825000000000
-19.65 71.1782000000000
-19.8 71.5737000000000
-19.95 72.0892000000000
-20.1 72.5208000000000
-20.25 72.9164000000000
-20.4 73.3806000000000
-20.55 73.7442000000000
-20.7 74.1088000000000
-20.85 74.5130000000000
-21 74.8584000000000
-21.15 75.1626000000000
-21.3 75.5236000000000
-21.45 75.8197000000000
-21.6 76.1425000000000
-21.75 76.4139000000000
-21.9 76.6662000000000
-22.05 76.9723000000000
-22.2 77.2137000000000
-22.35 77.4926000000000
-22.5 77.7242000000000
-22.65 77.9680000000000
-22.8 78.1902000000000
-22.95 78.4615000000000
-23.1 78.6746000000000
-23.25 78.9216000000000
-23.4 79.1448000000000
-23.55 79.3483000000000
-23.7 79.6088000000000
-23.85 79.8285000000000
-24 80.0423000000000
-24.15 80.3067000000000
-24.3 80.5531000000000
-24.45 80.7572000000000
-24.6 81.0008000000000
-24.75 81.2760000000000
-24.9 81.4479000000000
-25.05 81.7398000000000
-25.2 81.9314000000000
-25.35 82.1613000000000
-25.5 82.4030000000000
-25.65 82.6491000000000
-25.8 82.8824000000000
-25.95 83.0982000000000
-26.1 83.1681000000000
-26.25 83.4686000000000
-26.4 83.6438000000000
-26.55 83.8583000000000
-26.7 84.1364000000000
-26.85 84.3148000000000
-27 84.5629000000000
-27.15 84.6793000000000
-27.3 84.9140000000000
-27.45 85.1037000000000
-27.6 85.2883000000000
-27.75 85.5333000000000
-27.9 85.7176000000000
-28.05 85.9354000000000
-28.2 86.1696000000000
-28.35 86.3652000000000
-28.5 86.6250000000000
-28.65 86.8855000000000
-28.8 87.1446000000000
-28.95 87.3457000000000
-29.1 87.6493000000000
-29.25 87.9374000000000
-29.4 88.2295000000000
-29.55 88.5295000000000
-29.7 88.8403000000000
-29.85 89.1464000000000
-30 89.4693000000000
