-0.15 5.700000000000000E-003
-0.3 7.100000000000000E-003
-0.45 8.699999999999999E-003
-0.6 9.599999999999999E-003
-0.75 1.040000000000000E-002
-0.9 1.140000000000000E-002
-1.05 1.430000000000000E-002
-1.2 1.980000000000000E-002
-1.35 2.220000000000000E-002
-1.5 2.250000000000000E-002
-1.65 2.840000000000000E-002
-1.8 3.500000000000000E-002
-1.95 3.620000000000000E-002
-2.1 4.430000000000000E-002
-2.25 5.260000000000000E-002
-2.4 5.950000000000000E-002
-2.55 6.670000000000000E-002
-2.7 7.590000000000000E-002
-2.85 9.200000000000000E-002
-3 0.109500000000000
-3.15 0.121700000000000
-3.3 0.149100000000000
-3.45 0.165100000000000
-3.6 0.198900000000000
-3.75 0.233100000000000
-3.9 0.271800000000000
-4.05 0.300100000000000
-4.2 0.358400000000000
-4.35 0.399700000000000
-4.5 0.466000000000000
-4.65 0.547500000000000
-4.8 0.626600000000000
-4.95 0.721600000000000
-5.1 0.844500000000000
-5.25 0.965700000000000
-5.4 1.12490000000000
-5.55 1.30330000000000
-5.7 1.48600000000000
-5.85 1.72810000000000
-6 1.93420000000000
-6.15 2.21550000000000
-6.3 2.56210000000000
-6.45 2.87370000000000
-6.6 3.30300000000000
-6.75 3.75100000000000
-6.9 4.21100000000000
-7.05 4.83090000000000
-7.2 5.37560000000000
-7.35 6.01400000000000
-7.5 6.72900000000000
-7.65 7.50080000000000
-7.8 8.30710000000000
-7.95 9.21360000000000
-8.1 10.1067000000000
-8.25 11.1097000000000
-8.4 12.1224000000000
-8.55 13.1866000000000
-8.7 14.2522000000000
-8.85 15.3877000000000
-9 16.5777000000000
-9.15 17.7813000000000
-9.3 19.0166000000000
-9.45 20.2389000000000
-9.6 21.4734000000000
-9.75 22.8168000000000
-9.9 23.9989000000000
-10.05 25.3832000000000
-10.2 26.5820000000000
-10.35 27.9132000000000
-10.5 29.1492000000000
-10.65 30.3777000000000
-10.8 31.6760000000000
-10.95 32.9147000000000
-11.1 34.1187000000000
-11.25 35.3461000000000
-11.4 36.5333000000000
-11.55 37.6981000000000
-11.7 38.8886000000000
-11.85 40.0579000000000
-12 41.1866000000000
-12.15 42.3152000000000
-12.3 43.4857000000000
-12.45 44.5515000000000
-12.6 45.6533000000000
-12.75 46.7180000000000
-12.9 47.8201000000000
-13.05 48.8212000000000
-13.2 49.8719000000000
-13.35 50.9742000000000
-13.5 52.0004000000000
-13.65 52.9738000000000
-13.8 54.0898000000000
-13.95 55.0220000000000
-14.1 56.0612000000000
-14.25 57.0388000000000
-14.4 58.1244000000000
-14.55 59.1176000000000
-14.7 60.1018000000000
-14.85 61.0500000000000
-15 62.0486000000000
-15.15 63.0790000000000
-15.3 64.0287000000000
-15.45 65.0280000000000
-15.6 65.9472000000000
-15.75 66.8855000000000
-15.9 67.8861000000000
-16.05 68.8305000000000
-16.2 69.7058000000000
-16.35 70.6186000000000
-16.5 71.4635000000000
-16.65 72.4050000000000
-16.8 73.2328000000000
-16.95 74.0210000000000
-17.1 74.9158000000000
-17.25 75.6064000000000
-17.4 76.4428000000000
-17.55 77.2650000000000
-17.7 77.9936000000000
-17.85 78.7492000000000
-18 79.4924000000000
-18.15 80.1281000000000
-18.3 80.9146000000000
-18.45 81.4857000000000
-18.6 82.1654000000000
-18.75 82.8540000000000
-18.9 83.4917000000000
-19.05 84.0578000000000
-19.2 84.5838000000000
-19.35 85.2555000000000
-19.5 85.7974000000000
-19.65 86.2768000000000
-19.8 86.9125000000000
-19.95 87.3929000000000
-20.1 87.9160000000000
-20.25 88.4095000000000
-20.4 88.8580000000000
-20.55 89.3303000000000
-20.7 89.7618000000000
-20.85 90.2820000000000
-21 90.7138000000000
-21.15 91.0391000000000
-21.3 91.5423000000000
-21.45 91.9507000000000
-21.6 92.4177000000000
-21.75 92.7255000000000
-21.9 93.2089000000000
-22.05 93.5621000000000
-22.2 93.9235000000000
-22.35 94.2109000000000
-22.5 94.6587000000000
-22.65 94.9250000000000
-22.8 95.3364000000000
-22.95 95.7536000000000
-23.1 96.0558000000000
-23.25 96.4604000000000
-23.4 96.8362000000000
-23.55 97.1501000000000
-23.7 97.5343000000000
-23.85 97.9101000000000
-24 98.2811000000000
-24.15 98.5826000000000
-24.3 98.9753000000000
-24.45 99.3776000000000
-24.6 99.7303000000000
-24.75 100.100100000000
-24.9 100.519000000000
-25.05 101.063500000000
-25.2 101.235000000000
-25.35 101.690100000000
-25.5 102.191500000000
-25.65 102.517000000000
-25.8 102.822400000000
-25.95 103.110100000000
-26.1 103.824100000000
-26.25 103.913900000000
-26.4 104.347900000000
-26.55 104.889600000000
-26.7 105.170300000000
-26.85 105.400400000000
-27 105.886500000000
-27.15 106.308000000000
-27.3 106.290500000000
-27.45 106.870700000000
-27.6 107.186300000000
-27.75 107.677000000000
-27.9 107.906500000000
-28.05 108.145300000000
-28.2 108.748900000000
-28.35 108.630800000000
-28.5 108.842400000000
-28.65 108.903600000000
-28.8 109.083500000000
-28.95 109.829800000000
-29.1 109.778000000000
-29.25 110.317200000000
-29.4 110.336900000000
-29.55 111.390800000000
-29.7 111.486700000000
-29.85 110.736400000000
-30 111.568200000000
