-0.15 5.100000000000000E-003
-0.3 7.300000000000000E-003
-0.45 8.100000000000000E-003
-0.6 9.299999999999999E-003
-0.75 1.110000000000000E-002
-0.9 1.060000000000000E-002
-1.05 1.140000000000000E-002
-1.2 1.530000000000000E-002
-1.35 1.720000000000000E-002
-1.5 2.000000000000000E-002
-1.65 2.450000000000000E-002
-1.8 3.030000000000000E-002
-1.95 3.250000000000000E-002
-2.1 3.830000000000000E-002
-2.25 4.620000000000000E-002
-2.4 5.470000000000000E-002
-2.55 6.170000000000000E-002
-2.7 6.519999999999999E-002
-2.85 8.320000000000000E-002
-3 9.820000000000000E-002
-3.15 0.105400000000000
-3.3 0.126100000000000
-3.45 0.140900000000000
-3.6 0.170400000000000
-3.75 0.202300000000000
-3.9 0.228200000000000
-4.05 0.265200000000000
-4.2 0.309900000000000
-4.35 0.360900000000000
-4.5 0.409600000000000
-4.65 0.483200000000000
-4.8 0.562400000000000
-4.95 0.639600000000000
-5.1 0.735000000000000
-5.25 0.856600000000000
-5.4 0.983900000000000
-5.55 1.14510000000000
-5.7 1.33070000000000
-5.85 1.52920000000000
-6 1.75370000000000
-6.15 1.96470000000000
-6.3 2.28370000000000
-6.45 2.59590000000000
-6.6 2.94750000000000
-6.75 3.31880000000000
-6.9 3.77070000000000
-7.05 4.27630000000000
-7.2 4.82390000000000
-7.35 5.42540000000000
-7.5 6.00480000000000
-7.65 6.74910000000000
-7.8 7.45420000000000
-7.95 8.24010000000000
-8.1 9.08780000000000
-8.25 9.98250000000000
-8.4 10.8398000000000
-8.55 11.8452000000000
-8.7 12.7931000000000
-8.85 13.9414000000000
-9 14.9470000000000
-9.15 16.0141000000000
-9.3 17.1474000000000
-9.45 18.2686000000000
-9.6 19.4752000000000
-9.75 20.6638000000000
-9.9 21.7757000000000
-10.05 23.0556000000000
-10.2 24.1618000000000
-10.35 25.3983000000000
-10.5 26.6377000000000
-10.65 27.7827000000000
-10.8 28.9399000000000
-10.95 30.1526000000000
-11.1 31.3850000000000
-11.25 32.5795000000000
-11.4 33.7349000000000
-11.55 34.9070000000000
-11.7 36.1046000000000
-11.85 37.2414000000000
-12 38.3807000000000
-12.15 39.5534000000000
-12.3 40.7391000000000
-12.45 41.8791000000000
-12.6 42.9556000000000
-12.75 44.1468000000000
-12.9 45.2041000000000
-13.05 46.3544000000000
-13.2 47.4105000000000
-13.35 48.5505000000000
-13.5 49.6237000000000
-13.65 50.6772000000000
-13.8 51.7601000000000
-13.95 52.8163000000000
-14.1 53.8333000000000
-14.25 54.8593000000000
-14.4 55.9739000000000
-14.55 56.9558000000000
-14.7 58.0069000000000
-14.85 58.9398000000000
-15 59.9787000000000
-15.15 60.8983000000000
-15.3 61.8907000000000
-15.45 62.7343000000000
-15.6 63.7044000000000
-15.75 64.5791000000000
-15.9 65.3923000000000
-16.05 66.2678000000000
-16.2 67.0559000000000
-16.35 67.8891000000000
-16.5 68.6140000000000
-16.65 69.4046000000000
-16.8 70.1305000000000
-16.95 70.8036000000000
-17.1 71.4937000000000
-17.25 72.1702000000000
-17.4 72.7724000000000
-17.55 73.4287000000000
-17.7 74.0940000000000
-17.85 74.6956000000000
-18 75.3095000000000
-18.15 75.9148000000000
-18.3 76.5007000000000
-18.45 77.1217000000000
-18.6 77.7097000000000
-18.75 78.2278000000000
-18.9 78.8560000000000
-19.05 79.3800000000000
-19.2 79.9579000000000
-19.35 80.4438000000000
-19.5 81.0115000000000
-19.65 81.5502000000000
-19.8 82.1077000000000
-19.95 82.6954000000000
-20.1 83.1702000000000
-20.25 83.6812000000000
-20.4 84.2044000000000
-20.55 84.7179000000000
-20.7 85.2231000000000
-20.85 85.7595000000000
-21 86.2447000000000
-21.15 86.7286000000000
-21.3 87.2022000000000
-21.45 87.7628000000000
-21.6 88.3040000000000
-21.75 88.8029000000000
-21.9 89.3622000000000
-22.05 89.7957000000000
-22.2 90.3985000000000
-22.35 90.9211000000000
-22.5 91.4086000000000
-22.65 91.9712000000000
-22.8 92.4050000000000
-22.95 92.9321000000000
-23.1 93.4310000000000
-23.25 93.9926000000000
-23.4 94.3357000000000
-23.55 94.9741000000000
-23.7 95.3009000000000
-23.85 95.7480000000000
-24 96.1302000000000
-24.15 96.5396000000000
-24.3 97.0119000000000
-24.45 97.4024000000000
-24.6 97.7346000000000
-24.75 98.2748000000000
-24.9 98.6105000000000
-25.05 98.8487000000000
-25.2 99.2615000000000
-25.35 99.6625000000000
-25.5 99.8301000000000
-25.65 100.235300000000
-25.8 100.650700000000
-25.95 100.990900000000
-26.1 101.206500000000
-26.25 101.597600000000
-26.4 101.766200000000
-26.55 102.216500000000
-26.7 102.417100000000
-26.85 102.778700000000
-27 102.896800000000
-27.15 103.155200000000
-27.3 103.378100000000
-27.45 103.602900000000
-27.6 104.023200000000
-27.75 104.040300000000
-27.9 104.347100000000
-28.05 104.492800000000
-28.2 104.667600000000
-28.35 104.937400000000
-28.5 105.044600000000
-28.65 105.334400000000
-28.8 105.463600000000
-28.95 105.742500000000
-29.1 105.849100000000
-29.25 106.325800000000
-29.4 106.190400000000
-29.55 106.202100000000
-29.7 106.363300000000
-29.85 106.383700000000
-30 106.764500000000
