-0.15 2.100000000000000E-003
-0.3 3.400000000000000E-003
-0.45 4.400000000000000E-003
-0.6 4.300000000000000E-003
-0.75 6.800000000000000E-003
-0.9 6.900000000000000E-003
-1.05 8.800000000000001E-003
-1.2 8.600000000000000E-003
-1.35 1.170000000000000E-002
-1.5 1.170000000000000E-002
-1.65 1.480000000000000E-002
-1.8 1.640000000000000E-002
-1.95 1.990000000000000E-002
-2.1 2.360000000000000E-002
-2.25 2.600000000000000E-002
-2.4 3.370000000000000E-002
-2.55 3.690000000000000E-002
-2.7 4.650000000000000E-002
-2.85 5.270000000000000E-002
-3 6.030000000000000E-002
-3.15 7.090000000000000E-002
-3.3 8.380000000000000E-002
-3.45 9.290000000000000E-002
-3.6 0.109500000000000
-3.75 0.124600000000000
-3.9 0.149200000000000
-4.05 0.173700000000000
-4.2 0.197900000000000
-4.35 0.225700000000000
-4.5 0.262400000000000
-4.65 0.310300000000000
-4.8 0.345800000000000
-4.95 0.411800000000000
-5.1 0.464200000000000
-5.25 0.546500000000000
-5.4 0.628300000000000
-5.55 0.728900000000000
-5.7 0.829200000000000
-5.85 0.972300000000000
-6 1.09710000000000
-6.15 1.25980000000000
-6.3 1.46660000000000
-6.45 1.69640000000000
-6.6 1.91060000000000
-6.75 2.20460000000000
-6.9 2.49520000000000
-7.05 2.82210000000000
-7.2 3.20310000000000
-7.35 3.56400000000000
-7.5 4.07030000000000
-7.65 4.57190000000000
-7.8 5.10680000000000
-7.95 5.70830000000000
-8.1 6.37020000000000
-8.25 7.01380000000000
-8.4 7.67830000000000
-8.55 8.47780000000000
-8.7 9.26900000000000
-8.85 10.0955000000000
-9 10.9367000000000
-9.15 11.8645000000000
-9.3 12.7910000000000
-9.45 13.7160000000000
-9.6 14.6845000000000
-9.75 15.7113000000000
-9.9 16.7077000000000
-10.05 17.6939000000000
-10.2 18.6267000000000
-10.35 19.6838000000000
-10.5 20.6832000000000
-10.65 21.6863000000000
-10.8 22.6681000000000
-10.95 23.6647000000000
-11.1 24.7578000000000
-11.25 25.7461000000000
-11.4 26.6979000000000
-11.55 27.6841000000000
-11.7 28.6665000000000
-11.85 29.6307000000000
-12 30.6318000000000
-12.15 31.5890000000000
-12.3 32.5701000000000
-12.45 33.5332000000000
-12.6 34.4855000000000
-12.75 35.4327000000000
-12.9 36.3697000000000
-13.05 37.3488000000000
-13.2 38.2718000000000
-13.35 39.1773000000000
-13.5 40.1251000000000
-13.65 41.0765000000000
-13.8 41.9832000000000
-13.95 42.9223000000000
-14.1 43.8871000000000
-14.25 44.7182000000000
-14.4 45.6659000000000
-14.55 46.6022000000000
-14.7 47.5205000000000
-14.85 48.4387000000000
-15 49.3609000000000
-15.15 50.2133000000000
-15.3 51.1971000000000
-15.45 52.0595000000000
-15.6 52.9673000000000
-15.75 53.8526000000000
-15.9 54.7063000000000
-16.05 55.5797000000000
-16.2 56.4454000000000
-16.35 57.3744000000000
-16.5 58.2120000000000
-16.65 59.0374000000000
-16.8 59.9020000000000
-16.95 60.7228000000000
-17.1 61.5434000000000
-17.25 62.2896000000000
-17.4 63.0918000000000
-17.55 63.8843000000000
-17.7 64.6947000000000
-17.85 65.3853000000000
-18 66.1240000000000
-18.15 66.8249000000000
-18.3 67.5228000000000
-18.45 68.1832000000000
-18.6 68.8687000000000
-18.75 69.4483000000000
-18.9 70.0457000000000
-19.05 70.6703000000000
-19.2 71.2456000000000
-19.35 71.8071000000000
-19.5 72.3188000000000
-19.65 72.8941000000000
-19.8 73.4121000000000
-19.95 73.8795000000000
-20.1 74.4471000000000
-20.25 74.9232000000000
-20.4 75.4083000000000
-20.55 75.8766000000000
-20.7 76.3655000000000
-20.85 76.8699000000000
-21 77.3301000000000
-21.15 77.8282000000000
-21.3 78.2824000000000
-21.45 78.6701000000000
-21.6 79.1720000000000
-21.75 79.5767000000000
-21.9 80.1011000000000
-22.05 80.4419000000000
-22.2 80.9610000000000
-22.35 81.3731000000000
-22.5 81.8274000000000
-22.65 82.2476000000000
-22.8 82.7594000000000
-22.95 83.1609000000000
-23.1 83.5332000000000
-23.25 83.9876000000000
-23.4 84.4080000000000
-23.55 84.8173000000000
-23.7 85.2318000000000
-23.85 85.6745000000000
-24 86.0759000000000
-24.15 86.5531000000000
-24.3 86.8290000000000
-24.45 87.2427000000000
-24.6 87.6837000000000
-24.75 88.1558000000000
-24.9 88.5071000000000
-25.05 88.8653000000000
-25.2 89.3082000000000
-25.35 89.7189000000000
-25.5 90.1951000000000
-25.65 90.6470000000000
-25.8 91.0222000000000
-25.95 91.2695000000000
-26.1 91.5936000000000
-26.25 92.0271000000000
-26.4 92.5434000000000
-26.55 92.9220000000000
-26.7 93.4432000000000
-26.85 93.8269000000000
-27 94.0913000000000
-27.15 94.3535000000000
-27.3 94.7660000000000
-27.45 95.3012000000000
-27.6 95.4704000000000
-27.75 95.8625000000000
-27.9 96.2104000000000
-28.05 96.4142000000000
-28.2 96.8239000000000
-28.35 97.0569000000000
-28.5 97.4513000000000
-28.65 97.6141000000000
-28.8 98.0351000000000
-28.95 98.2641000000000
-29.1 98.5330000000000
-29.25 98.7316000000000
-29.4 98.9382000000000
-29.55 99.2629000000000
-29.7 99.5325000000000
-29.85 99.7647000000000
-30 100.094400000000
