-0.15 1.200000000000000E-003
-0.3 1.700000000000000E-003
-0.45 1.900000000000000E-003
-0.6 2.100000000000000E-003
-0.75 2.900000000000000E-003
-0.9 2.900000000000000E-003
-1.05 4.200000000000000E-003
-1.2 4.400000000000000E-003
-1.35 4.400000000000000E-003
-1.5 4.900000000000000E-003
-1.65 7.100000000000000E-003
-1.8 7.900000000000001E-003
-1.95 7.700000000000000E-003
-2.1 9.900000000000001E-003
-2.25 1.270000000000000E-002
-2.4 1.500000000000000E-002
-2.55 1.500000000000000E-002
-2.7 1.880000000000000E-002
-2.85 2.000000000000000E-002
-3 2.350000000000000E-002
-3.15 3.080000000000000E-002
-3.3 3.550000000000000E-002
-3.45 3.700000000000000E-002
-3.6 4.740000000000000E-002
-3.75 5.490000000000000E-002
-3.9 6.110000000000000E-002
-4.05 7.400000000000000E-002
-4.2 8.480000000000000E-002
-4.35 8.970000000000000E-002
-4.5 0.109400000000000
-4.65 0.120700000000000
-4.8 0.142200000000000
-4.95 0.165200000000000
-5.1 0.198600000000000
-5.25 0.227200000000000
-5.4 0.270100000000000
-5.55 0.311200000000000
-5.7 0.359700000000000
-5.85 0.412400000000000
-6 0.471300000000000
-6.15 0.536500000000000
-6.3 0.631100000000000
-6.45 0.733200000000000
-6.6 0.824900000000000
-6.75 0.929800000000000
-6.9 1.09860000000000
-7.05 1.25420000000000
-7.2 1.44050000000000
-7.35 1.61130000000000
-7.5 1.83770000000000
-7.65 2.08170000000000
-7.8 2.36460000000000
-7.95 2.65560000000000
-8.1 2.97830000000000
-8.25 3.32260000000000
-8.4 3.71690000000000
-8.55 4.08560000000000
-8.7 4.55720000000000
-8.85 4.98070000000000
-9 5.48340000000000
-9.15 5.97650000000000
-9.3 6.56060000000000
-9.45 7.05480000000000
-9.6 7.63340000000000
-9.75 8.19810000000000
-9.9 8.85570000000000
-10.05 9.42500000000000
-10.2 10.0510000000000
-10.35 10.7022000000000
-10.5 11.3390000000000
-10.65 11.9950000000000
-10.8 12.6244000000000
-10.95 13.2768000000000
-11.1 13.9396000000000
-11.25 14.5995000000000
-11.4 15.3093000000000
-11.55 15.9457000000000
-11.7 16.5926000000000
-11.85 17.2966000000000
-12 17.9569000000000
-12.15 18.6370000000000
-12.3 19.3421000000000
-12.45 19.9914000000000
-12.6 20.6954000000000
-12.75 21.3834000000000
-12.9 22.0480000000000
-13.05 22.7608000000000
-13.2 23.4517000000000
-13.35 24.1290000000000
-13.5 24.7681000000000
-13.65 25.5486000000000
-13.8 26.2162000000000
-13.95 26.9080000000000
-14.1 27.6094000000000
-14.25 28.3327000000000
-14.4 29.0251000000000
-14.55 29.6682000000000
-14.7 30.4074000000000
-14.85 31.1032000000000
-15 31.8076000000000
-15.15 32.5303000000000
-15.3 33.2750000000000
-15.45 33.9842000000000
-15.6 34.6911000000000
-15.75 35.4495000000000
-15.9 36.1608000000000
-16.05 36.8761000000000
-16.2 37.5959000000000
-16.35 38.3841000000000
-16.5 39.0414000000000
-16.65 39.8017000000000
-16.8 40.5821000000000
-16.95 41.3255000000000
-17.1 42.0393000000000
-17.25 42.7688000000000
-17.4 43.5455000000000
-17.55 44.2977000000000
-17.7 45.0230000000000
-17.85 45.7860000000000
-18 46.4797000000000
-18.15 47.2248000000000
-18.3 48.0060000000000
-18.45 48.7378000000000
-18.6 49.4640000000000
-18.75 50.1453000000000
-18.9 50.8556000000000
-19.05 51.5823000000000
-19.2 52.3236000000000
-19.35 52.9863000000000
-19.5 53.7188000000000
-19.65 54.4091000000000
-19.8 55.1215000000000
-19.95 55.7284000000000
-20.1 56.4339000000000
-20.25 57.1532000000000
-20.4 57.7612000000000
-20.55 58.4369000000000
-20.7 59.1208000000000
-20.85 59.7827000000000
-21 60.4080000000000
-21.15 61.0299000000000
-21.3 61.6644000000000
-21.45 62.3096000000000
-21.6 62.9611000000000
-21.75 63.5923000000000
-21.9 64.1559000000000
-22.05 64.7863000000000
-22.2 65.4581000000000
-22.35 66.1012000000000
-22.5 66.6559000000000
-22.65 67.3481000000000
-22.8 67.8998000000000
-22.95 68.5101000000000
-23.1 69.0365000000000
-23.25 69.6334000000000
-23.4 70.2944000000000
-23.55 70.8856000000000
-23.7 71.4327000000000
-23.85 72.0499000000000
-24 72.5881000000000
-24.15 73.1258000000000
-24.3 73.7014000000000
-24.45 74.2125000000000
-24.6 74.6954000000000
-24.75 75.1600000000000
-24.9 75.6637000000000
-25.05 76.1301000000000
-25.2 76.5627000000000
-25.35 76.9921000000000
-25.5 77.3683000000000
-25.65 77.7532000000000
-25.8 78.1797000000000
-25.95 78.4960000000000
-26.1 78.8560000000000
-26.25 79.2202000000000
-26.4 79.5043000000000
-26.55 79.8285000000000
-26.7 80.2110000000000
-26.85 80.4205000000000
-27 80.6730000000000
-27.15 81.0692000000000
-27.3 81.3314000000000
-27.45 81.5870000000000
-27.6 81.8568000000000
-27.75 82.0705000000000
-27.9 82.4985000000000
-28.05 82.7018000000000
-28.2 82.9298000000000
-28.35 83.1426000000000
-28.5 83.4281000000000
-28.65 83.6951000000000
-28.8 84.0315000000000
-28.95 84.3432000000000
-29.1 84.3061000000000
-29.25 84.6575000000000
-29.4 85.2171000000000
-29.55 85.2994000000000
-29.7 85.6508000000000
-29.85 86.0090000000000
-30 86.3453000000000
