-0.15 2.800000000000000E-003
-0.3 3.700000000000000E-003
-0.45 3.600000000000000E-003
-0.6 4.800000000000000E-003
-0.75 4.700000000000000E-003
-0.9 5.500000000000000E-003
-1.05 8.100000000000000E-003
-1.2 6.800000000000000E-003
-1.35 8.999999999999999E-003
-1.5 1.150000000000000E-002
-1.65 1.130000000000000E-002
-1.8 1.350000000000000E-002
-1.95 1.760000000000000E-002
-2.1 2.070000000000000E-002
-2.25 2.180000000000000E-002
-2.4 2.760000000000000E-002
-2.55 3.340000000000000E-002
-2.7 3.530000000000000E-002
-2.85 3.830000000000000E-002
-3 4.720000000000000E-002
-3.15 5.710000000000000E-002
-3.3 6.230000000000000E-002
-3.45 7.330000000000000E-002
-3.6 9.200000000000000E-002
-3.75 0.102000000000000
-3.9 0.119900000000000
-4.05 0.137900000000000
-4.2 0.162400000000000
-4.35 0.184500000000000
-4.5 0.221700000000000
-4.65 0.248000000000000
-4.8 0.291300000000000
-4.95 0.326100000000000
-5.1 0.388300000000000
-5.25 0.456300000000000
-5.4 0.513700000000000
-5.55 0.597500000000000
-5.7 0.702800000000000
-5.85 0.802400000000000
-6 0.927800000000000
-6.15 1.06380000000000
-6.3 1.23930000000000
-6.45 1.39200000000000
-6.6 1.60730000000000
-6.75 1.82850000000000
-6.9 2.10800000000000
-7.05 2.38490000000000
-7.2 2.72070000000000
-7.35 3.06410000000000
-7.5 3.46380000000000
-7.65 3.90700000000000
-7.8 4.40030000000000
-7.95 4.91940000000000
-8.1 5.47900000000000
-8.25 6.13570000000000
-8.4 6.72590000000000
-8.55 7.41440000000000
-8.7 8.16390000000000
-8.85 8.91720000000000
-9 9.75190000000000
-9.15 10.5625000000000
-9.3 11.4416000000000
-9.45 12.3629000000000
-9.6 13.3178000000000
-9.75 14.2265000000000
-9.9 15.1831000000000
-10.05 16.2178000000000
-10.2 17.1374000000000
-10.35 18.1503000000000
-10.5 19.1608000000000
-10.65 20.1461000000000
-10.8 21.1549000000000
-10.95 22.1817000000000
-11.1 23.1294000000000
-11.25 24.1424000000000
-11.4 25.1112000000000
-11.55 26.0517000000000
-11.7 27.0463000000000
-11.85 28.0121000000000
-12 28.9890000000000
-12.15 29.9515000000000
-12.3 30.9077000000000
-12.45 31.8274000000000
-12.6 32.7699000000000
-12.75 33.6908000000000
-12.9 34.6948000000000
-13.05 35.5911000000000
-13.2 36.4916000000000
-13.35 37.3590000000000
-13.5 38.2786000000000
-13.65 39.1698000000000
-13.8 40.0325000000000
-13.95 40.8746000000000
-14.1 41.8637000000000
-14.25 42.6388000000000
-14.4 43.5391000000000
-14.55 44.3956000000000
-14.7 45.2041000000000
-14.85 46.1037000000000
-15 46.8966000000000
-15.15 47.6638000000000
-15.3 48.5068000000000
-15.45 49.2507000000000
-15.6 50.0509000000000
-15.75 50.8015000000000
-15.9 51.5483000000000
-16.05 52.2710000000000
-16.2 53.0218000000000
-16.35 53.7197000000000
-16.5 54.3764000000000
-16.65 55.0588000000000
-16.8 55.7175000000000
-16.95 56.3264000000000
-17.1 56.9360000000000
-17.25 57.5584000000000
-17.4 58.1382000000000
-17.55 58.6801000000000
-17.7 59.2859000000000
-17.85 59.8198000000000
-18 60.3326000000000
-18.15 60.8359000000000
-18.3 61.3566000000000
-18.45 61.8855000000000
-18.6 62.3805000000000
-18.75 62.8262000000000
-18.9 63.3240000000000
-19.05 63.7742000000000
-19.2 64.2538000000000
-19.35 64.6956000000000
-19.5 65.1559000000000
-19.65 65.6383000000000
-19.8 66.1029000000000
-19.95 66.5068000000000
-20.1 66.9383000000000
-20.25 67.3718000000000
-20.4 67.8438000000000
-20.55 68.3178000000000
-20.7 68.7509000000000
-20.85 69.1327000000000
-21 69.6185000000000
-21.15 70.1272000000000
-21.3 70.5659000000000
-21.45 71.0415000000000
-21.6 71.4785000000000
-21.75 72.0519000000000
-21.9 72.4837000000000
-22.05 72.9687000000000
-22.2 73.4949000000000
-22.35 73.9940000000000
-22.5 74.4790000000000
-22.65 74.9415000000000
-22.8 75.4822000000000
-22.95 76.0200000000000
-23.1 76.5696000000000
-23.25 77.1208000000000
-23.4 77.6235000000000
-23.55 78.1659000000000
-23.7 78.7151000000000
-23.85 79.2245000000000
-24 79.8468000000000
-24.15 80.4214000000000
-24.3 80.9453000000000
-24.45 81.6056000000000
-24.6 82.1875000000000
-24.75 82.7490000000000
-24.9 83.3126000000000
-25.05 83.9274000000000
-25.2 84.6110000000000
-25.35 85.1620000000000
-25.5 85.7667000000000
-25.65 86.3471000000000
-25.8 86.9958000000000
-25.95 87.5791000000000
-26.1 88.1126000000000
-26.25 88.7816000000000
-26.4 89.3677000000000
-26.55 89.8042000000000
-26.7 90.4155000000000
-26.85 90.9302000000000
-27 91.4254000000000
-27.15 91.8768000000000
-27.3 92.4313000000000
-27.45 92.9289000000000
-27.6 93.3950000000000
-27.75 93.7854000000000
-27.9 94.1706000000000
-28.05 94.6194000000000
-28.2 94.9503000000000
-28.35 95.2551000000000
-28.5 95.6226000000000
-28.65 95.9458000000000
-28.8 96.2968000000000
-28.95 96.5603000000000
-29.1 96.8662000000000
-29.25 97.0999000000000
-29.4 97.2904000000000
-29.55 97.5096000000000
-29.7 97.7814000000000
-29.85 97.8737000000000
-30 98.1479000000000
