-0.15 3.300000000000000E-003
-0.3 4.800000000000000E-003
-0.45 4.200000000000000E-003
-0.6 6.100000000000000E-003
-0.75 7.100000000000000E-003
-0.9 7.500000000000000E-003
-1.05 8.200000000000001E-003
-1.2 8.800000000000001E-003
-1.35 1.300000000000000E-002
-1.5 1.360000000000000E-002
-1.65 1.440000000000000E-002
-1.8 1.930000000000000E-002
-1.95 1.910000000000000E-002
-2.1 2.210000000000000E-002
-2.25 3.010000000000000E-002
-2.4 3.340000000000000E-002
-2.55 3.960000000000000E-002
-2.7 5.050000000000000E-002
-2.85 5.930000000000000E-002
-3 6.670000000000000E-002
-3.15 7.530000000000001E-002
-3.3 7.980000000000000E-002
-3.45 9.970000000000000E-002
-3.6 0.109200000000000
-3.75 0.128700000000000
-3.9 0.154800000000000
-4.05 0.181300000000000
-4.2 0.215600000000000
-4.35 0.243800000000000
-4.5 0.281400000000000
-4.65 0.321400000000000
-4.8 0.378600000000000
-4.95 0.428900000000000
-5.1 0.490400000000000
-5.25 0.569600000000000
-5.4 0.661500000000000
-5.55 0.759500000000000
-5.7 0.891400000000000
-5.85 1.03740000000000
-6 1.16860000000000
-6.15 1.34760000000000
-6.3 1.52550000000000
-6.45 1.75840000000000
-6.6 1.99910000000000
-6.75 2.29840000000000
-6.9 2.58830000000000
-7.05 2.94070000000000
-7.2 3.31250000000000
-7.35 3.75310000000000
-7.5 4.20350000000000
-7.65 4.73120000000000
-7.8 5.25450000000000
-7.95 5.85000000000000
-8.1 6.46530000000000
-8.25 7.14800000000000
-8.4 7.84580000000000
-8.55 8.59770000000000
-8.7 9.33520000000000
-8.85 10.1846000000000
-9 10.9568000000000
-9.15 11.8303000000000
-9.3 12.6973000000000
-9.45 13.5689000000000
-9.6 14.4459000000000
-9.75 15.3620000000000
-9.9 16.2773000000000
-10.05 17.1891000000000
-10.2 18.1278000000000
-10.35 19.0253000000000
-10.5 19.9222000000000
-10.65 20.8582000000000
-10.8 21.7673000000000
-10.95 22.6979000000000
-11.1 23.6060000000000
-11.25 24.5157000000000
-11.4 25.4023000000000
-11.55 26.2569000000000
-11.7 27.1595000000000
-11.85 28.0912000000000
-12 28.9547000000000
-12.15 29.8659000000000
-12.3 30.7856000000000
-12.45 31.5999000000000
-12.6 32.4425000000000
-12.75 33.3460000000000
-12.9 34.2511000000000
-13.05 35.0524000000000
-13.2 35.9185000000000
-13.35 36.7539000000000
-13.5 37.5897000000000
-13.65 38.4375000000000
-13.8 39.1677000000000
-13.95 39.9927000000000
-14.1 40.7758000000000
-14.25 41.5542000000000
-14.4 42.2959000000000
-14.55 43.0745000000000
-14.7 43.7631000000000
-14.85 44.4722000000000
-15 45.1863000000000
-15.15 45.8859000000000
-15.3 46.5867000000000
-15.45 47.2505000000000
-15.6 47.9289000000000
-15.75 48.5618000000000
-15.9 49.2360000000000
-16.05 49.8323000000000
-16.2 50.4634000000000
-16.35 51.1046000000000
-16.5 51.7188000000000
-16.65 52.2839000000000
-16.8 52.9085000000000
-16.95 53.4818000000000
-17.1 54.0840000000000
-17.25 54.6252000000000
-17.4 55.1802000000000
-17.55 55.7224000000000
-17.7 56.2327000000000
-17.85 56.7565000000000
-18 57.3400000000000
-18.15 57.8075000000000
-18.3 58.3353000000000
-18.45 58.8060000000000
-18.6 59.3598000000000
-18.75 59.8784000000000
-18.9 60.4212000000000
-19.05 60.8756000000000
-19.2 61.3671000000000
-19.35 61.9502000000000
-19.5 62.4647000000000
-19.65 62.9574000000000
-19.8 63.4671000000000
-19.95 63.9296000000000
-20.1 64.4967000000000
-20.25 65.0047000000000
-20.4 65.4227000000000
-20.55 65.9659000000000
-20.7 66.4102000000000
-20.85 66.8841000000000
-21 67.4128000000000
-21.15 67.8065000000000
-21.3 68.2873000000000
-21.45 68.7007000000000
-21.6 69.1292000000000
-21.75 69.4980000000000
-21.9 69.9587000000000
-22.05 70.3126000000000
-22.2 70.6954000000000
-22.35 71.0319000000000
-22.5 71.3780000000000
-22.65 71.7302000000000
-22.8 72.0583000000000
-22.95 72.4459000000000
-23.1 72.7259000000000
-23.25 73.0131000000000
-23.4 73.3696000000000
-23.55 73.6601000000000
-23.7 73.9911000000000
-23.85 74.2664000000000
-24 74.6013000000000
-24.15 74.8701000000000
-24.3 75.1251000000000
-24.45 75.4068000000000
-24.6 75.7014000000000
-24.75 75.9250000000000
-24.9 76.1403000000000
-25.05 76.4230000000000
-25.2 76.6397000000000
-25.35 76.8319000000000
-25.5 77.0680000000000
-25.65 77.2497000000000
-25.8 77.4416000000000
-25.95 77.5728000000000
-26.1 77.7611000000000
-26.25 77.9522000000000
-26.4 78.0974000000000
-26.55 78.2841000000000
-26.7 78.4250000000000
-26.85 78.5732000000000
-27 78.7716000000000
-27.15 78.9014000000000
-27.3 79.0222000000000
-27.45 79.2341000000000
-27.6 79.3549000000000
-27.75 79.5532000000000
-27.9 79.6945000000000
-28.05 79.8296000000000
-28.2 79.9833000000000
-28.35 80.1639000000000
-28.5 80.2960000000000
-28.65 80.4845000000000
-28.8 80.6603000000000
-28.95 80.9395000000000
-29.1 81.1247000000000
-29.25 81.2172000000000
-29.4 81.3509000000000
-29.55 81.7071000000000
-29.7 81.7030000000000
-29.85 82.0216000000000
-30 82.0761000000000
