-0.15 2.700000000000000E-003
-0.3 4.800000000000000E-003
-0.45 5.300000000000000E-003
-0.6 6.100000000000000E-003
-0.75 9.299999999999999E-003
-0.9 9.299999999999999E-003
-1.05 1.120000000000000E-002
-1.2 9.700000000000000E-003
-1.35 1.510000000000000E-002
-1.5 1.470000000000000E-002
-1.65 1.610000000000000E-002
-1.8 1.910000000000000E-002
-1.95 2.330000000000000E-002
-2.1 2.620000000000000E-002
-2.25 3.020000000000000E-002
-2.4 3.630000000000000E-002
-2.55 4.210000000000000E-002
-2.7 5.170000000000000E-002
-2.85 5.660000000000000E-002
-3 7.260000000000000E-002
-3.15 7.790000000000000E-002
-3.3 9.050000000000000E-002
-3.45 0.107500000000000
-3.6 0.118600000000000
-3.75 0.144500000000000
-3.9 0.171500000000000
-4.05 0.189300000000000
-4.2 0.226900000000000
-4.35 0.255400000000000
-4.5 0.294300000000000
-4.65 0.356000000000000
-4.8 0.386100000000000
-4.95 0.467100000000000
-5.1 0.529500000000000
-5.25 0.628400000000000
-5.4 0.722700000000000
-5.55 0.819500000000000
-5.7 0.946800000000000
-5.85 1.09170000000000
-6 1.27230000000000
-6.15 1.45040000000000
-6.3 1.65570000000000
-6.45 1.90500000000000
-6.6 2.17040000000000
-6.75 2.46220000000000
-6.9 2.81530000000000
-7.05 3.21560000000000
-7.2 3.60430000000000
-7.35 4.07420000000000
-7.5 4.61830000000000
-7.65 5.11800000000000
-7.8 5.76160000000000
-7.95 6.43100000000000
-8.1 7.10160000000000
-8.25 7.80760000000000
-8.4 8.62960000000000
-8.55 9.44640000000000
-8.7 10.3783000000000
-8.85 11.2625000000000
-9 12.2102000000000
-9.15 13.2221000000000
-9.3 14.2514000000000
-9.45 15.2850000000000
-9.6 16.3711000000000
-9.75 17.4644000000000
-9.9 18.5549000000000
-10.05 19.5987000000000
-10.2 20.7776000000000
-10.35 21.8629000000000
-10.5 22.9593000000000
-10.65 24.1481000000000
-10.8 25.2515000000000
-10.95 26.3426000000000
-11.1 27.4112000000000
-11.25 28.4877000000000
-11.4 29.5505000000000
-11.55 30.7038000000000
-11.7 31.7103000000000
-11.85 32.6647000000000
-12 33.7686000000000
-12.15 34.7845000000000
-12.3 35.8082000000000
-12.45 36.8098000000000
-12.6 37.8029000000000
-12.75 38.7610000000000
-12.9 39.7420000000000
-13.05 40.7277000000000
-13.2 41.6690000000000
-13.35 42.6106000000000
-13.5 43.5026000000000
-13.65 44.4314000000000
-13.8 45.3198000000000
-13.95 46.2769000000000
-14.1 47.0926000000000
-14.25 48.0091000000000
-14.4 48.8264000000000
-14.55 49.7092000000000
-14.7 50.5814000000000
-14.85 51.4071000000000
-15 52.2073000000000
-15.15 53.0844000000000
-15.3 53.8712000000000
-15.45 54.6945000000000
-15.6 55.4917000000000
-15.75 56.3949000000000
-15.9 57.2236000000000
-16.05 57.9933000000000
-16.2 58.8389000000000
-16.35 59.6639000000000
-16.5 60.4603000000000
-16.65 61.3104000000000
-16.8 62.1643000000000
-16.95 62.9932000000000
-17.1 63.8051000000000
-17.25 64.5794000000000
-17.4 65.3617000000000
-17.55 66.2540000000000
-17.7 67.0281000000000
-17.85 67.8206000000000
-18 68.6092000000000
-18.15 69.3638000000000
-18.3 70.0647000000000
-18.45 70.7659000000000
-18.6 71.5560000000000
-18.75 72.2405000000000
-18.9 72.9217000000000
-19.05 73.5793000000000
-19.2 74.2903000000000
-19.35 74.9297000000000
-19.5 75.5936000000000
-19.65 76.2720000000000
-19.8 76.8816000000000
-19.95 77.5910000000000
-20.1 78.1344000000000
-20.25 78.7339000000000
-20.4 79.3742000000000
-20.55 80.0538000000000
-20.7 80.5911000000000
-20.85 81.2254000000000
-21 81.7485000000000
-21.15 82.3618000000000
-21.3 82.8850000000000
-21.45 83.4664000000000
-21.6 84.0410000000000
-21.75 84.5653000000000
-21.9 85.1279000000000
-22.05 85.5934000000000
-22.2 86.0775000000000
-22.35 86.6491000000000
-22.5 87.0922000000000
-22.65 87.5789000000000
-22.8 87.9515000000000
-22.95 88.4160000000000
-23.1 88.9070000000000
-23.25 89.2929000000000
-23.4 89.6631000000000
-23.55 90.0405000000000
-23.7 90.4322000000000
-23.85 90.7838000000000
-24 91.1628000000000
-24.15 91.4976000000000
-24.3 91.8217000000000
-24.45 92.1234000000000
-24.6 92.4467000000000
-24.75 92.7003000000000
-24.9 93.0323000000000
-25.05 93.2979000000000
-25.2 93.4650000000000
-25.35 93.9588000000000
-25.5 94.0738000000000
-25.65 94.3168000000000
-25.8 94.6083000000000
-25.95 94.8346000000000
-26.1 95.0663000000000
-26.25 95.4106000000000
-26.4 95.6220000000000
-26.55 95.8401000000000
-26.7 96.0198000000000
-26.85 96.3111000000000
-27 96.5541000000000
-27.15 96.8137000000000
-27.3 97.0858000000000
-27.45 97.4349000000000
-27.6 97.6012000000000
-27.75 97.8221000000000
-27.9 98.0332000000000
-28.05 98.3490000000000
-28.2 98.3445000000000
-28.35 99.1061000000000
-28.5 99.1356000000000
-28.65 99.3111000000000
-28.8 99.3622000000000
-28.95 99.9310000000000
-29.1 100.092400000000
-29.25 100.735100000000
-29.4 101.105900000000
-29.55 100.923700000000
-29.7 101.359000000000
-29.85 101.762600000000
-30 101.557100000000
