-0.15 1.700000000000000E-003
-0.3 1.900000000000000E-003
-0.45 4.400000000000000E-003
-0.6 2.200000000000000E-003
-0.75 4.500000000000000E-003
-0.9 4.600000000000000E-003
-1.05 3.900000000000000E-003
-1.2 6.200000000000000E-003
-1.35 6.800000000000000E-003
-1.5 6.800000000000000E-003
-1.65 7.900000000000001E-003
-1.8 1.140000000000000E-002
-1.95 1.110000000000000E-002
-2.1 1.380000000000000E-002
-2.25 1.700000000000000E-002
-2.4 2.120000000000000E-002
-2.55 2.400000000000000E-002
-2.7 2.500000000000000E-002
-2.85 3.310000000000000E-002
-3 3.380000000000000E-002
-3.15 4.270000000000000E-002
-3.3 4.940000000000000E-002
-3.45 5.030000000000000E-002
-3.6 6.290000000000000E-002
-3.75 7.110000000000000E-002
-3.9 8.300000000000000E-002
-4.05 9.530000000000000E-002
-4.2 0.113700000000000
-4.35 0.122800000000000
-4.5 0.149600000000000
-4.65 0.174600000000000
-4.8 0.203900000000000
-4.95 0.235900000000000
-5.1 0.273700000000000
-5.25 0.316000000000000
-5.4 0.363500000000000
-5.55 0.426600000000000
-5.7 0.495400000000000
-5.85 0.559400000000000
-6 0.661600000000000
-6.15 0.769900000000000
-6.3 0.874200000000000
-6.45 0.998900000000000
-6.6 1.16110000000000
-6.75 1.31690000000000
-6.9 1.51680000000000
-7.05 1.71440000000000
-7.2 1.98650000000000
-7.35 2.26400000000000
-7.5 2.54030000000000
-7.65 2.87640000000000
-7.8 3.22860000000000
-7.95 3.69200000000000
-8.1 4.11510000000000
-8.25 4.58320000000000
-8.4 5.12500000000000
-8.55 5.64380000000000
-8.7 6.22790000000000
-8.85 6.89490000000000
-9 7.54310000000000
-9.15 8.22490000000000
-9.3 8.94770000000000
-9.45 9.71790000000000
-9.6 10.4486000000000
-9.75 11.2096000000000
-9.9 12.0050000000000
-10.05 12.8279000000000
-10.2 13.5648000000000
-10.35 14.4225000000000
-10.5 15.2304000000000
-10.65 16.1020000000000
-10.8 16.8575000000000
-10.95 17.6726000000000
-11.1 18.5106000000000
-11.25 19.2778000000000
-11.4 20.0805000000000
-11.55 20.8397000000000
-11.7 21.6855000000000
-11.85 22.4204000000000
-12 23.1921000000000
-12.15 24.0417000000000
-12.3 24.7431000000000
-12.45 25.5303000000000
-12.6 26.3088000000000
-12.75 27.0095000000000
-12.9 27.7540000000000
-13.05 28.4733000000000
-13.2 29.2169000000000
-13.35 29.9831000000000
-13.5 30.7035000000000
-13.65 31.3949000000000
-13.8 32.1710000000000
-13.95 32.8620000000000
-14.1 33.6225000000000
-14.25 34.2881000000000
-14.4 35.0281000000000
-14.55 35.7423000000000
-14.7 36.4889000000000
-14.85 37.1166000000000
-15 37.8378000000000
-15.15 38.5299000000000
-15.3 39.1636000000000
-15.45 39.8336000000000
-15.6 40.5097000000000
-15.75 41.1347000000000
-15.9 41.7894000000000
-16.05 42.4058000000000
-16.2 43.0046000000000
-16.35 43.5825000000000
-16.5 44.1943000000000
-16.65 44.7541000000000
-16.8 45.3837000000000
-16.95 45.9184000000000
-17.1 46.4930000000000
-17.25 47.0138000000000
-17.4 47.5184000000000
-17.55 48.0756000000000
-17.7 48.6089000000000
-17.85 49.1592000000000
-18 49.7290000000000
-18.15 50.2520000000000
-18.3 50.7796000000000
-18.45 51.2827000000000
-18.6 51.8135000000000
-18.75 52.3173000000000
-18.9 52.8447000000000
-19.05 53.3003000000000
-19.2 53.8610000000000
-19.35 54.2841000000000
-19.5 54.7920000000000
-19.65 55.2920000000000
-19.8 55.6939000000000
-19.95 56.1865000000000
-20.1 56.6250000000000
-20.25 57.0816000000000
-20.4 57.5271000000000
-20.55 58.0584000000000
-20.7 58.4081000000000
-20.85 58.7854000000000
-21 59.2829000000000
-21.15 59.6926000000000
-21.3 60.0662000000000
-21.45 60.4576000000000
-21.6 60.9069000000000
-21.75 61.2859000000000
-21.9 61.6858000000000
-22.05 62.0854000000000
-22.2 62.4785000000000
-22.35 62.7956000000000
-22.5 63.1965000000000
-22.65 63.5580000000000
-22.8 63.9299000000000
-22.95 64.3439000000000
-23.1 64.7327000000000
-23.25 65.0713000000000
-23.4 65.4566000000000
-23.55 65.8084000000000
-23.7 66.1808000000000
-23.85 66.6038000000000
-24 66.9164000000000
-24.15 67.2147000000000
-24.3 67.5508000000000
-24.45 67.9442000000000
-24.6 68.3172000000000
-24.75 68.6019000000000
-24.9 68.9373000000000
-25.05 69.2253000000000
-25.2 69.5353000000000
-25.35 69.8471000000000
-25.5 70.1485000000000
-25.65 70.3635000000000
-25.8 70.6655000000000
-25.95 70.9531000000000
-26.1 71.1696000000000
-26.25 71.3924000000000
-26.4 71.6027000000000
-26.55 71.8910000000000
-26.7 72.1317000000000
-26.85 72.3494000000000
-27 72.5599000000000
-27.15 72.7724000000000
-27.3 73.0386000000000
-27.45 73.2359000000000
-27.6 73.5181000000000
-27.75 73.7611000000000
-27.9 73.9998000000000
-28.05 74.1601000000000
-28.2 74.4770000000000
-28.35 74.7469000000000
-28.5 74.9667000000000
-28.65 75.1887000000000
-28.8 75.4252000000000
-28.95 75.6374000000000
-29.1 75.8522000000000
-29.25 76.0536000000000
-29.4 76.2802000000000
-29.55 76.4313000000000
-29.7 76.6436000000000
-29.85 76.7861000000000
-30 76.9495000000000
