-0.15 2.100000000000000E-003
-0.3 2.100000000000000E-003
-0.45 2.600000000000000E-003
-0.6 1.200000000000000E-003
-0.75 3.500000000000000E-003
-0.9 3.300000000000000E-003
-1.05 3.500000000000000E-003
-1.2 3.800000000000000E-003
-1.35 4.700000000000000E-003
-1.5 5.700000000000000E-003
-1.65 5.400000000000000E-003
-1.8 7.300000000000000E-003
-1.95 9.200000000000000E-003
-2.1 1.000000000000000E-002
-2.25 1.020000000000000E-002
-2.4 1.340000000000000E-002
-2.55 1.520000000000000E-002
-2.7 1.790000000000000E-002
-2.85 2.320000000000000E-002
-3 2.590000000000000E-002
-3.15 2.980000000000000E-002
-3.3 3.460000000000000E-002
-3.45 3.870000000000000E-002
-3.6 4.570000000000000E-002
-3.75 5.090000000000000E-002
-3.9 6.000000000000000E-002
-4.05 7.310000000000000E-002
-4.2 8.169999999999999E-002
-4.35 9.540000000000000E-002
-4.5 0.107500000000000
-4.65 0.123800000000000
-4.8 0.147100000000000
-4.95 0.176300000000000
-5.1 0.201100000000000
-5.25 0.216000000000000
-5.4 0.259900000000000
-5.55 0.311500000000000
-5.7 0.360300000000000
-5.85 0.417200000000000
-6 0.485800000000000
-6.15 0.544100000000000
-6.3 0.641400000000000
-6.45 0.731400000000000
-6.6 0.850100000000000
-6.75 0.976700000000000
-6.9 1.14190000000000
-7.05 1.30850000000000
-7.2 1.46940000000000
-7.35 1.67600000000000
-7.5 1.90120000000000
-7.65 2.19850000000000
-7.8 2.47980000000000
-7.95 2.82870000000000
-8.1 3.18280000000000
-8.25 3.59790000000000
-8.4 3.98470000000000
-8.55 4.47590000000000
-8.7 5.00450000000000
-8.85 5.53820000000000
-9 6.18560000000000
-9.15 6.81140000000000
-9.3 7.45160000000000
-9.45 8.13880000000000
-9.6 8.81450000000000
-9.75 9.61750000000000
-9.9 10.3788000000000
-10.05 11.2172000000000
-10.2 12.0683000000000
-10.35 12.8273000000000
-10.5 13.6692000000000
-10.65 14.5136000000000
-10.8 15.4430000000000
-10.95 16.3146000000000
-11.1 17.1719000000000
-11.25 18.0964000000000
-11.4 18.9584000000000
-11.55 19.8107000000000
-11.7 20.6362000000000
-11.85 21.5308000000000
-12 22.3763000000000
-12.15 23.1925000000000
-12.3 23.9711000000000
-12.45 24.8406000000000
-12.6 25.6850000000000
-12.75 26.5023000000000
-12.9 27.2917000000000
-13.05 28.1119000000000
-13.2 28.9098000000000
-13.35 29.6999000000000
-13.5 30.5428000000000
-13.65 31.3072000000000
-13.8 32.1016000000000
-13.95 32.8393000000000
-14.1 33.7042000000000
-14.25 34.4636000000000
-14.4 35.2600000000000
-14.55 36.0076000000000
-14.7 36.7705000000000
-14.85 37.5540000000000
-15 38.3310000000000
-15.15 39.0677000000000
-15.3 39.8648000000000
-15.45 40.6581000000000
-15.6 41.3933000000000
-15.75 42.1910000000000
-15.9 42.9139000000000
-16.05 43.6534000000000
-16.2 44.4688000000000
-16.35 45.1945000000000
-16.5 45.9558000000000
-16.65 46.6766000000000
-16.8 47.3866000000000
-16.95 48.0522000000000
-17.1 48.7786000000000
-17.25 49.5085000000000
-17.4 50.1199000000000
-17.55 50.7647000000000
-17.7 51.4348000000000
-17.85 52.0710000000000
-18 52.6698000000000
-18.15 53.2580000000000
-18.3 53.7986000000000
-18.45 54.3941000000000
-18.6 54.9612000000000
-18.75 55.4632000000000
-18.9 55.9402000000000
-19.05 56.5071000000000
-19.2 56.9462000000000
-19.35 57.4531000000000
-19.5 57.9149000000000
-19.65 58.3448000000000
-19.8 58.8319000000000
-19.95 59.2472000000000
-20.1 59.7158000000000
-20.25 60.0680000000000
-20.4 60.5038000000000
-20.55 60.8986000000000
-20.7 61.2846000000000
-20.85 61.7298000000000
-21 62.1068000000000
-21.15 62.4990000000000
-21.3 62.8882000000000
-21.45 63.2233000000000
-21.6 63.6083000000000
-21.75 63.9432000000000
-21.9 64.3082000000000
-22.05 64.7153000000000
-22.2 65.1176000000000
-22.35 65.4524000000000
-22.5 65.8156000000000
-22.65 66.1075000000000
-22.8 66.4844000000000
-22.95 66.7738000000000
-23.1 67.1016000000000
-23.25 67.4679000000000
-23.4 67.7894000000000
-23.55 68.0657000000000
-23.7 68.3863000000000
-23.85 68.6940000000000
-24 68.9826000000000
-24.15 69.3335000000000
-24.3 69.6278000000000
-24.45 69.8954000000000
-24.6 70.2473000000000
-24.75 70.5378000000000
-24.9 70.8974000000000
-25.05 71.1699000000000
-25.2 71.5568000000000
-25.35 71.8990000000000
-25.5 72.3051000000000
-25.65 72.5475000000000
-25.8 73.0233000000000
-25.95 73.3078000000000
-26.1 73.6700000000000
-26.25 74.1129000000000
-26.4 74.5272000000000
-26.55 74.8644000000000
-26.7 75.2049000000000
-26.85 75.5558000000000
-27 75.9749000000000
-27.15 76.4604000000000
-27.3 76.8405000000000
-27.45 77.2310000000000
-27.6 77.7212000000000
-27.75 78.1218000000000
-27.9 78.5088000000000
-28.05 79.0599000000000
-28.2 79.2916000000000
-28.35 79.6154000000000
-28.5 80.1449000000000
-28.65 80.5313000000000
-28.8 80.9190000000000
-28.95 81.4341000000000
-29.1 82.0102000000000
-29.25 82.2432000000000
-29.4 82.5925000000000
-29.55 83.0982000000000
-29.7 83.5562000000000
-29.85 83.9215000000000
-30 84.6576000000000
