-0.15 5.999999999999999E-004
-0.3 3.000000000000000E-004
-0.45 1.100000000000000E-003
-0.6 1.700000000000000E-003
-0.75 2.200000000000000E-003
-0.9 1.700000000000000E-003
-1.05 2.200000000000000E-003
-1.2 2.700000000000000E-003
-1.35 3.100000000000000E-003
-1.5 2.800000000000000E-003
-1.65 3.300000000000000E-003
-1.8 4.000000000000000E-003
-1.95 6.300000000000000E-003
-2.1 6.200000000000000E-003
-2.25 6.300000000000000E-003
-2.4 8.300000000000000E-003
-2.55 1.130000000000000E-002
-2.7 1.090000000000000E-002
-2.85 1.310000000000000E-002
-3 1.510000000000000E-002
-3.15 1.850000000000000E-002
-3.3 1.730000000000000E-002
-3.45 2.650000000000000E-002
-3.6 2.960000000000000E-002
-3.75 3.290000000000000E-002
-3.9 3.500000000000000E-002
-4.05 4.180000000000000E-002
-4.2 5.240000000000000E-002
-4.35 5.290000000000000E-002
-4.5 6.590000000000000E-002
-4.65 8.040000000000000E-002
-4.8 8.870000000000000E-002
-4.95 9.760000000000001E-002
-5.1 0.123600000000000
-5.25 0.140600000000000
-5.4 0.160000000000000
-5.55 0.189100000000000
-5.7 0.219700000000000
-5.85 0.249700000000000
-6 0.291400000000000
-6.15 0.340600000000000
-6.3 0.387000000000000
-6.45 0.457800000000000
-6.6 0.528100000000000
-6.75 0.617200000000000
-6.9 0.700000000000000
-7.05 0.799300000000000
-7.2 0.930300000000000
-7.35 1.07000000000000
-7.5 1.22790000000000
-7.65 1.39910000000000
-7.8 1.60040000000000
-7.95 1.82920000000000
-8.1 2.08170000000000
-8.25 2.35430000000000
-8.4 2.65950000000000
-8.55 2.98310000000000
-8.7 3.33200000000000
-8.85 3.79320000000000
-9 4.19630000000000
-9.15 4.70260000000000
-9.3 5.21990000000000
-9.45 5.72580000000000
-9.6 6.29080000000000
-9.75 6.92630000000000
-9.9 7.56910000000000
-10.05 8.18300000000000
-10.2 8.81200000000000
-10.35 9.56540000000000
-10.5 10.2404000000000
-10.65 10.9825000000000
-10.8 11.6929000000000
-10.95 12.4216000000000
-11.1 13.1997000000000
-11.25 13.9313000000000
-11.4 14.6848000000000
-11.55 15.4029000000000
-11.7 16.1345000000000
-11.85 16.8851000000000
-12 17.6292000000000
-12.15 18.3475000000000
-12.3 19.0320000000000
-12.45 19.7543000000000
-12.6 20.4326000000000
-12.75 21.1181000000000
-12.9 21.7994000000000
-13.05 22.4644000000000
-13.2 23.1450000000000
-13.35 23.8521000000000
-13.5 24.4718000000000
-13.65 25.1024000000000
-13.8 25.7578000000000
-13.95 26.3618000000000
-14.1 26.9990000000000
-14.25 27.6418000000000
-14.4 28.2556000000000
-14.55 28.8837000000000
-14.7 29.4666000000000
-14.85 30.1054000000000
-15 30.7052000000000
-15.15 31.3140000000000
-15.3 31.8676000000000
-15.45 32.4998000000000
-15.6 33.0321000000000
-15.75 33.6737000000000
-15.9 34.2343000000000
-16.05 34.8757000000000
-16.2 35.4241000000000
-16.35 36.0034000000000
-16.5 36.5920000000000
-16.65 37.1695000000000
-16.8 37.6949000000000
-16.95 38.2799000000000
-17.1 38.8084000000000
-17.25 39.3617000000000
-17.4 39.9040000000000
-17.55 40.4473000000000
-17.7 40.9645000000000
-17.85 41.4773000000000
-18 42.0120000000000
-18.15 42.4784000000000
-18.3 42.9372000000000
-18.45 43.4834000000000
-18.6 43.9459000000000
-18.75 44.4567000000000
-18.9 44.8959000000000
-19.05 45.4208000000000
-19.2 45.8725000000000
-19.35 46.3284000000000
-19.5 46.8063000000000
-19.65 47.2288000000000
-19.8 47.7201000000000
-19.95 48.2195000000000
-20.1 48.6329000000000
-20.25 49.1180000000000
-20.4 49.5609000000000
-20.55 50.0708000000000
-20.7 50.5067000000000
-20.85 50.9484000000000
-21 51.3725000000000
-21.15 51.8112000000000
-21.3 52.2822000000000
-21.45 52.7243000000000
-21.6 53.1334000000000
-21.75 53.5647000000000
-21.9 53.9535000000000
-22.05 54.3890000000000
-22.2 54.7569000000000
-22.35 55.2132000000000
-22.5 55.5873000000000
-22.65 56.0200000000000
-22.8 56.4878000000000
-22.95 56.7751000000000
-23.1 57.1736000000000
-23.25 57.6122000000000
-23.4 57.9301000000000
-23.55 58.2996000000000
-23.7 58.6144000000000
-23.85 58.9928000000000
-24 59.2525000000000
-24.15 59.6234000000000
-24.3 59.9024000000000
-24.45 60.2456000000000
-24.6 60.4990000000000
-24.75 60.7981000000000
-24.9 61.0647000000000
-25.05 61.3095000000000
-25.2 61.6176000000000
-25.35 61.8114000000000
-25.5 62.0431000000000
-25.65 62.3737000000000
-25.8 62.6162000000000
-25.95 62.8545000000000
-26.1 63.0853000000000
-26.25 63.3733000000000
-26.4 63.5866000000000
-26.55 63.8479000000000
-26.7 64.1090000000000
-26.85 64.3564000000000
-27 64.6066000000000
-27.15 64.9137000000000
-27.3 65.1977000000000
-27.45 65.4426000000000
-27.6 65.7176000000000
-27.75 65.9649000000000
-27.9 66.2317000000000
-28.05 66.5526000000000
-28.2 66.7702000000000
-28.35 67.0304000000000
-28.5 67.3570000000000
-28.65 67.6022000000000
-28.8 67.8733000000000
-28.95 68.1071000000000
-29.1 68.3539000000000
-29.25 68.6097000000000
-29.4 68.8870000000000
-29.55 69.1039000000000
-29.7 69.3721000000000
-29.85 69.4951000000000
-30 69.7732000000000
