-0.15 5.000000000000000E-004
-0.3 4.000000000000000E-004
-0.45 2.000000000000000E-004
-0.6 3.000000000000000E-004
-0.75 5.999999999999999E-004
-0.9 4.000000000000000E-004
-1.05 5.999999999999999E-004
-1.2 8.000000000000000E-004
-1.35 1.100000000000000E-003
-1.5 1.200000000000000E-003
-1.65 1.500000000000000E-003
-1.8 2.000000000000000E-003
-1.95 1.400000000000000E-003
-2.1 2.100000000000000E-003
-2.25 2.400000000000000E-003
-2.4 3.700000000000000E-003
-2.55 4.400000000000000E-003
-2.7 3.900000000000000E-003
-2.85 5.200000000000000E-003
-3 7.300000000000000E-003
-3.15 6.900000000000000E-003
-3.3 7.900000000000001E-003
-3.45 8.000000000000000E-003
-3.6 1.100000000000000E-002
-3.75 1.280000000000000E-002
-3.9 1.210000000000000E-002
-4.05 1.790000000000000E-002
-4.2 1.730000000000000E-002
-4.35 2.100000000000000E-002
-4.5 2.580000000000000E-002
-4.65 2.790000000000000E-002
-4.8 3.420000000000000E-002
-4.95 4.000000000000000E-002
-5.1 4.830000000000000E-002
-5.25 5.160000000000000E-002
-5.4 5.900000000000000E-002
-5.55 7.460000000000000E-002
-5.7 8.119999999999999E-002
-5.85 9.290000000000000E-002
-6 0.110900000000000
-6.15 0.125700000000000
-6.3 0.144300000000000
-6.45 0.167300000000000
-6.6 0.196900000000000
-6.75 0.220600000000000
-6.9 0.262000000000000
-7.05 0.304700000000000
-7.2 0.351700000000000
-7.35 0.406000000000000
-7.5 0.464900000000000
-7.65 0.543000000000000
-7.8 0.616600000000000
-7.95 0.693500000000000
-8.1 0.809800000000000
-8.25 0.909800000000000
-8.4 1.04480000000000
-8.55 1.18840000000000
-8.7 1.36100000000000
-8.85 1.53930000000000
-9 1.71740000000000
-9.15 1.93540000000000
-9.3 2.16660000000000
-9.45 2.39980000000000
-9.6 2.70610000000000
-9.75 2.97840000000000
-9.9 3.29350000000000
-10.05 3.58140000000000
-10.2 3.92610000000000
-10.35 4.29550000000000
-10.5 4.66220000000000
-10.65 5.08900000000000
-10.8 5.45610000000000
-10.95 5.87240000000000
-11.1 6.29390000000000
-11.25 6.72260000000000
-11.4 7.13530000000000
-11.55 7.56480000000000
-11.7 8.01340000000000
-11.85 8.48720000000000
-12 8.93570000000000
-12.15 9.38700000000000
-12.3 9.83510000000000
-12.45 10.3058000000000
-12.6 10.7164000000000
-12.75 11.2666000000000
-12.9 11.7158000000000
-13.05 12.2009000000000
-13.2 12.6655000000000
-13.35 13.1909000000000
-13.5 13.6068000000000
-13.65 14.1471000000000
-13.8 14.6029000000000
-13.95 15.1227000000000
-14.1 15.6112000000000
-14.25 16.1016000000000
-14.4 16.5837000000000
-14.55 17.1332000000000
-14.7 17.5844000000000
-14.85 18.1025000000000
-15 18.6207000000000
-15.15 19.1540000000000
-15.3 19.6814000000000
-15.45 20.2027000000000
-15.6 20.7392000000000
-15.75 21.2786000000000
-15.9 21.8181000000000
-16.05 22.3657000000000
-16.2 22.9088000000000
-16.35 23.3988000000000
-16.5 23.9671000000000
-16.65 24.5139000000000
-16.8 25.0223000000000
-16.95 25.5857000000000
-17.1 26.1183000000000
-17.25 26.6266000000000
-17.4 27.1458000000000
-17.55 27.6645000000000
-17.7 28.1325000000000
-17.85 28.6559000000000
-18 29.1022000000000
-18.15 29.5774000000000
-18.3 30.0280000000000
-18.45 30.5115000000000
-18.6 30.9208000000000
-18.75 31.3889000000000
-18.9 31.7942000000000
-19.05 32.2570000000000
-19.2 32.6718000000000
-19.35 33.1270000000000
-19.5 33.4689000000000
-19.65 33.9491000000000
-19.8 34.3508000000000
-19.95 34.7789000000000
-20.1 35.2207000000000
-20.25 35.6224000000000
-20.4 36.0492000000000
-20.55 36.5007000000000
-20.7 37.0020000000000
-20.85 37.4441000000000
-21 37.8593000000000
-21.15 38.3395000000000
-21.3 38.7607000000000
-21.45 39.2562000000000
-21.6 39.8382000000000
-21.75 40.2520000000000
-21.9 40.7336000000000
-22.05 41.2317000000000
-22.2 41.7063000000000
-22.35 42.2890000000000
-22.5 42.7289000000000
-22.65 43.2397000000000
-22.8 43.7158000000000
-22.95 44.2315000000000
-23.1 44.7663000000000
-23.25 45.2599000000000
-23.4 45.7250000000000
-23.55 46.2611000000000
-23.7 46.7281000000000
-23.85 47.2348000000000
-24 47.7656000000000
-24.15 48.2504000000000
-24.3 48.7138000000000
-24.45 49.1942000000000
-24.6 49.6382000000000
-24.75 50.1710000000000
-24.9 50.6787000000000
-25.05 51.1565000000000
-25.2 51.6066000000000
-25.35 52.1020000000000
-25.5 52.4768000000000
-25.65 53.0005000000000
-25.8 53.4844000000000
-25.95 53.9406000000000
-26.1 54.3648000000000
-26.25 54.8043000000000
-26.4 55.2450000000000
-26.55 55.6820000000000
-26.7 56.1037000000000
-26.85 56.4989000000000
-27 56.9129000000000
-27.15 57.3777000000000
-27.3 57.7632000000000
-27.45 58.1473000000000
-27.6 58.5594000000000
-27.75 58.9684000000000
-27.9 59.3905000000000
-28.05 59.7645000000000
-28.2 60.0727000000000
-28.35 60.4870000000000
-28.5 60.8662000000000
-28.65 61.2563000000000
-28.8 61.6036000000000
-28.95 61.9690000000000
-29.1 62.2525000000000
-29.25 62.6185000000000
-29.4 62.9566000000000
-29.55 63.2653000000000
-29.7 63.5669000000000
-29.85 63.8867000000000
-30 64.2062000000000
