-0.15 1.400000000000000E-003
-0.3 1.200000000000000E-003
-0.45 1.000000000000000E-003
-0.6 1.600000000000000E-003
-0.75 1.600000000000000E-003
-0.9 3.200000000000000E-003
-1.05 2.700000000000000E-003
-1.2 4.600000000000000E-003
-1.35 2.900000000000000E-003
-1.5 4.100000000000000E-003
-1.65 6.100000000000000E-003
-1.8 5.600000000000000E-003
-1.95 6.400000000000000E-003
-2.1 7.300000000000000E-003
-2.25 1.130000000000000E-002
-2.4 1.050000000000000E-002
-2.55 1.360000000000000E-002
-2.7 1.490000000000000E-002
-2.85 1.570000000000000E-002
-3 1.920000000000000E-002
-3.15 2.270000000000000E-002
-3.3 2.380000000000000E-002
-3.45 2.980000000000000E-002
-3.6 3.890000000000000E-002
-3.75 3.830000000000000E-002
-3.9 4.500000000000000E-002
-4.05 5.360000000000000E-002
-4.2 6.450000000000000E-002
-4.35 7.489999999999999E-002
-4.5 8.240000000000000E-002
-4.65 0.101100000000000
-4.8 0.112700000000000
-4.95 0.133600000000000
-5.1 0.153600000000000
-5.25 0.177000000000000
-5.4 0.215100000000000
-5.55 0.240100000000000
-5.7 0.277900000000000
-5.85 0.316900000000000
-6 0.367700000000000
-6.15 0.427500000000000
-6.3 0.491800000000000
-6.45 0.568700000000000
-6.6 0.656600000000000
-6.75 0.745300000000000
-6.9 0.843700000000000
-7.05 0.979200000000000
-7.2 1.12210000000000
-7.35 1.27040000000000
-7.5 1.43560000000000
-7.65 1.62570000000000
-7.8 1.85860000000000
-7.95 2.06750000000000
-8.1 2.32920000000000
-8.25 2.60360000000000
-8.4 2.92290000000000
-8.55 3.25300000000000
-8.7 3.58740000000000
-8.85 3.94220000000000
-9 4.35490000000000
-9.15 4.78530000000000
-9.3 5.22850000000000
-9.45 5.69550000000000
-9.6 6.16300000000000
-9.75 6.61130000000000
-9.9 7.19570000000000
-10.05 7.68280000000000
-10.2 8.23140000000000
-10.35 8.80180000000000
-10.5 9.38650000000000
-10.65 9.88020000000000
-10.8 10.5150000000000
-10.95 11.0804000000000
-11.1 11.6615000000000
-11.25 12.2468000000000
-11.4 12.8413000000000
-11.55 13.4625000000000
-11.7 14.0154000000000
-11.85 14.6755000000000
-12 15.2236000000000
-12.15 15.8328000000000
-12.3 16.4508000000000
-12.45 17.0753000000000
-12.6 17.6330000000000
-12.75 18.2603000000000
-12.9 18.8495000000000
-13.05 19.4838000000000
-13.2 20.0440000000000
-13.35 20.6787000000000
-13.5 21.2429000000000
-13.65 21.8619000000000
-13.8 22.4770000000000
-13.95 23.1428000000000
-14.1 23.7230000000000
-14.25 24.3476000000000
-14.4 24.9730000000000
-14.55 25.5702000000000
-14.7 26.2237000000000
-14.85 26.8058000000000
-15 27.4122000000000
-15.15 28.0642000000000
-15.3 28.6545000000000
-15.45 29.2370000000000
-15.6 29.8112000000000
-15.75 30.4489000000000
-15.9 30.9938000000000
-16.05 31.6183000000000
-16.2 32.1619000000000
-16.35 32.7077000000000
-16.5 33.2914000000000
-16.65 33.8359000000000
-16.8 34.3100000000000
-16.95 34.8735000000000
-17.1 35.4091000000000
-17.25 35.9112000000000
-17.4 36.4428000000000
-17.55 36.9244000000000
-17.7 37.4472000000000
-17.85 37.9241000000000
-18 38.4609000000000
-18.15 38.9744000000000
-18.3 39.4394000000000
-18.45 39.9173000000000
-18.6 40.4040000000000
-18.75 40.8712000000000
-18.9 41.3012000000000
-19.05 41.8481000000000
-19.2 42.2516000000000
-19.35 42.7007000000000
-19.5 43.2132000000000
-19.65 43.6448000000000
-19.8 44.0367000000000
-19.95 44.4570000000000
-20.1 44.8533000000000
-20.25 45.2570000000000
-20.4 45.6551000000000
-20.55 46.0710000000000
-20.7 46.4255000000000
-20.85 46.8068000000000
-21 47.1746000000000
-21.15 47.5760000000000
-21.3 47.8992000000000
-21.45 48.2541000000000
-21.6 48.5878000000000
-21.75 48.8722000000000
-21.9 49.2458000000000
-22.05 49.5938000000000
-22.2 49.9265000000000
-22.35 50.2845000000000
-22.5 50.5761000000000
-22.65 50.8836000000000
-22.8 51.2131000000000
-22.95 51.5724000000000
-23.1 51.8890000000000
-23.25 52.2213000000000
-23.4 52.5369000000000
-23.55 52.8267000000000
-23.7 53.1983000000000
-23.85 53.5298000000000
-24 53.8211000000000
-24.15 54.1404000000000
-24.3 54.4708000000000
-24.45 54.7707000000000
-24.6 55.0861000000000
-24.75 55.3556000000000
-24.9 55.6594000000000
-25.05 55.9365000000000
-25.2 56.2109000000000
-25.35 56.5097000000000
-25.5 56.7671000000000
-25.65 57.0279000000000
-25.8 57.2817000000000
-25.95 57.5409000000000
-26.1 57.7937000000000
-26.25 58.0613000000000
-26.4 58.2789000000000
-26.55 58.5110000000000
-26.7 58.7675000000000
-26.85 58.9976000000000
-27 59.2374000000000
-27.15 59.4695000000000
-27.3 59.6917000000000
-27.45 59.8714000000000
-27.6 60.0843000000000
-27.75 60.3262000000000
-27.9 60.5149000000000
-28.05 60.7117000000000
-28.2 60.9073000000000
-28.35 61.1102000000000
-28.5 61.2969000000000
-28.65 61.4924000000000
-28.8 61.6477000000000
-28.95 61.8721000000000
-29.1 62.0274000000000
-29.25 62.1987000000000
-29.4 62.3416000000000
-29.55 62.5816000000000
-29.7 62.7385000000000
-29.85 62.9103000000000
-30 63.0699000000000
