-0.15 3.000000000000000E-004
-0.3 5.999999999999999E-004
-0.45 4.000000000000000E-004
-0.6 4.000000000000000E-004
-0.75 7.000000000000000E-004
-0.9 1.200000000000000E-003
-1.05 4.000000000000000E-004
-1.2 5.000000000000000E-004
-1.35 1.000000000000000E-003
-1.5 1.200000000000000E-003
-1.65 2.000000000000000E-003
-1.8 2.000000000000000E-003
-1.95 1.500000000000000E-003
-2.1 2.100000000000000E-003
-2.25 2.700000000000000E-003
-2.4 2.500000000000000E-003
-2.55 4.500000000000000E-003
-2.7 3.900000000000000E-003
-2.85 3.900000000000000E-003
-3 4.900000000000000E-003
-3.15 5.900000000000000E-003
-3.3 6.600000000000000E-003
-3.45 8.000000000000000E-003
-3.6 7.200000000000000E-003
-3.75 1.020000000000000E-002
-3.9 1.490000000000000E-002
-4.05 1.380000000000000E-002
-4.2 1.630000000000000E-002
-4.35 1.950000000000000E-002
-4.5 2.260000000000000E-002
-4.65 2.520000000000000E-002
-4.8 3.030000000000000E-002
-4.95 3.560000000000000E-002
-5.1 4.300000000000000E-002
-5.25 5.050000000000000E-002
-5.4 5.470000000000000E-002
-5.55 6.960000000000000E-002
-5.7 7.510000000000000E-002
-5.85 8.860000000000000E-002
-6 0.101900000000000
-6.15 0.116300000000000
-6.3 0.139000000000000
-6.45 0.160700000000000
-6.6 0.181000000000000
-6.75 0.216200000000000
-6.9 0.237700000000000
-7.05 0.284800000000000
-7.2 0.339000000000000
-7.35 0.377800000000000
-7.5 0.442800000000000
-7.65 0.506400000000000
-7.8 0.582900000000000
-7.95 0.675000000000000
-8.1 0.776300000000000
-8.25 0.876600000000000
-8.4 1.02570000000000
-8.55 1.16900000000000
-8.7 1.33980000000000
-8.85 1.51120000000000
-9 1.74700000000000
-9.15 1.96850000000000
-9.3 2.24360000000000
-9.45 2.52890000000000
-9.6 2.85260000000000
-9.75 3.20580000000000
-9.9 3.59580000000000
-10.05 3.97060000000000
-10.2 4.43280000000000
-10.35 4.91780000000000
-10.5 5.40080000000000
-10.65 5.92270000000000
-10.8 6.44100000000000
-10.95 7.03110000000000
-11.1 7.62140000000000
-11.25 8.19920000000000
-11.4 8.88910000000000
-11.55 9.51720000000000
-11.7 10.1814000000000
-11.85 10.8358000000000
-12 11.5481000000000
-12.15 12.1966000000000
-12.3 12.8673000000000
-12.45 13.5571000000000
-12.6 14.2401000000000
-12.75 14.9187000000000
-12.9 15.5673000000000
-13.05 16.2197000000000
-13.2 16.9083000000000
-13.35 17.5647000000000
-13.5 18.2344000000000
-13.65 18.8735000000000
-13.8 19.4664000000000
-13.95 20.1160000000000
-14.1 20.7229000000000
-14.25 21.3242000000000
-14.4 21.9439000000000
-14.55 22.5129000000000
-14.7 23.1505000000000
-14.85 23.7099000000000
-15 24.2391000000000
-15.15 24.8204000000000
-15.3 25.4004000000000
-15.45 25.9537000000000
-15.6 26.4813000000000
-15.75 27.0360000000000
-15.9 27.5396000000000
-16.05 28.0914000000000
-16.2 28.6044000000000
-16.35 29.1014000000000
-16.5 29.6039000000000
-16.65 30.0551000000000
-16.8 30.5794000000000
-16.95 31.0631000000000
-17.1 31.5736000000000
-17.25 32.0505000000000
-17.4 32.5149000000000
-17.55 32.9588000000000
-17.7 33.4706000000000
-17.85 33.9407000000000
-18 34.3795000000000
-18.15 34.8103000000000
-18.3 35.2719000000000
-18.45 35.7754000000000
-18.6 36.2417000000000
-18.75 36.6481000000000
-18.9 37.1173000000000
-19.05 37.6082000000000
-19.2 37.9790000000000
-19.35 38.4706000000000
-19.5 38.9183000000000
-19.65 39.3650000000000
-19.8 39.7707000000000
-19.95 40.1833000000000
-20.1 40.6323000000000
-20.25 41.0646000000000
-20.4 41.4596000000000
-20.55 41.8674000000000
-20.7 42.2655000000000
-20.85 42.6831000000000
-21 43.0626000000000
-21.15 43.4913000000000
-21.3 43.8684000000000
-21.45 44.3073000000000
-21.6 44.7069000000000
-21.75 45.0868000000000
-21.9 45.4548000000000
-22.05 45.8647000000000
-22.2 46.2932000000000
-22.35 46.6564000000000
-22.5 47.0720000000000
-22.65 47.4732000000000
-22.8 47.9484000000000
-22.95 48.3424000000000
-23.1 48.6784000000000
-23.25 49.1767000000000
-23.4 49.5549000000000
-23.55 49.9224000000000
-23.7 50.3109000000000
-23.85 50.8200000000000
-24 51.1254000000000
-24.15 51.3993000000000
-24.3 51.8764000000000
-24.45 52.2130000000000
-24.6 52.6794000000000
-24.75 52.8831000000000
-24.9 53.2820000000000
-25.05 53.6581000000000
-25.2 53.9634000000000
-25.35 54.3237000000000
-25.5 54.6639000000000
-25.65 54.9506000000000
-25.8 55.3117000000000
-25.95 55.6773000000000
-26.1 55.9568000000000
-26.25 56.1507000000000
-26.4 56.5535000000000
-26.55 56.8098000000000
-26.7 57.1434000000000
-26.85 57.4049000000000
-27 57.7425000000000
-27.15 57.9673000000000
-27.3 58.2707000000000
-27.45 58.5145000000000
-27.6 58.8491000000000
-27.75 59.0573000000000
-27.9 59.3291000000000
-28.05 59.4778000000000
-28.2 59.7588000000000
-28.35 59.9769000000000
-28.5 60.1566000000000
-28.65 60.3547000000000
-28.8 60.5772000000000
-28.95 60.6875000000000
-29.1 60.9782000000000
-29.25 61.0292000000000
-29.4 61.2455000000000
-29.55 61.4520000000000
-29.7 61.5816000000000
-29.85 61.7428000000000
-30 61.8720000000000
