-0.15 1.000000000000000E-004
-0.3 1.000000000000000E-004
-0.45 1.000000000000000E-004
-0.6 2.000000000000000E-004
-0.75 2.000000000000000E-004
-0.9 2.000000000000000E-004
-1.05 2.000000000000000E-004
-1.2 0.00000000000000
-1.35 7.000000000000000E-004
-1.5 4.000000000000000E-004
-1.65 5.000000000000000E-004
-1.8 5.999999999999999E-004
-1.95 5.000000000000000E-004
-2.1 3.000000000000000E-004
-2.25 8.000000000000000E-004
-2.4 1.400000000000000E-003
-2.55 1.200000000000000E-003
-2.7 1.700000000000000E-003
-2.85 2.200000000000000E-003
-3 2.200000000000000E-003
-3.15 2.900000000000000E-003
-3.3 2.300000000000000E-003
-3.45 2.100000000000000E-003
-3.6 3.700000000000000E-003
-3.75 5.000000000000000E-003
-3.9 5.100000000000000E-003
-4.05 5.600000000000000E-003
-4.2 5.900000000000000E-003
-4.35 6.200000000000000E-003
-4.5 7.100000000000000E-003
-4.65 9.299999999999999E-003
-4.8 1.240000000000000E-002
-4.95 1.620000000000000E-002
-5.1 1.430000000000000E-002
-5.25 1.670000000000000E-002
-5.4 1.930000000000000E-002
-5.55 2.310000000000000E-002
-5.7 2.740000000000000E-002
-5.85 3.210000000000000E-002
-6 3.870000000000000E-002
-6.15 4.080000000000000E-002
-6.3 5.040000000000000E-002
-6.45 5.970000000000000E-002
-6.6 6.970000000000000E-002
-6.75 7.860000000000000E-002
-6.9 9.039999999999999E-002
-7.05 0.109000000000000
-7.2 0.118400000000000
-7.35 0.139400000000000
-7.5 0.164400000000000
-7.65 0.188600000000000
-7.8 0.216900000000000
-7.95 0.256800000000000
-8.1 0.292000000000000
-8.25 0.326400000000000
-8.4 0.380600000000000
-8.55 0.441800000000000
-8.7 0.513000000000000
-8.85 0.587200000000000
-9 0.672100000000000
-9.15 0.768400000000000
-9.3 0.871200000000000
-9.45 1.01030000000000
-9.6 1.12680000000000
-9.75 1.27580000000000
-9.9 1.45100000000000
-10.05 1.59050000000000
-10.2 1.83330000000000
-10.35 2.02370000000000
-10.5 2.25570000000000
-10.65 2.50990000000000
-10.8 2.77780000000000
-10.95 3.00760000000000
-11.1 3.30500000000000
-11.25 3.61390000000000
-11.4 3.90780000000000
-11.55 4.22240000000000
-11.7 4.57910000000000
-11.85 4.89680000000000
-12 5.27690000000000
-12.15 5.64720000000000
-12.3 6.01260000000000
-12.45 6.36110000000000
-12.6 6.71560000000000
-12.75 7.08700000000000
-12.9 7.45600000000000
-13.05 7.82360000000000
-13.2 8.23520000000000
-13.35 8.60950000000000
-13.5 9.00540000000000
-13.65 9.35270000000000
-13.8 9.77670000000000
-13.95 10.1617000000000
-14.1 10.5489000000000
-14.25 10.9771000000000
-14.4 11.3808000000000
-14.55 11.7639000000000
-14.7 12.1877000000000
-14.85 12.5518000000000
-15 12.9668000000000
-15.15 13.4041000000000
-15.3 13.7987000000000
-15.45 14.2491000000000
-15.6 14.6400000000000
-15.75 15.0743000000000
-15.9 15.5152000000000
-16.05 15.9556000000000
-16.2 16.3945000000000
-16.35 16.8420000000000
-16.5 17.3019000000000
-16.65 17.7516000000000
-16.8 18.1981000000000
-16.95 18.6769000000000
-17.1 19.1413000000000
-17.25 19.6141000000000
-17.4 20.0830000000000
-17.55 20.5918000000000
-17.7 21.0522000000000
-17.85 21.5473000000000
-18 22.0420000000000
-18.15 22.5503000000000
-18.3 23.0545000000000
-18.45 23.5407000000000
-18.6 24.0365000000000
-18.75 24.5091000000000
-18.9 25.0180000000000
-19.05 25.4988000000000
-19.2 25.9383000000000
-19.35 26.3539000000000
-19.5 26.8401000000000
-19.65 27.2879000000000
-19.8 27.6542000000000
-19.95 28.0744000000000
-20.1 28.4906000000000
-20.25 28.8974000000000
-20.4 29.2752000000000
-20.55 29.6114000000000
-20.7 29.9891000000000
-20.85 30.3145000000000
-21 30.6664000000000
-21.15 30.9685000000000
-21.3 31.3267000000000
-21.45 31.6750000000000
-21.6 32.0256000000000
-21.75 32.3276000000000
-21.9 32.6286000000000
-22.05 32.9333000000000
-22.2 33.2328000000000
-22.35 33.5581000000000
-22.5 33.8531000000000
-22.65 34.1732000000000
-22.8 34.5501000000000
-22.95 34.8791000000000
-23.1 35.1200000000000
-23.25 35.4680000000000
-23.4 35.7668000000000
-23.55 36.0664000000000
-23.7 36.4098000000000
-23.85 36.7348000000000
-24 37.0397000000000
-24.15 37.3729000000000
-24.3 37.7264000000000
-24.45 38.0769000000000
-24.6 38.3760000000000
-24.75 38.7189000000000
-24.9 39.0510000000000
-25.05 39.4058000000000
-25.2 39.7518000000000
-25.35 40.1257000000000
-25.5 40.5176000000000
-25.65 40.8724000000000
-25.8 41.2177000000000
-25.95 41.6398000000000
-26.1 42.0034000000000
-26.25 42.4046000000000
-26.4 42.8502000000000
-26.55 43.2141000000000
-26.7 43.6654000000000
-26.85 44.0926000000000
-27 44.4233000000000
-27.15 44.9214000000000
-27.3 45.3493000000000
-27.45 45.7508000000000
-27.6 46.2355000000000
-27.75 46.5620000000000
-27.9 47.0176000000000
-28.05 47.3898000000000
-28.2 47.8515000000000
-28.35 48.2535000000000
-28.5 48.5357000000000
-28.65 48.9796000000000
-28.8 49.3305000000000
-28.95 49.7301000000000
-29.1 50.1035000000000
-29.25 50.4703000000000
-29.4 50.7854000000000
-29.55 51.0959000000000
-29.7 51.5487000000000
-29.85 51.8133000000000
-30 52.1428000000000
