-0.15 2.000000000000000E-004
-0.3 2.000000000000000E-004
-0.45 4.000000000000000E-004
-0.6 3.000000000000000E-004
-0.75 1.100000000000000E-003
-0.9 8.000000000000000E-004
-1.05 9.000000000000000E-004
-1.2 7.000000000000000E-004
-1.35 1.700000000000000E-003
-1.5 1.400000000000000E-003
-1.65 1.500000000000000E-003
-1.8 1.800000000000000E-003
-1.95 2.100000000000000E-003
-2.1 1.500000000000000E-003
-2.25 2.200000000000000E-003
-2.4 2.800000000000000E-003
-2.55 3.700000000000000E-003
-2.7 3.600000000000000E-003
-2.85 4.600000000000000E-003
-3 5.500000000000000E-003
-3.15 5.900000000000000E-003
-3.3 9.400000000000000E-003
-3.45 9.700000000000000E-003
-3.6 1.020000000000000E-002
-3.75 1.320000000000000E-002
-3.9 1.320000000000000E-002
-4.05 1.390000000000000E-002
-4.2 2.140000000000000E-002
-4.35 2.290000000000000E-002
-4.5 2.530000000000000E-002
-4.65 2.710000000000000E-002
-4.8 3.280000000000000E-002
-4.95 3.760000000000000E-002
-5.1 4.620000000000000E-002
-5.25 5.190000000000000E-002
-5.4 5.890000000000000E-002
-5.55 7.430000000000000E-002
-5.7 8.210000000000001E-002
-5.85 9.470000000000001E-002
-6 0.107600000000000
-6.15 0.123400000000000
-6.3 0.152500000000000
-6.45 0.169600000000000
-6.6 0.192700000000000
-6.75 0.230700000000000
-6.9 0.265700000000000
-7.05 0.298000000000000
-7.2 0.345700000000000
-7.35 0.403000000000000
-7.5 0.489400000000000
-7.65 0.543900000000000
-7.8 0.615400000000000
-7.95 0.721700000000000
-8.1 0.813500000000000
-8.25 0.956500000000000
-8.4 1.06390000000000
-8.55 1.22970000000000
-8.7 1.41450000000000
-8.85 1.60210000000000
-9 1.79320000000000
-9.15 2.04350000000000
-9.3 2.30060000000000
-9.45 2.58640000000000
-9.6 2.91360000000000
-9.75 3.24090000000000
-9.9 3.61320000000000
-10.05 3.99120000000000
-10.2 4.44620000000000
-10.35 4.86600000000000
-10.5 5.34900000000000
-10.65 5.88330000000000
-10.8 6.41010000000000
-10.95 6.94590000000000
-11.1 7.51920000000000
-11.25 8.11220000000000
-11.4 8.74350000000000
-11.55 9.34930000000000
-11.7 9.97930000000000
-11.85 10.6142000000000
-12 11.3328000000000
-12.15 11.9514000000000
-12.3 12.6656000000000
-12.45 13.3380000000000
-12.6 14.0570000000000
-12.75 14.7090000000000
-12.9 15.4056000000000
-13.05 16.1665000000000
-13.2 16.8638000000000
-13.35 17.5172000000000
-13.5 18.1960000000000
-13.65 18.9016000000000
-13.8 19.5603000000000
-13.95 20.2773000000000
-14.1 20.9416000000000
-14.25 21.5647000000000
-14.4 22.2275000000000
-14.55 22.7886000000000
-14.7 23.3999000000000
-14.85 24.0014000000000
-15 24.5269000000000
-15.15 25.1232000000000
-15.3 25.6801000000000
-15.45 26.2034000000000
-15.6 26.7253000000000
-15.75 27.2365000000000
-15.9 27.7285000000000
-16.05 28.2258000000000
-16.2 28.6997000000000
-16.35 29.1766000000000
-16.5 29.6912000000000
-16.65 30.1056000000000
-16.8 30.6090000000000
-16.95 31.1052000000000
-17.1 31.5522000000000
-17.25 32.0350000000000
-17.4 32.5297000000000
-17.55 33.0659000000000
-17.7 33.5415000000000
-17.85 34.0451000000000
-18 34.5363000000000
-18.15 35.0685000000000
-18.3 35.5883000000000
-18.45 36.1471000000000
-18.6 36.6595000000000
-18.75 37.1638000000000
-18.9 37.6998000000000
-19.05 38.2700000000000
-19.2 38.7886000000000
-19.35 39.3303000000000
-19.5 39.8769000000000
-19.65 40.3983000000000
-19.8 40.8758000000000
-19.95 41.4203000000000
-20.1 41.9983000000000
-20.25 42.4873000000000
-20.4 42.9766000000000
-20.55 43.5479000000000
-20.7 44.0606000000000
-20.85 44.5367000000000
-21 45.0683000000000
-21.15 45.5756000000000
-21.3 46.1382000000000
-21.45 46.6132000000000
-21.6 47.1197000000000
-21.75 47.5813000000000
-21.9 48.0922000000000
-22.05 48.6158000000000
-22.2 49.1025000000000
-22.35 49.5917000000000
-22.5 50.1054000000000
-22.65 50.6360000000000
-22.8 51.1290000000000
-22.95 51.5838000000000
-23.1 52.1641000000000
-23.25 52.6566000000000
-23.4 53.1410000000000
-23.55 53.6201000000000
-23.7 54.1383000000000
-23.85 54.6563000000000
-24 55.1152000000000
-24.15 55.5944000000000
-24.3 56.0348000000000
-24.45 56.5264000000000
-24.6 57.0296000000000
-24.75 57.4333000000000
-24.9 57.8827000000000
-25.05 58.3745000000000
-25.2 58.7227000000000
-25.35 59.1795000000000
-25.5 59.6214000000000
-25.65 60.0104000000000
-25.8 60.3900000000000
-25.95 60.8654000000000
-26.1 61.3167000000000
-26.25 61.7061000000000
-26.4 62.0959000000000
-26.55 62.5289000000000
-26.7 62.8917000000000
-26.85 63.3404000000000
-27 63.7838000000000
-27.15 64.1938000000000
-27.3 64.5833000000000
-27.45 64.9688000000000
-27.6 65.3463000000000
-27.75 65.7534000000000
-27.9 66.2309000000000
-28.05 66.5578000000000
-28.2 67.0003000000000
-28.35 67.3851000000000
-28.5 67.7424000000000
-28.65 68.1343000000000
-28.8 68.5295000000000
-28.95 68.8647000000000
-29.1 69.2547000000000
-29.25 69.4929000000000
-29.4 69.9384000000000
-29.55 70.1837000000000
-29.7 70.5940000000000
-29.85 70.9149000000000
-30 71.2566000000000
