         115         114
          13
           3  2.490290536954476E-013  1.167908316631484E-015
           8  3.796135180167592E-010  1.770158708261098E-012
          15  2.716724523605306E-012  1.266644097158923E-014
          24  2.405743330636879E-020  1.112707772442729E-022
          50  1.408602351948263E-010  6.551878122863071E-013
          63  1.712437345398497E-023  7.942298552689188E-026
          64  1.832236636932995E-021  8.463268208391730E-024
          67  1.911010874689711E-006  9.057029253064462E-009
          74  1.203974893675989E-019  5.571869505920982E-022
          75  5.164069648386177E-018  2.385900360497773E-020
          76  2.320491316949580E-016  1.083741665845056E-018
          93  7.488943019417789E-007  3.528769403685231E-009
          95  4.899630178261022E-022  2.270741209202276E-024
          15
           3  2.823159004913918E-012  1.326433727922790E-014
           8  2.239827524156890E-013  1.039286237748838E-015
          15  4.849044117803110E-008  2.284497337345660E-010
          24  1.657730284519596E-017  7.652499954782544E-020
          27  3.029193754549832E-013  1.434615077117441E-015
          34  1.833476785114139E-020  8.492892903519219E-023
          41  3.541611451260009E-014  1.653723634895913E-016
          50  4.032439017672194E-014  1.866090166832146E-016
          53  6.627072553582617E-021  3.068163677022718E-023
          63  2.129808318051206E-013  1.009184889398637E-015
          67  1.983380092379717E-006  9.388467223097304E-009
          74  8.370693647618056E-015  3.868073327725393E-017
          76  3.830571200641399E-009  1.840572073848301E-011
          93  8.924939229631537E-006  4.212133360500422E-008
          95  1.393998044856197E-013  6.456079962011824E-016
           8
           5  6.526117739917904E-010  3.046955981890873E-012
          31  4.060679191077237E-010  1.882988828758132E-012
          40  7.195662448584187E-015  3.327607381235017E-017
          51  8.512841430856933E-011  3.947760396430419E-013
          81  1.277377192365111E-008  5.924180325093822E-011
         103  9.119428240660576E-026  4.207623256721179E-028
         107  1.365290359264426E-016  6.319598144290984E-019
         112  6.701636638295577E-012  3.103046645007306E-014
          16
           1  2.246064140454846E-027  1.036172092314716E-029
          10  2.333070609505819E-015  1.075744872851633E-017
          13  2.130824188645370E-008  9.853980931384887E-011
          30  5.365123831082413E-009  2.493286029103754E-011
          47  1.373958382002307E-010  6.352848701383225E-013
          49  2.211772699574672E-007  1.045315730877224E-009
          59  1.211647456931556E-006  5.688982653228269E-009
          73  7.767686076998275E-016  3.581313312193836E-018
          83  2.719085069037693E-014  1.253748862668507E-016
          91  7.476475450794422E-010  3.442297764007926E-012
          92  1.120957377933598E-011  5.173839248222848E-014
         101  3.939478101559249E-020  1.819229353281100E-022
         105  5.441861014370310E-008  2.576816963295989E-010
         106  1.165385090332628E-007  5.526782784304066E-010
         110  1.905540616142432E-028  8.783977102641587E-031
         114  7.773901157499408E-008  3.677694659333951E-010
           9
           5  3.208633465998020E-011  1.492894685873814E-013
          23  8.391742264844968E-023  3.882841641434171E-025
          28  2.537497892146994E-011  1.186210856558834E-013
          51  6.392416111619052E-014  2.960796029778207E-016
          60  2.872468232660230E-023  1.326730941904244E-025
          69  1.993771107193489E-027  9.235014039358137E-030
          81  1.142796734961958E-013  5.270563512218599E-016
          98  1.793911567184180E-014  8.338604637247028E-017
         103  2.296415316223649E-008  1.066104714795336E-010
           2
         107  2.506844637416861E-016  1.158126703475668E-018
         112  2.202519401123823E-020  1.017523380346027E-022
           8
           8  3.573076892165688E-009  1.663690937943483E-011
          38  1.997540521562557E-012  9.238473729589297E-015
          50  3.161545689512764E-009  1.468908296650330E-011
          64  8.089612870982371E-012  3.741945245123477E-014
          67  8.562778317213781E-013  3.987543075393040E-015
          75  7.516769101048806E-011  3.468217322750232E-013
          85  1.481407232568193E-013  6.840498487072991E-016
          96  1.734555087164886E-021  8.021776088732094E-024
           5
          11  1.039062197742066E-011  4.803892487205088E-014
          31  3.882004995955359E-018  1.793042335320394E-020
          81  8.848199506437526E-019  4.065445881602598E-021
         107  1.940048105473945E-008  8.985844541558648E-011
         112  3.125494782310051E-013  1.442403700125021E-015
          18
           5  1.608571927445544E-006  7.592196723822942E-009
          17  8.128508692437756E-009  3.946278560510388E-011
          21  7.481932437688299E-019  3.480270618247087E-021
          22  2.941253138329948E-014  1.395830911500789E-016
          28  2.123342453317646E-008  1.005453480525129E-010
          29  8.955198145377471E-020  4.161974094095672E-022
          31  1.035449321328875E-016  4.803654060230142E-019
          44  7.040562027509418E-007  3.431746103044005E-009
          51  1.399865596822324E-017  6.494100419452298E-020
          61  1.837894861473503E-021  8.514378441029675E-024
          69  2.023323355967730E-014  9.477960113182458E-017
          72  3.481578455876971E-013  1.662780294980047E-015
          81  3.002651162174479E-008  1.397819366427793E-010
          98  1.264830465891343E-012  5.923135800538274E-015
         103  1.414927901034776E-015  6.540094591603561E-018
         107  7.192982801765589E-014  3.337016499682787E-016
         111  9.891826252363094E-019  4.604496480107622E-021
         112  2.038377716618463E-023  9.443854185719943E-026
          14
           3  5.534803196370851E-007  2.652554749702276E-009
           8  3.780132690625110E-010  1.758707976292369E-012
          33  2.437251223759066E-015  1.124515430924194E-017
          38  7.671148772669630E-017  3.544569853192986E-019
          50  1.409488550837530E-009  6.550800553880072E-012
          56  1.326939985080832E-015  6.145609679854537E-018
          63  1.011610672118294E-013  4.782852460380930E-016
          64  5.727578785488863E-007  2.669346689652368E-009
          67  2.416037449578173E-012  1.125593171989791E-014
          68  3.866117034391545E-008  1.811199548288087E-010
          79  3.342214975677833E-008  1.598586984269625E-010
          89  1.721775227657193E-020  7.959645511114060E-023
          96  4.418846605382493E-010  2.047003996122487E-012
         100  1.416509742470770E-017  6.549142795544629E-020
          16
           3  1.870477188116532E-014  8.716753837470557E-017
          15  5.640620589783762E-006  2.671275809873069E-008
          24  3.136877977913568E-020  1.445026356964136E-022
          27  3.060619627886537E-008  1.488671108544835E-010
          34  4.519782713711875E-010  2.179484961917719E-012
          41  4.819723497903880E-008  2.302348104058976E-010
          52  2.394601758506715E-013  1.118805859607956E-015
          53  1.442947659232830E-009  6.841513329728663E-012
          63  2.023095918489481E-011  9.680620093846296E-014
          67  6.700830747200868E-008  3.158036952249872E-010
          74  3.306407141905995E-014  1.525610953679707E-016
          76  3.322110879949942E-006  1.616999793389782E-008
          93  7.080342184002281E-006  3.338032604807195E-008
          95  2.386854636301622E-011  1.105782836156387E-013
          99  1.220075595680497E-025  5.614627436744629E-028
         115  9.806350477751008E-016  4.608363004232543E-018
          21
           1  5.879563054099298E-011  2.792751876510663E-013
           2  2.714001619285942E-009  1.303969697849106E-011
           5  5.319911859308633E-014  2.467846272895708E-016
          17  5.390126479549518E-004  2.685127107009407E-006
          21  2.052374847342705E-005  1.020640599500703E-007
          22  2.754452700080556E-004  1.385850472568569E-006
          28  1.834207762989220E-009  8.667378597823998E-012
          29  3.672024801864619E-007  1.793258617205338E-009
          35  1.696420054998841E-011  8.233614798035009E-014
          36  1.591060461163698E-015  7.521401635580808E-018
          42  1.663984164329071E-011  8.027492634645439E-014
          44  3.105856809350976E-004  1.535493952917822E-006
          61  5.742922571096264E-006  2.840011241186742E-008
          66  3.368127745542247E-011  1.601620289103241E-013
          69  6.194237138048451E-009  2.966469631151449E-011
          70  3.743804967393091E-013  1.749463594058996E-015
          72  4.933668891801648E-004  2.490558843893903E-006
          80  5.455841045164816E-019  2.524292426400708E-021
          97  2.729275091775859E-006  1.369480775811403E-008
          98  2.191589713733687E-010  1.034561944159033E-012
         111  1.596045164349916E-006  7.877418896436591E-009
          20
           5  7.069052722854190E-021  3.265156545077060E-023
          17  2.965037524697538E-008  1.442784895390049E-010
          21  1.407649031775048E-006  6.937264754602295E-009
          22  2.713176552078608E-009  1.325667101155980E-011
          25  1.815257978053106E-015  8.414756333559163E-018
          28  5.716377770995684E-007  2.718519687868117E-009
          29  5.968261951542250E-005  2.931687077587428E-007
          44  4.062849529441020E-020  1.879758363167555E-022
          61  5.646920728653607E-006  2.780789438688436E-008
          66  8.062753639993334E-005  3.928505192929998E-007
          69  9.610156631508748E-005  4.664667135779411E-007
          70  1.151947965527166E-004  5.549872197829281E-007
          72  1.690150323717336E-012  8.093927944196380E-015
          78  1.745700809580963E-013  8.073655289828707E-016
          80  1.352098035584529E-005  6.540842857392082E-008
          87  9.120770224515544E-011  4.240124716154607E-013
          89  5.260905644323794E-009  2.530307242217079E-011
          98  2.803261226073632E-005  1.345082316474074E-007
         103  3.487832458827693E-014  1.611051270279079E-016
         109  8.726784095518795E-013  4.042588570741126E-015
          18
           5  1.148274107727552E-007  5.404561090887384E-010
          17  5.813074546321151E-005  2.871015636782434E-007
          21  1.972221146158870E-006  9.731970874500010E-009
          22  1.380769436998370E-006  6.849190871497733E-009
          28  2.444583916825756E-005  1.168169100827687E-007
          29  3.676034401158304E-006  1.797184789478616E-008
          44  2.945121865715819E-006  1.438462112849195E-008
          61  1.789970398085003E-006  8.804900534715701E-009
          66  2.110904840747394E-008  1.014762662777350E-010
          69  8.650602448129000E-006  4.184244974229473E-008
          70  4.989152744475756E-008  2.377926283659422E-010
          72  3.710334723177666E-007  1.838504734671942E-009
          80  2.145426640670901E-012  1.009275818407543E-014
          81  1.892233771894657E-013  8.732184880044843E-016
          97  1.765651039052147E-018  8.232626490067899E-021
          98  6.778689291214500E-006  3.247312332693494E-008
         103  1.472184996174719E-011  6.817820473059681E-014
         111  8.026896434561303E-018  3.734153763067278E-020
          19
           3  6.903007022734876E-006  3.342598877321578E-008
          21  1.613277952100970E-014  7.610401356421606E-017
          22  1.683588475514327E-015  7.925243649637204E-018
          27  2.640327787028954E-006  1.306776848974511E-008
          34  2.716848280045655E-007  1.338685816543943E-009
          35  4.434200630511802E-005  2.241544764915055E-007
          36  3.252742335850210E-010  1.590543764435761E-012
          41  2.157683926702478E-017  9.997553483570821E-020
          61  1.137317168363983E-015  5.326762786022318E-018
          63  8.917744353584456E-004  4.452304585337359E-006
          67  1.268327424922505E-011  5.936641788322756E-014
          72  9.807459766149839E-020  4.545761641487816E-022
          76  4.493571828491736E-007  2.191934536127667E-009
          79  4.831140274150113E-007  2.334577524505322E-009
          89  5.271221307723506E-009  2.541789066780119E-011
          93  3.515042406891966E-018  1.620526299721361E-020
          97  1.874073732269707E-017  8.771644567659929E-020
          99  4.620371062154371E-010  2.246523716996283E-012
         115  2.937983379656809E-009  1.438330017715359E-011
          21
           1  7.907005006724715E-009  3.794851530119658E-011
           2  1.775970811356211E-007  8.615673253204341E-010
           5  1.443307648905879E-022  6.646730765585395E-025
          17  2.141746383871580E-004  1.064144092938635E-006
          21  5.881236355876409E-006  2.916665259429443E-008
          22  2.289693276469944E-004  1.152262893561586E-006
          28  1.111624510236249E-012  5.184976259964809E-015
          29  1.510049659781780E-008  7.322977882188216E-011
          35  7.042409325513287E-010  3.457225431792949E-012
          36  4.545664105391879E-011  2.208222980144903E-013
          42  1.514541930212613E-008  7.450580095287041E-011
          44  2.800379184253943E-004  1.384190495632642E-006
          61  1.015832658540228E-006  5.010320562903205E-009
          66  1.891459314968789E-014  8.857085781503242E-017
          69  1.460640283514089E-011  6.905526770131032E-014
          70  4.957069758926959E-020  2.281558763192731E-022
          72  7.231221705374399E-004  3.647640769983364E-006
          97  4.161146497875478E-005  2.099651887467244E-007
          98  2.452562472510973E-014  1.140441125401961E-016
          99  7.544566979815511E-021  3.479874580846971E-023
         111  2.428801258027507E-005  1.203855051964599E-007
           2
          20  7.272326470029988E-017  3.355235732259532E-019
          24  1.185341173874303E-019  5.469132156848451E-022
           7
           4  7.484085339425639E-017  3.460999154457263E-019
          14  1.939284154529583E-018  8.955224152088547E-021
          26  6.060940044203624E-015  2.794377513212510E-017
          33  3.123620755973437E-016  1.441304503234693E-018
          39  2.304631122608561E-015  1.064495603163438E-017
          68  6.055878904834669E-022  2.806370239914440E-024
         100  5.000494868873215E-014  2.313611725925840E-016
          27
           1  2.171670308366587E-017  1.010810543045045E-019
           2  6.100601970181042E-012  2.905016079783752E-014
          17  1.698466769008774E-005  8.455487089748845E-008
          21  5.072322591947227E-005  2.544204769360338E-007
          22  4.862647048460916E-004  2.467218105868589E-006
          27  2.929345827960877E-012  1.404636474677437E-014
          29  8.040404774796917E-008  3.937788320052232E-010
          34  4.041639275243859E-011  1.957185073972144E-013
          35  8.840549972902854E-005  4.502352552218976E-007
          36  1.525776362342842E-006  7.687517587120319E-009
          42  3.385482285911193E-007  1.690484833118804E-009
          44  2.222611929652147E-007  1.091008977754567E-009
          61  1.219716904391370E-005  6.086583711399452E-008
          63  3.464004529313500E-010  1.685789256282318E-012
          66  2.731028653949481E-011  1.304530778095603E-013
          69  3.243293946043158E-013  1.530524604570152E-015
          70  1.175491168778008E-017  5.448077336096682E-020
          72  5.955205432335211E-004  3.026393496654924E-006
          79  7.056069253008738E-029  3.261848292876002E-031
          80  5.798083198027072E-015  2.715927257230517E-017
          89  6.860768336110949E-011  3.290967403149733E-013
          97  1.809483210866719E-004  9.217640985167030E-007
          98  3.495436137749029E-023  1.615516798696294E-025
          99  7.851609435955622E-009  3.869630138319564E-011
         101  2.451265033698611E-021  1.134802806676322E-023
         111  1.644667976901172E-007  8.117266280986059E-010
         115  8.318744111386173E-010  4.080448845731688E-012
           4
          60  2.090843354744166E-019  9.643228859770634E-022
          78  2.013976514321873E-014  9.287461125586481E-017
          87  1.220827691619492E-013  5.642077748618022E-016
         109  6.898250145683935E-016  3.182531303796138E-018
           3
          11  3.063937193772643E-016  1.413832466642965E-018
          84  7.458997735117167E-028  3.431061679071417E-030
         107  1.177861124613950E-020  5.433897791170259E-023
           8
           4  7.640340181878778E-015  3.533230111504006E-017
          14  4.164618422569806E-015  1.923114875896056E-017
          25  5.693748322284270E-011  2.655856644556223E-013
          26  3.402651586587792E-010  1.570204452700735E-012
          33  1.552317201004451E-027  7.162486032289080E-030
          39  3.766069334052452E-024  1.739482823132325E-026
          68  1.521800611773361E-015  7.057704131013608E-018
         100  2.218725313236413E-010  1.028780481536815E-012
          17
           3  1.632832496026465E-009  7.767479182834183E-012
          21  7.964977302599240E-011  3.834043705015834E-013
          22  4.237227910453351E-020  1.962621777536716E-022
          25  1.370355530228820E-006  6.480117614056192E-009
          29  5.012635866476520E-010  2.404327863135322E-012
          35  1.335652532455035E-016  6.273920229044875E-019
          61  7.976688349319457E-010  3.851756069168126E-012
          63  4.356614980111916E-010  2.104484372257513E-012
          66  6.649763218190940E-008  3.203966995897191E-010
          68  7.821003229860558E-010  3.658641788797455E-012
          69  1.463162081773723E-016  6.801856159024825E-019
          70  8.477158346645942E-011  3.992207225977847E-013
          79  3.439588833447354E-005  1.667198199004526E-007
          80  2.363253431530964E-006  1.139475170057376E-008
          89  1.267366318282619E-004  6.207339791448814E-007
         100  4.594715265366371E-014  2.126857855466600E-016
         109  2.793998146367327E-024  1.288694320943677E-026
          20
          15  5.819347731089174E-008  2.755548205549655E-010
          27  1.287000076057056E-004  6.402186526781775E-007
          32  4.588745060336098E-008  2.208939450433465E-010
          34  1.830637255306955E-004  9.141746512603638E-007
          35  7.276907612379469E-010  3.574635483110951E-012
          36  5.218701872120534E-007  2.603937463874207E-009
          41  1.194825085086217E-004  5.813429897802469E-007
          42  7.551874248622764E-013  3.616898106796129E-015
          52  1.153479103821955E-004  5.618909633438998E-007
          53  7.612081583593609E-005  3.697608653403123E-007
          58  2.151171044385071E-008  1.019265513149314E-010
          62  1.014858858366178E-005  4.913507576098120E-008
          63  1.400445325279168E-012  6.687184601541175E-015
          76  8.803136092111503E-005  4.334340923713217E-007
          86  1.031825721607255E-006  4.936930872420845E-009
          93  6.964410433305510E-017  3.222274378791219E-019
          97  1.309138645276443E-023  6.059916151278691E-026
          99  2.251252497273788E-005  1.123277974362234E-007
         101  1.041511326553772E-011  4.957826056889906E-014
         115  7.600103009082888E-005  3.806352786563955E-007
          15
           5  5.636117813385293E-010  2.629603361920461E-012
          17  2.792074839715056E-016  1.301673066718880E-018
          21  9.088320639892392E-020  4.208530389258618E-022
          28  1.688372629358050E-006  8.010213684332707E-009
          29  5.105089696589552E-011  2.431560777232194E-013
          60  2.249766243415080E-013  1.038750401100979E-015
          61  2.477111063113812E-016  1.156706762614584E-018
          66  1.406285225620089E-011  6.649261260343833E-014
          69  1.769922230809567E-007  8.473052085975504E-010
          70  9.736400899172982E-009  4.609396597556792E-011
          80  1.269548556926269E-016  5.894129187375775E-019
          81  1.976329666496323E-017  9.096205997364622E-020
          87  1.287346180466851E-014  5.951829625553272E-017
          98  1.703901426705743E-006  8.112456315947822E-009
         103  2.351038677608640E-007  1.093477690567092E-009
           6
          26  5.329734675100636E-025  2.463013934085465E-027
          33  8.129932398881166E-014  3.760590040534732E-016
          39  4.459707257165711E-014  2.064849663856049E-016
          68  3.087789339652451E-019  1.434345770477642E-021
          82  2.257361007813449E-021  1.046293438405767E-023
         100  1.108396222590347E-016  5.138331038810780E-019
          11
           9  1.832454882697412E-009  8.538414978935881E-012
          12  1.048906792940540E-011  4.866420775556733E-014
          19  1.920261302439227E-010  8.914091566295664E-013
          55  2.044776203475794E-010  9.476146174696224E-013
          58  2.500573369567032E-017  1.159526636972750E-019
          65  2.270047160312919E-009  1.055047169081240E-011
          71  8.161245821699296E-011  3.787302050218019E-013
          88  7.387378126761235E-022  3.411496821407044E-024
         102  4.017813173861895E-015  1.859404397391812E-017
         104  8.721781332971228E-012  4.059805081661876E-014
         110  1.237842156821799E-015  5.735541372889338E-018
          14
           3  2.855839633428980E-020  1.321507563325502E-022
           8  1.094545095944107E-027  5.070405156075590E-030
          15  1.143451393637785E-006  5.408176875272854E-009
          24  8.320243037895616E-014  3.844334808884660E-016
          27  2.136034495567873E-012  1.016140224078641E-014
          34  3.870326365743265E-017  1.806706892130116E-019
          41  8.198617845852000E-011  3.876240733039469E-013
          53  2.453715882158217E-013  1.149317256995679E-015
          63  3.331327509377408E-018  1.552023452463986E-020
          67  7.214029626480737E-008  3.403763629850232E-010
          74  1.494447015966498E-011  6.917223002515056E-014
          76  1.634083201294727E-008  7.877455301873682E-011
          93  8.778783096293170E-006  4.142675072584912E-008
          95  2.964835086095409E-010  1.377392859651852E-012
           2
          75  1.922406839206215E-017  8.846232438633457E-020
          85  3.778963533245804E-019  1.740898594807973E-021
           9
           6  6.064152658019421E-012  2.809821757654306E-014
          10  1.802355700067212E-010  8.316995617464950E-013
          30  2.964973014141325E-010  1.373525552550801E-012
          47  1.486818721749706E-010  6.870923055397758E-013
          57  2.021014694499386E-011  9.365185799718300E-014
          83  2.203857828023934E-009  1.021269003885786E-011
          90  1.628980263924275E-025  7.510030426786727E-028
          92  1.023269042574299E-011  4.721113816372887E-014
         114  6.827238049934836E-021  3.151451710880029E-023
          19
           1  7.269147186946171E-014  3.410416550076330E-016
           2  1.834193738240398E-012  8.666263333448849E-015
           5  3.524135558153841E-008  1.658713374396309E-010
          17  7.843333001682015E-005  3.884498539999386E-007
          21  1.603258367737326E-007  7.887430604183203E-010
          22  2.304858074541009E-006  1.147071466508307E-008
          28  3.110405673291889E-007  1.480360641682985E-009
          29  1.548499584512434E-008  7.501127947028368E-011
          44  1.646305515659141E-004  8.120334850157866E-007
          61  4.987421470975382E-008  2.439128858219606E-010
          66  7.840616461086252E-014  3.685468054121061E-016
          69  1.065560648093822E-008  5.103691874609701E-011
          70  6.455487178332120E-014  3.010889302774862E-016
          72  4.150533682614590E-006  2.069696086484601E-008
          81  2.411667199825077E-013  1.114570324785814E-015
          97  4.708390467659619E-011  2.287955739504357E-013
          98  5.779171717659405E-009  2.743466654570092E-011
         103  2.597621326433055E-022  1.197395208839747E-024
         111  4.324895335717445E-009  2.100688713436780E-011
           9
           5  1.862684005428545E-009  8.703419453587102E-012
          28  2.934585068800212E-025  1.354566396560356E-027
          31  3.215325100219143E-010  1.490718843518069E-012
          40  1.886316961194935E-015  8.721241443110319E-018
          51  2.190586098114312E-010  1.015773798802906E-012
          81  2.070175809058768E-008  9.601382822228642E-011
         103  3.792706190224265E-019  1.749554600022334E-021
         107  7.943878041106875E-019  3.676026174026338E-021
         112  1.878476665890200E-012  8.695434845873175E-015
           5
           6  7.315812275600217E-011  3.404182920835860E-013
          11  3.237714505978579E-011  1.500900758758088E-013
          57  5.871927707735895E-012  2.725437443285689E-014
          83  2.913785829497773E-014  1.346660806004117E-016
          90  3.064546619414101E-013  1.416365568373268E-015
           3
          23  1.119357061473378E-015  5.183134457045783E-018
          60  2.430943936849034E-015  1.123668305082323E-017
         103  1.700819672164224E-013  7.858341131176725E-016
          20
          17  1.388058893759202E-010  6.665039049818788E-013
          21  3.395694308397325E-006  1.677543386245417E-008
          22  4.074188851461098E-009  1.993985194327855E-011
          25  5.656781002813990E-008  2.667729637821304E-010
          28  2.359161839882047E-015  1.092773812796113E-017
          29  2.153154949923180E-005  1.057212581465817E-007
          35  4.040124317345820E-015  1.913418136964501E-017
          61  1.188398264588025E-005  5.872993042192289E-008
          63  2.809099469233118E-015  1.320697623700518E-017
          66  1.052774756526292E-004  5.139576873588659E-007
          69  5.087663844876136E-007  2.451542647622169E-009
          70  8.746877498791029E-006  4.204802622822928E-008
          72  9.684342215392748E-013  4.632462720640912E-015
          78  3.773034137151519E-016  1.741288047077104E-018
          79  3.843785803621946E-008  1.844982438799892E-010
          80  1.839502172512558E-004  8.937446017929305E-007
          87  1.050747547434005E-015  4.858890290736805E-018
          89  1.025615796953661E-004  5.025681149362662E-007
          98  3.895248192928842E-009  1.845648755434987E-011
         109  1.266053797554804E-013  5.858516560722608E-016
          19
           1  6.257012133862068E-005  3.043286054122957E-007
           2  4.344942480737673E-005  2.121053450490963E-007
           6  1.447327344585743E-008  6.780533767536766E-011
          10  6.104073000602482E-023  2.819666914019161E-025
          30  1.469029098688153E-007  6.879849367947195E-010
          42  1.200751798790500E-009  5.850968154399142E-012
          44  2.254573449571558E-014  1.058950496836264E-016
          47  6.177681316856301E-014  2.859676390915175E-016
          49  1.457843906206400E-006  6.946004070349490E-009
          57  2.595410394278208E-007  1.219401205070609E-009
          59  1.941450206600091E-008  9.124267480878306E-011
          83  2.134628952718045E-008  9.961684074412536E-011
          92  6.956883528323857E-023  3.213729350750818E-025
          97  1.770954979663354E-011  8.571776592552167E-014
         101  3.963106766793170E-012  1.878277742985944E-014
         105  2.632317567049459E-008  1.251805092276906E-010
         106  3.874691561435744E-006  1.855974808812474E-008
         111  2.177530255230066E-006  1.070614632378093E-008
         114  1.406634674530773E-005  6.740048973185524E-008
          22
           9  4.903614555193885E-013  2.268804653589306E-015
          15  5.302146191599019E-016  2.447090657884420E-018
          27  1.030394802269175E-007  5.033768540453149E-010
          32  6.074072290605506E-005  2.946789889566162E-007
          34  1.460752463517203E-006  7.196733999859627E-009
          35  9.876273795888727E-020  4.580162284340535E-022
          36  1.474387693359921E-007  7.306907078276941E-010
          41  2.229701486256732E-006  1.072309830062571E-008
          42  3.037865248664680E-010  1.473600706411377E-012
          52  1.095038354816953E-004  5.311347364510589E-007
          53  7.135901609601564E-006  3.435883445328693E-008
          58  8.683328985888748E-006  4.127125873637795E-008
          62  1.566159012736183E-004  7.581676229264970E-007
          65  2.672041796768243E-018  1.231676101110994E-020
          76  8.214784002277731E-009  3.955222261947029E-011
          86  1.715981259949913E-005  8.203387289618555E-008
          97  2.231367008575159E-025  1.028498081995276E-027
          99  5.894898040560755E-006  2.917591734577168E-008
         101  4.434695277290246E-007  2.152613999686930E-009
         104  2.567527060383192E-012  1.191139663338815E-014
         105  5.584033337963209E-020  2.575363230577004E-022
         115  8.633632856694089E-006  4.285768780534266E-008
           8
           6  5.624512781649513E-016  2.600765965673116E-018
          10  3.231019299883307E-015  1.491493572373202E-017
          30  9.454139568626634E-020  4.357139113543169E-022
          47  2.483673353951150E-018  1.146917350274443E-020
          57  1.217657117155282E-016  5.619116722030379E-019
          83  1.524526446181242E-013  7.040032714962881E-016
          90  5.879816821624822E-018  2.714072064705611E-020
          92  1.838047479416143E-022  8.484840992869350E-025
          27
           9  2.275034386116830E-010  1.060020624204241E-012
          12  1.924079405423913E-029  8.903476521773176E-032
          19  2.450106654673598E-018  1.133855330599932E-020
          27  3.767679701335953E-015  1.771859750472863E-017
          32  1.526359515781038E-004  7.432642726430592E-007
          34  5.975905310102597E-011  2.879873931354792E-013
          36  2.022739454560715E-008  9.990449900041220E-011
          41  1.486510393004726E-013  6.967373256893334E-016
          42  5.429927955385963E-008  2.674910683693458E-010
          49  4.544821635909609E-011  2.135265297402330E-013
          52  9.935008114182200E-008  4.773041033144172E-010
          53  1.550139485455885E-011  7.326272205402330E-014
          58  1.099790651275527E-007  5.213870357895608E-010
          59  2.093192046158890E-014  9.705714651939375E-017
          62  2.060218314748606E-006  9.931362337902242E-009
          65  8.674348605567574E-015  4.017321278011565E-017
          71  3.385991102831874E-014  1.568074913420097E-016
          86  1.653426555449776E-008  7.854896441817015E-011
          97  9.777471058941564E-017  4.600273836700771E-019
          99  1.485634112300699E-007  7.322301137822115E-010
         101  6.239495533400426E-005  3.062097966801880E-007
         104  8.353223136502518E-008  3.926397937074967E-010
         105  7.983902602436539E-008  3.808558853941326E-010
         106  2.656834005567242E-011  1.251466950694281E-013
         110  4.981557873404826E-015  2.306858701427455E-017
         114  4.330710322046899E-016  2.012936193371905E-018
         115  4.617469688998670E-008  2.271402203578486E-010
           5
           8  1.499287473309560E-025  6.939884601090401E-028
          38  2.776221370304072E-028  1.282729454767824E-030
          50  1.314256594634997E-028  6.070345228759963E-031
          75  8.559713533455633E-017  3.944677069564185E-019
          85  1.751179821925263E-018  8.079215571829973E-021
          16
           1  3.520259886666269E-014  1.644407034856795E-016
           2  2.115207751887836E-018  9.786551721743450E-021
           6  6.493374558546269E-011  3.019001148532575E-013
          10  1.927367704267050E-009  8.914642400063786E-012
          13  6.480500142520091E-015  2.989582003956273E-017
          16  8.407082088109868E-024  3.882540473256717E-026
          30  3.775979068846495E-007  1.763121629096837E-009
          47  2.831105894092027E-008  1.313065576250526E-010
          49  1.607999384089441E-010  7.532747335590346E-013
          57  1.201784774558321E-009  5.598813184064822E-012
          59  5.409240152693170E-010  2.522347771395282E-012
          83  7.201975242677081E-008  3.352018915385079E-010
          92  2.307461793540905E-009  1.067537152125578E-011
         105  2.251093041937718E-015  1.044480115235005E-017
         106  2.062662986471510E-010  9.700103317229916E-013
         114  5.580215133132776E-009  2.634739549581019E-011
           4
           6  4.757504557008708E-014  2.207695291475392E-016
          11  5.272921598702440E-009  2.452235789952924E-011
          57  3.677348678569280E-017  1.700617705157572E-019
         107  2.599282097811339E-009  1.207729785777338E-011
           6
          24  1.544302944005812E-014  7.116500309237575E-017
          45  3.137874090451391E-029  1.445245088838318E-031
          54  3.141237629863741E-015  1.452418541591351E-017
          74  6.859564151146255E-014  3.163425913489521E-016
          95  3.305134933996751E-015  1.526483079975706E-017
         113  2.887852818522589E-017  1.327755971254711E-019
           9
           4  2.833352339662941E-015  1.309601372632872E-017
          14  8.149105882215580E-016  3.761102468472304E-018
          25  9.519862665967744E-009  4.460509989945701E-011
          26  1.192984316526814E-009  5.503965830264346E-012
          33  1.831276014343749E-019  8.445145458483352E-022
          39  6.047432412103930E-020  2.791729202046178E-022
          68  9.036733192088504E-012  4.203051879622037E-014
         100  3.936552248499867E-009  1.826390498800043E-011
         109  1.857683240963296E-020  8.572344170643637E-023
          28
           1  3.378712958500074E-011  1.608102010509358E-013
           2  1.721461765440295E-008  8.346718806554949E-011
          17  4.589859754555918E-009  2.238499479959590E-011
          21  2.917515629019878E-009  1.427397705552692E-011
          22  2.199574635391760E-006  1.099690944698102E-008
          27  1.142851491834649E-008  5.599453702533855E-011
          29  9.378698156875720E-021  4.344630357887962E-023
          32  2.636845546604358E-013  1.240985794549150E-015
          34  2.072417274821489E-007  1.024352038086114E-009
          35  4.696871419787032E-005  2.384873068951399E-007
          36  3.593493996529577E-004  1.826483638564078E-006
          42  2.765739689407631E-004  1.397942322695051E-006
          44  1.375960647959372E-009  6.657279998964871E-012
          49  1.016026198052390E-025  4.680014231874161E-028
          52  8.786866970280674E-018  4.068616407418163E-020
          61  5.948886296095205E-011  2.872945149813282E-013
          62  1.258105193846738E-024  5.810364450435719E-027
          63  1.029108749557522E-012  4.919650687121817E-015
          72  1.871147425005118E-005  9.418698221433573E-008
          76  1.058517646958269E-014  4.973040768643143E-017
          97  1.170966484040490E-003  5.977949953803483E-006
          99  2.285483759921258E-005  1.146352440870223E-007
         101  7.077254241091584E-008  3.449725417170561E-010
         105  1.745609429488101E-019  8.071183312880398E-022
         106  2.330824984898919E-019  1.078364758641428E-021
         111  4.629576866900772E-006  2.298002108432033E-008
         114  5.059819321849269E-029  2.337148447896363E-031
         115  4.818490562870242E-006  2.413639862914167E-008
          20
           5  4.200410638956868E-025  1.934859675346869E-027
          17  2.008051564087274E-010  9.621419900037940E-013
          21  3.110194358929721E-008  1.515330669481225E-010
          22  2.275900219058481E-012  1.087289048296165E-014
          25  1.053591408381912E-015  4.869154278138520E-018
          28  2.395801901235119E-007  1.133829362708144E-009
          29  7.813796427616349E-006  3.811478214986006E-008
          60  2.953137968294562E-019  1.359876044340682E-021
          61  2.303608370960094E-007  1.124142042923062E-009
          66  2.187637306069518E-005  1.060940601965222E-007
          69  3.591284162695460E-005  1.733166569548497E-007
          70  6.373822430593463E-005  3.060116478627645E-007
          72  1.652797096459433E-019  7.654412208914916E-022
          78  2.221843195844396E-011  1.026606356684422E-013
          80  4.268491599882005E-006  2.055263638831476E-008
          87  2.814673884330996E-009  1.307264779274501E-011
          89  1.205306049998465E-010  5.731565716361604E-013
          98  1.613121702904980E-005  7.705633926512175E-008
         103  5.715422626811479E-013  2.635050426616198E-015
         109  4.884753912054056E-011  2.260488061230982E-013
          12
           5  4.791033013175251E-006  2.252752156375802E-008
          17  2.510557500051392E-013  1.183694955666196E-015
          28  5.971770484304983E-008  2.818327814102082E-010
          31  7.651096561401802E-013  3.538463004231461E-015
          44  1.668195510915767E-011  7.912888914320598E-014
          51  3.930703927819998E-011  1.819322546945154E-013
          69  8.387119866833453E-015  3.908463355278351E-017
          81  3.558668879138823E-007  1.651575748603498E-009
          98  9.282447783459015E-012  4.337843594426990E-014
         103  3.405424758551957E-010  1.576081795828427E-012
         107  1.530931776769041E-021  7.066922569958757E-024
         112  6.099576019618485E-019  2.815869052811608E-021
          10
          25  1.501361987852295E-007  7.053536091695068E-010
          26  2.439936320900698E-016  1.123557628721391E-018
          66  9.687254878615220E-013  4.554677149730912E-015
          70  8.272601765198161E-013  3.857097274693198E-015
          78  8.507579618387883E-009  3.941429118204949E-011
          80  1.049267922870058E-009  4.972290469822376E-012
          87  2.303345300565017E-010  1.067867588277930E-012
          89  7.865776068779654E-014  3.686835153791565E-016
         100  7.914131215832357E-017  3.655810523867219E-019
         109  4.456922774886195E-008  2.069927351232879E-010
          10
           7  2.419677129768196E-014  1.115718499498072E-016
           9  4.299730161326543E-020  1.981949244986763E-022
          37  1.649441733293197E-020  7.594026518828176E-023
          52  7.080104349608339E-029  3.257373857133023E-031
          53  3.589128462947335E-022  1.657464219204071E-024
          58  1.637163425893048E-011  7.620195439454842E-014
          62  3.936399849298493E-018  1.819407497685630E-020
          65  2.808231672974541E-016  1.294307957964601E-018
          86  5.191902368078475E-012  2.421934604711354E-014
         102  9.425834410287202E-028  4.339574503603364E-030
          13
           3  1.407358921898824E-019  6.491202532877168E-022
           4  1.094562482172662E-021  5.045739207768984E-024
          25  1.818263021347525E-011  8.447179820838537E-014
          26  4.837285502936202E-012  2.224594761427248E-014
          33  5.386495505076142E-010  2.480685633111846E-012
          39  1.646988246537144E-011  7.586945649511279E-014
          56  5.621045770358709E-019  2.595412059795861E-021
          64  7.885052304044303E-014  3.628261833990288E-016
          68  3.097723300268227E-007  1.448626529819143E-009
          79  7.590019466687654E-012  3.563535263916069E-014
          89  3.127414582889643E-028  1.439880603040329E-030
          96  2.508271317741505E-013  1.156234991487664E-015
         100  1.772632289691249E-008  8.207990497591839E-011
          10
           5  6.434621411927728E-008  3.002976651739706E-010
          28  2.466536595480604E-015  1.137383685304405E-017
          31  2.557470621592744E-010  1.180128253824266E-012
          40  9.602432423723216E-018  4.417123443539132E-020
          44  1.425339488590547E-017  6.593499977923647E-020
          51  1.083508354241002E-011  4.998892531548084E-014
          81  1.113843662616007E-007  5.146657112083766E-010
         103  4.660032021574195E-021  2.138699269410936E-023
         107  1.429422613669167E-011  6.593952620837234E-014
         112  1.359050225023235E-011  6.261744886816249E-014
           8
           5  1.257194952679079E-012  5.821467137891737E-015
          11  2.491158740526760E-017  1.149497310629052E-019
          31  6.757553372428113E-012  3.122673634779584E-014
          40  8.438433326945362E-019  3.889549097626699E-021
          51  1.611048576309337E-021  7.441283502942240E-024
          81  1.032503285641964E-010  4.762385407366599E-013
         107  8.183217646602000E-009  3.790099379067148E-011
         112  5.695811525137038E-011  2.629553721859808E-013
          20
          17  5.925459500817019E-008  2.886536958703588E-010
          21  1.808435754677864E-005  8.956468424450120E-008
          22  8.567304105532830E-008  4.221034358629544E-010
          25  9.661286547619575E-011  4.513550649119930E-013
          28  4.148560780093561E-009  1.956751391035728E-011
          29  1.654472479573249E-004  8.133834575432961E-007
          35  7.562689781376608E-021  3.498879948755332E-023
          44  3.091222051329604E-022  1.424909930452755E-024
          61  5.372460067722452E-005  2.657579922151518E-007
          66  2.817325599655145E-004  1.374814433854495E-006
          69  3.107254189278999E-005  1.504641243388386E-007
          70  8.865181269119638E-005  4.269621455090981E-007
          72  2.207385248841601E-010  1.072341437760364E-012
          78  4.247937114511015E-015  1.959025532358786E-017
          79  6.883154343841670E-013  3.229778469294467E-015
          80  1.272338944749414E-004  6.173896785918579E-007
          87  6.250770291052292E-013  2.893560968317749E-015
          89  4.335796365102238E-006  2.111529680112412E-008
          98  2.044731005451922E-006  9.770136342282212E-009
         109  1.773746061202147E-013  8.197738595215696E-016
          21
           1  2.010081294614450E-011  9.544251800410250E-014
           2  1.095197748489794E-009  5.262740315606955E-012
           5  3.655931209214282E-013  1.702397705260900E-015
          17  5.876388563660466E-004  2.930195713914804E-006
          21  2.199135377270565E-005  1.096391534858186E-007
          22  2.518135086832442E-004  1.268750874545969E-006
          28  5.022367575083546E-009  2.381408774282995E-011
          29  5.305460853693166E-007  2.598543102087713E-009
          35  4.935007697115766E-012  2.392541604079526E-014
          36  3.858717908956571E-017  1.813331613552933E-019
          42  2.600372981813843E-012  1.251429448876820E-014
          44  3.031387355415525E-004  1.503515863443874E-006
          61  6.579717652678307E-006  3.264497063747671E-008
          66  7.226108970574935E-011  3.448790543575427E-013
          69  1.333897865226622E-008  6.407956406762362E-011
          70  1.469886897464215E-012  6.901164559997200E-015
          72  4.139621351743945E-004  2.089961222300344E-006
          80  5.459757943047741E-018  2.534741828962502E-020
          97  1.400850897290704E-006  7.030319822440507E-009
          98  6.554004466325174E-010  3.106860572903145E-012
         111  8.832951971619769E-007  4.358294740726584E-009
          15
          10  4.142278825104379E-018  1.918455753028216E-020
          13  1.711178330799973E-008  7.944361005180650E-011
          16  1.746945588092028E-026  8.092117617953987E-029
          30  1.192978379570303E-011  5.542755565940893E-014
          47  4.429367688697316E-012  2.054641212794410E-014
          48  1.096663640741718E-021  5.065364864764085E-024
          49  3.320086475949916E-010  1.561698576274843E-012
          59  2.121810106009946E-008  9.957587481596233E-011
          73  3.507318819737305E-013  1.624580996320448E-015
          83  1.203429897362853E-025  5.567117466151032E-028
          91  8.114924900328933E-010  3.752230581146593E-012
          92  1.235477472289691E-012  5.725261885416742E-015
         105  5.658061469633601E-011  2.662293101323154E-013
         106  8.009094421013595E-011  3.772077683131966E-013
         114  3.801792808898021E-011  1.787014943340022E-013
          20
          15  9.392950369513331E-009  4.445043842698818E-011
          27  2.334772224796079E-004  1.165747847273065E-006
          32  9.733663616533110E-008  4.700247394415459E-010
          34  3.776038464197041E-004  1.890330730983751E-006
          35  1.483936029978999E-008  7.370013191349545E-011
          36  3.839773218886252E-006  1.928338185896119E-008
          41  6.778959940422697E-005  3.300261167040643E-007
          42  9.442257111857787E-011  4.591044101774903E-013
          52  9.593479144632981E-005  4.675594763691589E-007
          53  4.048437625165268E-005  1.967537450419769E-007
          58  8.359217842222803E-009  3.960982548298776E-011
          62  8.328844720451586E-006  4.038944549421719E-008
          63  2.354983819901371E-011  1.134609467503028E-013
          76  9.376195262417365E-005  4.630284240996337E-007
          86  4.319581710649776E-007  2.068163623074280E-009
          93  6.252903150599156E-020  2.891781244288239E-022
          97  1.311399362147458E-015  6.212676454986957E-018
          99  7.914272143345129E-005  3.965369786787021E-007
         101  2.062007150822395E-010  9.898237395184017E-013
         115  2.075253883932706E-004  1.043144708401274E-006
           2
          38  9.236035153886684E-018  4.268962733692169E-020
          96  6.021423213301650E-028  2.783424289247627E-030
          28
           1  6.584905851186100E-010  3.157584016838370E-012
           2  1.175932529956113E-007  5.724710185101629E-010
          17  3.713575205184274E-009  1.810767107204107E-011
          21  7.977363102704099E-010  3.894637669154489E-012
          22  1.363366299039868E-006  6.822606827608643E-009
          27  1.743821941764433E-009  8.511414275277406E-012
          29  2.593950841679137E-026  1.200336229349463E-028
          32  6.806341976798655E-013  3.213231828883286E-015
          34  5.793769457803543E-008  2.858933956297812E-010
          35  1.506672556635173E-005  7.638264482109436E-008
          36  2.781704326474523E-004  1.414096047428324E-006
          42  4.305501891128982E-004  2.178334057450371E-006
          44  3.680300217353965E-009  1.787422193294978E-011
          49  6.412031299149668E-018  2.965905967185032E-020
          52  2.191337181686824E-019  1.012997078679891E-021
          61  9.442955448649395E-012  4.538209430149659E-014
          62  6.355927398553321E-027  2.938167879096323E-029
          63  3.021363847347997E-015  1.425305211490811E-017
          72  1.635791358098281E-005  8.244325341655599E-008
          76  2.347150558132799E-017  1.093636623902951E-019
          97  1.384584949395503E-003  7.067205900726755E-006
          99  1.461613644100704E-005  7.319977537597212E-008
         101  1.906635336427913E-007  9.321686111579560E-010
         105  8.298924554450276E-016  3.862095502361267E-018
         106  2.114601384272340E-015  9.854209411951956E-018
         111  1.364785983546333E-005  6.796225099427385E-008
         114  2.155783965558124E-018  9.994167681810541E-021
         115  2.474164020524756E-006  1.238612445471071E-008
          15
           9  1.605700389383957E-012  7.439017602313393E-015
          12  1.364697862726462E-010  6.320670224239982E-013
          13  1.603140956774049E-015  7.402559661046325E-018
          19  4.750754021828093E-011  2.199920199389916E-013
          32  1.229855479953782E-022  5.689363657780252E-025
          49  3.406683930920190E-021  1.572091219513059E-023
          55  1.301069575993217E-012  6.011687944142108E-015
          59  2.226346730275944E-015  1.029377076540418E-017
          65  3.443617211171120E-017  1.591523051431037E-019
          71  1.045861525182941E-009  4.847683811391566E-012
          73  9.840447510616005E-029  4.548438497657585E-031
          91  6.446662102290607E-010  2.974464802475650E-012
         104  1.043422054623813E-008  4.873293184647549E-011
         105  2.351557695617195E-013  1.096840806145145E-015
         110  2.985673698950020E-008  1.386255377970315E-010
          24
           9  6.332815163915378E-009  2.948054010481736E-011
          12  2.721542696775372E-012  1.259005451162232E-014
          19  2.629523741759036E-011  1.217181161718149E-013
          32  2.453601177395378E-006  1.181552443907348E-008
          36  3.474899112818153E-020  1.613716863374168E-022
          42  1.280560198430919E-013  6.080359133185865E-016
          49  4.018787682622313E-010  1.887300769005886E-012
          52  1.210826561871716E-014  5.635159583221637E-017
          55  2.054936297407471E-013  9.485957795415898E-016
          58  1.687128126456344E-010  7.899790957599710E-013
          59  6.813651307116867E-011  3.174192398513479E-013
          62  3.443609857578935E-010  1.629082315591232E-012
          65  4.549081485900720E-012  2.104890391522969E-014
          71  1.320071779635668E-009  6.119836539263549E-012
          86  1.555119684021464E-013  7.242655455756942E-016
          91  3.979842120827709E-013  1.831373842161831E-015
          99  1.597175178717868E-016  7.462752303755615E-019
         101  1.031785762868093E-006  5.006647230732179E-009
         104  2.132526274179976E-006  1.001134606875846E-008
         105  2.325390339097368E-007  1.106307717787887E-009
         106  1.134487882091610E-010  5.335784027424708E-013
         110  3.559195715704507E-009  1.651869901092726E-011
         114  1.322546434347873E-014  6.148613084587773E-017
         115  7.380171829887933E-020  3.428626067588813E-022
          26
           2  2.210018217427444E-025  1.020074570635479E-027
           9  7.029704966054038E-012  3.263811291582114E-014
          12  6.334695045540410E-017  2.930867288486983E-019
          13  2.341440196398484E-016  1.081527875416759E-018
          19  1.321153295454154E-015  6.112723881564337E-018
          32  1.082490883121829E-006  5.216962531365996E-009
          36  3.841414634155087E-015  1.819050787421368E-017
          42  4.190505822163923E-010  2.035505448890642E-012
          49  2.589438474315083E-007  1.230325383737549E-009
          52  3.615467764417139E-019  1.670976828882714E-021
          55  2.384308043960404E-022  1.101075615969791E-024
          58  3.433784457143993E-014  1.595602169233629E-016
          59  4.768951799993343E-008  2.242800511320934E-010
          62  2.863466570779278E-012  1.346925085788850E-014
          65  7.941487547040170E-020  3.670399353311331E-022
          71  3.921116372961035E-012  1.816791224562113E-014
          86  6.736526773029388E-021  3.117918784371690E-023
          91  9.862581485958484E-012  4.551899646449708E-014
          99  1.005957428127726E-014  4.745359673546974E-017
         101  8.617563230675627E-006  4.206136926355538E-008
         104  2.245026831489614E-007  1.054106572310854E-009
         105  9.537601965210165E-006  4.572392145686170E-008
         106  1.417408609765909E-007  6.754886848209204E-010
         110  2.668254125054808E-010  1.239074629587476E-012
         114  2.052340394741217E-009  9.706495840252502E-012
         115  3.836924789594422E-018  1.791837281211049E-020
          23
          15  2.129980305727427E-020  9.812546495353195E-023
          21  6.460187716572038E-023  2.978077886071089E-025
          22  4.445092907777508E-013  2.125963314130969E-015
          27  2.417599138361989E-004  1.207702110682014E-006
          32  4.263856731845685E-009  2.046247862575986E-011
          34  5.689311178693576E-004  2.854224142214141E-006
          35  1.174612119009409E-004  5.954425678958738E-007
          36  6.511572974257178E-004  3.306101745494607E-006
          41  3.666328675228073E-008  1.762008397132184E-010
          42  3.462977150460426E-006  1.730045727348298E-008
          52  3.100528925172065E-007  1.497237202590558E-009
          53  8.506431515110031E-009  4.074316482006559E-011
          58  7.550834319572226E-018  3.489150326846482E-020
          62  8.169148888184046E-009  3.914318638140263E-011
          63  7.864071565400415E-008  3.867206962588682E-010
          72  1.305391555047295E-011  6.314470267083769E-014
          76  6.660699251893222E-006  3.273703071290638E-008
          86  3.848063467735876E-013  1.799560497631757E-015
          97  1.213048128689703E-006  6.088921529398797E-009
          99  8.194748786424746E-004  4.130339909665928E-006
         101  1.919858803198860E-008  9.315918870664864E-011
         111  1.395627445360673E-015  6.550815755233610E-018
         115  8.269788700579316E-004  4.173900463028399E-006
          18
           5  5.060139620826492E-012  2.357772321084291E-014
          17  5.607118787957788E-005  2.775952982751535E-007
          21  9.071763711085662E-005  4.519098364749342E-007
          22  1.097285483822731E-005  5.473573442147794E-008
          28  6.293867792344703E-006  3.008763899651920E-008
          29  2.365530336658675E-004  1.166937986650883E-006
          35  2.382978921057777E-022  1.101799647493114E-024
          44  2.749025149675291E-008  1.333904382134594E-010
          61  1.277206061775679E-004  6.345314361313796E-007
          66  2.530672107943074E-005  1.234259640245228E-007
          69  1.295734028857484E-004  6.306125339911287E-007
          70  1.696082087425931E-005  8.170341515239010E-008
          72  8.174171081931540E-007  4.062735329424509E-009
          80  6.095059335754770E-007  2.940762152881396E-009
          89  4.675091939717538E-010  2.239797036673231E-012
          97  7.901523033603435E-018  3.696434841414479E-020
          98  3.146215410487550E-005  1.512767537064863E-007
         103  1.028243105528178E-014  4.749668287562441E-017
          14
           5  6.348775988310759E-028  2.929905237030036E-030
          23  8.631118886585984E-022  3.988562925727488E-024
          28  4.892233396273591E-010  2.293583314086472E-012
          29  1.292236574227353E-017  6.007926773965895E-020
          60  4.088296088102083E-010  1.888176978631394E-012
          66  9.130216883347534E-015  4.265067939059884E-017
          69  3.663268321541763E-010  1.734951604733083E-012
          70  2.959482873925422E-010  1.391790677303398E-012
          78  5.081593160623062E-015  2.343583368773118E-017
          80  6.294037859207576E-020  2.910603311596247E-022
          87  1.850703896188420E-010  8.579975091590355E-013
          98  8.880520486213690E-009  4.194696082214860E-011
         103  1.611238900428990E-009  7.463502472580638E-012
         109  1.296646170890406E-016  5.982537132392305E-019
           7
           6  2.533209403318215E-020  1.170371615961550E-022
          10  5.666056708259641E-013  2.615327784254840E-015
          30  2.514210263022114E-016  1.158992407269334E-018
          47  2.552467538372741E-014  1.178708797647742E-016
          57  7.401213594451273E-020  3.412641667679700E-022
          83  1.753561766875568E-013  8.096663721269570E-016
          92  1.755643346195102E-015  8.102618774361658E-018
           9
           1  1.228408543622278E-010  5.810892282903840E-013
           2  7.058665234484229E-013  3.315312241803404E-015
           6  1.046716615276682E-008  4.883673761127647E-011
          11  6.190229245743799E-008  2.876347013328366E-010
          44  8.248625995357762E-014  3.871946454972316E-016
          57  3.221560465210626E-009  1.501487623566414E-011
          83  1.690222708961859E-016  7.790816885406767E-019
         107  1.915642551598118E-009  8.881671758270709E-012
         111  8.911815858292358E-017  4.154616398874249E-019
          18
           7  9.820193288558752E-011  4.555707945436106E-013
          15  6.188864873177329E-006  2.936714289730656E-008
          27  1.738702299081438E-009  8.412068292045366E-012
          32  6.993679170366734E-024  3.236763091869097E-026
          34  4.333246048918829E-010  2.094952076344300E-012
          37  7.199063277810834E-013  3.329768702662462E-015
          41  1.256529497566186E-005  6.063897630189588E-008
          52  3.166843822733544E-007  1.521488975371860E-009
          53  8.406977938492148E-006  4.051813070342929E-008
          58  1.649265071831056E-010  7.738194098576103E-013
          62  6.379115304726475E-009  3.039493010212600E-011
          74  3.043439124349080E-016  1.407365418580049E-018
          76  1.944699259491686E-007  9.434143263360490E-010
          86  5.653472139451744E-008  2.683770707719509E-010
          93  4.657920441105716E-011  2.172445288022868E-013
          95  2.898516074156661E-010  1.347657909681218E-012
          99  2.794809008825201E-016  1.309046790876009E-018
         115  9.347013826431867E-013  4.470652407355305E-015
          20
           1  2.239902459848535E-008  1.077510343943949E-010
           2  2.618167835410669E-007  1.270481878899639E-009
          30  8.458395868715601E-014  3.920334650621943E-016
          32  7.404009758130574E-008  3.565064281225926E-010
          34  1.177992746402501E-023  5.446125168178311E-026
          36  2.334220450815005E-008  1.154610312486792E-010
          42  2.203802962105973E-005  1.100840600293451E-007
          49  1.571312990699894E-005  7.537861257550253E-008
          59  2.954387111170579E-007  1.396339705264999E-009
          62  4.558509922915218E-017  2.118050097535749E-019
          91  6.117386197760986E-028  2.815281957422315E-030
          97  2.011715407433412E-008  9.960180427900114E-011
          99  1.239643389332881E-009  6.038066509633362E-012
         101  1.003687594057284E-004  4.941388917846357E-007
         104  2.718065416253744E-014  1.261249230781487E-016
         105  4.552197598227723E-005  2.192477786174647E-007
         106  2.140078641542416E-005  1.030639325774053E-007
         111  7.890147236902494E-008  3.860635114132733E-010
         114  3.716630853146725E-006  1.782522915713874E-008
         115  1.588929517760827E-011  7.667501478387685E-014
           5
          20  5.517917893784003E-015  2.540000023871727E-017
          24  3.543446833524808E-015  1.631239927900148E-017
          67  2.394142485902816E-019  1.105490709134500E-021
          74  5.274079329183558E-018  2.429308383831276E-020
          93  3.998256674967566E-014  1.845422938834814E-016
           9
           1  8.597269600550916E-009  4.111151597384382E-011
           2  3.979195041221806E-010  1.898294215621845E-012
           6  1.316102960361179E-008  6.159872903929223E-011
          11  2.116857413508339E-008  9.859780069661717E-011
          44  2.949121235892177E-010  1.412142051230846E-012
          57  6.792219352198329E-009  3.176424956901762E-011
          83  4.161730564597651E-016  1.923271232831199E-018
         107  8.708370963446449E-010  4.047699179440047E-012
         111  7.948273045103620E-012  3.793698894662240E-014
          27
           9  2.674660796957269E-009  1.244396301346458E-011
          12  4.364680258705300E-018  2.014474013831645E-020
          19  1.435453790991712E-014  6.629822243433953E-017
          27  6.457612707405964E-021  2.981130086424510E-023
          32  9.515500760731496E-005  4.615749665313373E-007
          34  3.473251300634090E-013  1.646661818991894E-015
          36  4.838395297046655E-010  2.360415608680761E-012
          41  2.169862848949507E-015  1.008494351845053E-017
          42  2.316815816800818E-009  1.129271251681092E-011
          49  1.389132584636397E-011  6.494833207326683E-014
          52  2.541879235508462E-008  1.214433538947730E-010
          53  1.439753285271025E-012  6.754325970149896E-015
          55  1.801182476579781E-018  8.299977026598094E-021
          58  1.343232163983658E-007  6.348071080687231E-010
          59  1.711752169588024E-014  7.911719970781085E-017
          62  1.062264887540591E-006  5.100910079871173E-009
          65  1.215689680359482E-012  5.621287879059940E-015
          71  4.468940343986558E-012  2.066469272767960E-014
          86  1.211415982181244E-008  5.729740002301980E-011
          99  7.882586380350767E-009  3.841981333904237E-011
         101  2.125297102998217E-005  1.037525538391578E-007
         104  3.633585165689952E-007  1.704452065898911E-009
         105  4.814442243913134E-008  2.286649193528905E-010
         106  5.689417233578847E-012  2.664499897445166E-014
         110  8.862541178938655E-013  4.097425312396244E-015
         114  7.528278706730660E-018  3.480712739249057E-020
         115  2.062918329676795E-009  1.004969701125026E-011
           9
           5  5.215073206288002E-011  2.422434038719180E-013
          23  3.491529234152649E-023  1.611838605579542E-025
          28  4.493027755446353E-011  2.096716836108817E-013
          51  8.235928352523980E-014  3.806121262518965E-016
          60  3.997770272983020E-023  1.842257174261113E-025
          69  1.412720795320872E-024  6.528774161041960E-027
          81  1.966760062668073E-013  9.050405836061050E-016
          98  4.475296808584720E-014  2.077354686118926E-016
         103  2.774254927466691E-008  1.285141100018191E-010
           2
          10  5.584172085468361E-019  2.580699884080554E-021
          47  2.991559057848569E-029  1.383060906782347E-031
          19
           1  7.279316154857663E-010  3.473343242060328E-012
           2  3.350298433155200E-009  1.609664110093051E-011
           5  1.955534315832618E-009  9.167144576138135E-012
          17  3.293418028688290E-005  1.628481104940234E-007
          21  1.347307385003746E-008  6.584898085580188E-011
          22  1.142928009662439E-006  5.679261952932608E-009
          28  4.036167438589489E-009  1.907210750103727E-011
          29  1.203058498811818E-010  5.763746586497437E-013
          42  2.587404449551107E-022  1.197199502834605E-024
          44  3.595142373202768E-004  1.773683707539475E-006
          61  1.940018692519887E-009  9.405322694165437E-012
          66  2.090301386881736E-023  9.670680419489155E-026
          69  2.038375955180477E-011  9.640423362486599E-014
          70  2.891870061701935E-027  1.332603169922957E-029
          72  5.134969335899651E-006  2.562474296534645E-008
          81  1.502244916194277E-015  6.924555140108484E-018
          97  1.763744688156142E-009  8.667693673770934E-012
          98  5.652195360870574E-012  2.649952790742024E-014
         111  2.942561659529465E-007  1.444204171614727E-009
          27
           1  2.386925408815522E-009  1.145894180258821E-011
           2  2.783458131096251E-007  1.354636296643267E-009
          17  9.912705546038872E-011  4.776862693279668E-013
          21  5.423054429481857E-012  2.602798369964224E-014
          22  1.186470051034620E-007  5.891614340514959E-010
          27  1.323537777066419E-009  6.442549272373756E-012
          32  7.940636003962898E-011  3.780416893226841E-013
          34  6.594190718031037E-008  3.249728604775148E-010
          35  3.798035673639564E-006  1.917269103651841E-008
          36  3.480446360839541E-004  1.768041518335385E-006
          42  8.198942325321345E-004  4.145451738154622E-006
          44  4.429370101760093E-010  2.135876135289756E-012
          49  9.442720598507545E-014  4.401916143650300E-016
          52  3.562122734567564E-016  1.655091223130460E-018
          61  4.671690466361100E-015  2.198432806567757E-017
          62  3.158054755817137E-018  1.463479244803237E-020
          63  2.204598719789694E-019  1.024049975137025E-021
          72  2.993796244279779E-006  1.500012086398191E-008
          76  1.061306187280180E-017  4.934366574497250E-020
          97  1.030404350846490E-003  5.248378084785377E-006
          99  2.400479205782178E-005  1.202931189923434E-007
         101  1.809617642649247E-006  8.877389696168738E-009
         105  2.075646799864652E-012  9.746967766490466E-015
         106  1.976761437830812E-012  9.287629760612991E-015
         111  1.572683617026386E-005  7.822833471555911E-008
         114  2.608768741312907E-014  1.217302119926052E-016
         115  4.025077017928787E-006  2.012408936941375E-008
          12
           5  7.121074926550392E-007  3.342197778890563E-009
          17  1.175358378196958E-017  5.452057836110952E-020
          28  5.236189602801620E-007  2.476959901833416E-009
          29  8.058420007295919E-021  3.728693994656327E-023
          31  6.697868431005841E-022  3.095995043617320E-024
          44  1.747152128878545E-025  8.055373255510349E-028
          51  1.220119479651151E-011  5.646305573366563E-014
          69  4.284967243176020E-011  2.020859036150994E-013
          70  1.028941924384583E-017  4.748382504881537E-020
          81  8.560073965117991E-009  3.963491136381144E-011
          98  5.919937692551477E-009  2.793467971789504E-011
         103  1.937448523669538E-007  8.999069995879757E-010
           5
          20  1.951330635869012E-015  9.018360464275213E-018
          24  1.648983707208888E-014  7.621776736429221E-017
          67  8.049833819769290E-029  3.731195796584286E-031
          74  7.400731584191550E-017  3.422548854583348E-019
          93  3.087126135487203E-015  1.429024396958250E-017
           0
          19
           5  2.098227920313833E-011  9.806816097802330E-014
          17  2.360368700753696E-004  1.173492318367422E-006
          21  1.590230286912607E-004  7.941136624285753E-007
          22  5.730492474433324E-005  2.875709880018430E-007
          28  4.189771758342539E-006  2.004548157753399E-008
          29  1.587508041614715E-004  7.842376950173343E-007
          35  1.666325941310866E-016  7.850034891112989E-019
          44  9.240844604128013E-007  4.525074220555105E-009
          61  1.599676857712970E-004  7.973657502146399E-007
          66  6.189069835387227E-006  3.018241055048166E-008
          69  5.229864355319007E-005  2.545217418167043E-007
          70  2.790092005842590E-006  1.342078074243733E-008
          72  1.004434967046932E-005  5.028851296591372E-008
          80  5.952507208763068E-008  2.865915495932774E-010
          89  4.985507616924334E-011  2.379495643959373E-013
          97  1.582272063182553E-012  7.620844242590926E-015
          98  1.056863193436503E-005  5.083416651502536E-008
         103  4.941559272228674E-017  2.282455209813287E-019
         111  8.696975091602027E-017  4.068216243325958E-019
           3
          11  3.212658647443247E-021  1.488206419094043E-023
         107  5.060882381231123E-013  2.345854141278781E-015
         112  1.431140391166741E-022  6.629021230878804E-025
          19
           9  4.476315818254212E-008  2.090423018520576E-010
          12  4.917740903692530E-019  2.277057809123921E-021
          19  1.509204821571233E-013  6.992406070952066E-016
          32  2.082531641311529E-007  1.000673952811779E-009
          34  1.325958166012946E-027  6.133131626653825E-030
          41  2.276118621917012E-011  1.074216358505507E-013
          52  5.686990865808144E-008  2.722787971479610E-010
          53  1.904201825176695E-009  9.051067511382312E-012
          55  1.646127664835504E-014  7.614102953619934E-017
          58  7.992680995029633E-006  3.798957448138702E-008
          62  1.390842756599056E-006  6.681118516634670E-009
          65  7.421456205205800E-009  3.452531934781090E-011
          71  4.551464853602352E-013  2.108113010596732E-015
          86  2.181891913599281E-006  1.039964335557036E-008
          99  2.671480988263767E-019  1.240914936861382E-021
         101  3.064426959754342E-014  1.439557271696616E-016
         104  1.592534189456987E-009  7.442716814527437E-012
         110  3.621917244905383E-027  1.675833067646216E-029
         115  1.086346925637903E-017  5.085194053710157E-020
          24
           1  3.244775077097716E-011  1.541786698116350E-013
           2  2.244444251765968E-009  1.078309961672240E-011
          30  1.660965999014780E-024  7.673368415527206E-027
          32  3.501537701924238E-006  1.699342659614928E-008
          34  1.154184525180941E-014  5.454051269746726E-017
          36  1.444849235096510E-007  7.186354921007968E-010
          42  1.832332474808992E-005  9.163208722456807E-008
          49  2.493467444000655E-006  1.193283435074477E-008
          52  8.725243998244692E-014  4.089729736689034E-016
          58  1.247247471127589E-016  5.784572371971384E-019
          59  3.346568614739154E-008  1.578311222713448E-010
          62  4.184990533197661E-011  1.983350853511356E-013
          86  2.110919208832438E-021  9.780985138350566E-024
          91  1.538901561094337E-027  7.088558787948067E-030
          97  4.135376117082642E-009  2.039857879606639E-011
          99  4.031329126616174E-008  1.983378481923548E-010
         101  2.924823961539830E-004  1.441943002864512E-006
         104  6.209148223457465E-011  2.902518238078661E-013
         105  2.589175021235765E-005  1.247778858768952E-007
         106  2.914248866436690E-006  1.399758861989129E-008
         110  1.047556031366556E-024  4.846794815393291E-027
         111  1.083790385355837E-009  5.258361015445251E-012
         114  1.744366018713246E-007  8.336204473180037E-010
         115  2.326429375602823E-009  1.138040855952476E-011
           1
          11  9.312461501565167E-023  4.306338214002695E-025
           4
          60  1.616191818008060E-020  7.460929998073991E-023
          78  1.409790757131495E-010  6.522237157605437E-013
          87  1.067105689425941E-010  4.946769872858785E-013
         109  5.816473862280194E-011  2.693366197843583E-013
           5
          10  2.199210501609236E-014  1.013310626995359E-016
          30  1.262631705502534E-024  5.807826899500660E-027
          47  8.577688260503477E-016  3.953795936587151E-018
          83  2.786884042852717E-021  1.282480941945824E-023
          92  6.897218920395700E-016  3.177915504407642E-018
           6
           5  3.744763986275469E-023  1.729984565761311E-025
          31  1.167984404768189E-012  5.408176181966826E-015
          40  4.543470662521348E-016  2.099304310284647E-018
          51  7.467178622678091E-014  3.457661083465815E-016
          81  1.291234059532495E-013  5.953408201549271E-016
         112  2.743146807908520E-015  1.268696387341727E-017
          17
           9  5.426229410297975E-016  2.503479221023211E-018
          12  1.482496032395540E-014  6.843190743502479E-017
          13  2.902267151679874E-010  1.340851347235964E-012
          19  2.389398029813732E-015  1.102516828582331E-017
          32  2.169656458495663E-013  1.014639169732190E-015
          49  9.975401129366300E-009  4.698269395722692E-011
          55  3.518617877182618E-021  1.621120467724189E-023
          59  4.988967204564116E-008  2.336099789132269E-010
          71  4.847137182184341E-012  2.238431675833860E-014
          73  7.634668276545869E-019  3.520776252047299E-021
          91  2.304330948297920E-008  1.062958417931662E-010
         101  5.937404869830125E-011  2.820348840167875E-013
         104  1.012915859469845E-008  4.724178814862862E-011
         105  2.329046292479772E-007  1.105424684820516E-009
         106  2.536223022138247E-009  1.196679882090444E-011
         110  5.304712341102058E-009  2.458021510397612E-011
         114  3.034926687972919E-011  1.421291819501916E-013
           6
           1  4.064680055452254E-022  1.878070371349470E-024
           6  5.868352925821900E-012  2.723957448869358E-014
          11  1.615667477274935E-008  7.504583504305785E-011
          57  1.383456325070686E-013  6.400638008100776E-016
         107  1.653024421638095E-008  7.671709785978089E-011
         112  4.031603254251785E-023  1.862963998492940E-025
           3
          11  2.312532051398389E-012  1.068885185718648E-014
         107  1.268211304081407E-010  5.865149342862018E-013
         112  4.771300236549685E-023  2.202463872461689E-025
           7
          25  1.295954329573628E-014  6.005931829669832E-017
          70  2.201559916432967E-019  1.015704078234438E-021
          78  1.307534516730580E-008  6.060065032434538E-011
          80  3.918950737522416E-018  1.815707721776409E-020
          87  2.410881447348781E-009  1.119240335985583E-011
          94  1.103879554306140E-027  5.085060243556500E-030
         109  1.780895015301519E-008  8.268527490030732E-011
          15
           3  4.540173415983726E-009  2.154085099652932E-011
           8  3.075905085701984E-013  1.423593498168618E-015
          25  1.147957910251203E-021  5.297121435183475E-024
          33  1.126197263230377E-011  5.191055678489342E-014
          38  3.682643368789565E-019  1.698546746044559E-021
          39  4.655831618744651E-016  2.146316676873998E-018
          50  3.503216832525042E-012  1.619461532577113E-014
          56  2.212598364176506E-013  1.023176750793760E-015
          64  9.949236883725162E-008  4.621495131716033E-010
          67  1.308370280291637E-025  6.042956571826288E-028
          68  2.095359909898084E-007  9.807778045528380E-010
          79  2.560232706281635E-009  1.216618039756790E-011
          89  8.017862046148180E-029  3.695651599476274E-031
          96  1.529125360129867E-009  7.070284275224916E-012
         100  1.366732316150460E-012  6.317234432236146E-015
          18
          17  2.850621279701803E-014  1.339201914288095E-016
          21  1.940551597315308E-009  9.402342908626442E-012
          22  2.599504413415432E-016  1.218195376329053E-018
          25  1.126739848172957E-010  5.265011447900982E-013
          28  7.647219260554064E-010  3.593601276306601E-012
          29  1.594358193998828E-006  7.763286486754335E-009
          60  2.502633865061925E-022  1.154536508750946E-024
          61  2.839932784676197E-008  1.381888746762356E-010
          66  1.899074655666802E-005  9.219719975391999E-008
          69  4.328337425940342E-006  2.086066769294501E-008
          70  3.651723361996863E-005  1.752758978348447E-007
          78  2.532320288775054E-009  1.175116304180251E-011
          80  1.370249308531161E-005  6.617211482791877E-008
          87  2.590390234369234E-008  1.206629052100139E-010
          89  3.475039465404570E-009  1.666462736762470E-011
          98  9.636190574985125E-007  4.592250243527755E-009
         103  1.025244272783687E-021  4.721855086359261E-024
         109  6.680453659482261E-009  3.105566721687006E-011
           2
           7  5.622264273062786E-017  2.596027201540370E-019
          37  1.401006563416195E-020  6.460696686309531E-023
           7
           5  5.140287334390183E-025  2.373781589094317E-027
          11  1.282098029726734E-013  5.932127901626985E-016
          31  4.446676630942418E-015  2.057962635032521E-017
          40  1.363665332613005E-027  6.298411994441445E-030
          81  1.680844354552410E-015  7.741105904643423E-018
         107  1.216866712763376E-008  5.646609305312104E-011
         112  4.256582148038501E-012  1.968483812386449E-014
           9
          10  6.969752482546780E-011  3.209092416234334E-013
          13  4.245852474056168E-023  1.951239834739751E-025
          16  8.692332333997815E-017  4.000061345292762E-019
          30  1.060193407439370E-011  4.892039218727171E-014
          47  1.945921399314738E-010  8.973737996381589E-013
          57  2.814961220305258E-026  1.294019618282061E-028
          59  2.158259568012017E-024  9.912473449780486E-027
          83  7.456915999958397E-013  3.434778987700860E-015
          92  9.327243329002920E-011  4.295660785726464E-013
          19
           7  8.052599297770377E-022  3.728596284358450E-024
           9  7.616931378944816E-025  3.526431433941860E-027
          15  6.681125643187081E-009  3.153139638022665E-011
          27  1.328595846850811E-006  6.547549883565405E-009
          32  6.415514338070132E-007  3.101897589947311E-009
          34  4.111789670686352E-006  2.035939065467178E-008
          35  3.118971747282887E-020  1.451109407502224E-022
          36  2.743647583172284E-009  1.350980722622308E-011
          41  7.029219723436831E-005  3.412830290741116E-007
          42  2.196559882693816E-017  1.029589931716844E-019
          52  1.975072520061852E-004  9.616031029066332E-007
          53  1.071829332362833E-004  5.200551759002949E-007
          58  3.272743786504680E-006  1.559691136547948E-008
          62  7.222742881033072E-005  3.503961914466939E-007
          76  1.310349404146851E-006  6.399024531007614E-009
          86  2.718084683273548E-005  1.304760239224148E-007
          99  8.091834117083534E-007  4.005083506032881E-009
         101  2.058339975663478E-011  9.811366826878812E-014
         115  3.218161605583838E-006  1.601603499347820E-008
          18
           7  1.028793183496761E-010  4.757852345716933E-013
          15  8.528726909516445E-006  4.035018260056352E-008
          24  1.493275758384773E-027  6.878374954883358E-030
          27  1.967014873748277E-010  9.439559218279936E-013
          34  1.944047486111677E-011  9.298455112869958E-014
          37  1.815691321191011E-012  8.373432936113638E-015
          41  3.891207831626353E-006  1.868314326504326E-008
          52  2.651294665525411E-008  1.264122802234255E-010
          53  2.000359861794342E-006  9.586323399644545E-009
          58  1.164795335124863E-012  5.414370952496441E-015
          62  1.427176041208629E-010  6.738334746881416E-013
          74  1.723955364454437E-013  7.953565798644949E-016
          76  7.387942419193361E-008  3.564132871622949E-010
          86  3.269978328914162E-009  1.541508430916677E-011
          93  5.314593683520530E-010  2.478231491669309E-012
          95  2.635606996402589E-009  1.222934934872997E-011
          99  8.553141995807485E-024  3.937921882864152E-026
         115  1.262762391467451E-015  5.934262525892093E-018
          11
           1  1.594493004754244E-009  7.617795274878735E-012
           2  6.731954185308304E-011  3.204768870996293E-013
           5  3.570322171153382E-022  1.652987045546661E-024
           6  1.018818979216591E-009  4.765294258701515E-012
          11  7.646810485322173E-009  3.565122674411652E-011
          44  1.603226428710855E-009  7.714289447398825E-012
          57  3.891968963695570E-010  1.818076532280307E-012
          81  1.140975426495794E-028  5.266176533021837E-031
          83  7.042644487833712E-024  3.257303034726351E-026
         107  3.300087371649712E-009  1.536834363630579E-011
         111  2.778567031411430E-012  1.325703830018104E-014
          25
           9  1.249808994139049E-011  5.802787373772398E-014
          27  4.375745013741334E-010  2.113389468564880E-012
          32  2.395601986133299E-004  1.166233874997704E-006
          34  5.207288151970746E-008  2.549762611771483E-010
          35  1.035492602270312E-023  4.778621724533953E-026
          36  5.667799899141738E-007  2.821512421146561E-009
          41  1.721741740926750E-009  8.195824906281923E-012
          42  1.483888196011367E-007  7.320340742383359E-010
          49  1.094673598492802E-014  5.078528933944584E-017
          52  4.415036693954229E-006  2.133485417598215E-008
          53  1.590255031880593E-008  7.597395571671542E-011
          58  7.578975879583202E-007  3.597072798461317E-009
          59  5.382338347588376E-030  2.479460096455323E-032
          62  2.228617989081067E-005  1.077825333686468E-007
          65  4.234979723653657E-017  1.955620165697437E-019
          71  1.853818888234925E-020  8.552303288747500E-023
          76  2.109451522745725E-013  9.941131716183084E-016
          86  4.201570841076550E-007  2.001797432166975E-009
          97  3.930891723198104E-014  1.870363435419854E-016
          99  4.768124131723914E-006  2.364122350957125E-008
         101  4.429415957433147E-005  2.170779723843313E-007
         104  2.920115225543124E-009  1.366216686689744E-011
         105  1.215751963519749E-009  5.751974256484133E-012
         106  7.164030397993761E-015  3.332471155562846E-017
         115  2.727163031123312E-006  1.354804627407548E-008
           2
          23  7.545934521863884E-026  3.488023362479017E-028
          60  4.078035205152617E-024  1.881680447273695E-026
           0
          13
           3  2.293159779365246E-016  1.066587044235746E-018
           4  3.364829386348141E-022  1.558739395602967E-024
          25  9.223208594072518E-010  4.321839400774655E-012
          26  1.623379936646288E-011  7.504877733106035E-014
          33  2.022233154421750E-010  9.358818886965395E-013
          39  4.063298581303006E-012  1.881026188350295E-014
          56  1.072983872680842E-024  4.978527712639521E-027
          64  3.354967064435053E-014  1.550963496441137E-016
          68  6.167551898111753E-007  2.899832743575939E-009
          79  3.596662943826069E-010  1.707824896345532E-012
          89  2.844086006842542E-016  1.326525206352425E-018
          96  1.641848682228631E-014  7.603938552233621E-017
         100  3.837879549454416E-008  1.787352398811619E-010
           7
          15  1.326183883968535E-011  6.167514928477748E-014
          24  2.829540541854544E-010  1.305164333705972E-012
          54  9.899710336143416E-013  4.579301736515475E-015
          74  2.162495642677617E-009  9.991508683437826E-012
          93  3.613803598257522E-011  1.678420119212618E-013
          95  2.526614799013131E-009  1.171085028061332E-011
         113  4.029461972788110E-015  1.853285065346738E-017
          12
           3  8.997928159267795E-013  4.219659220863690E-015
          25  1.765741923834485E-008  8.291831491727584E-011
          26  7.820190072517569E-012  3.609398716008711E-014
          33  3.002142750530866E-011  1.386997338499142E-013
          39  1.600401310514786E-013  7.395461490568503E-016
          64  1.081345438230880E-013  4.992780388873415E-016
          68  1.232165198430380E-006  5.789202535872555E-009
          79  2.723624849628476E-008  1.302329900690816E-010
          80  6.506428493143858E-025  3.008742299859710E-027
          89  1.164861528134972E-011  5.516794479785910E-014
          96  1.143849286978465E-015  5.288080282203086E-018
         100  3.916983723065967E-008  1.821532871026010E-010
          19
           5  1.570186213445362E-011  7.327461019551831E-014
          17  1.386282445836827E-004  6.877052544732604E-007
          21  1.293126715500947E-004  6.450499875026997E-007
          22  3.012636814823435E-005  1.507992662703981E-007
          28  5.517972467815215E-006  2.640064128429545E-008
          29  1.942679183029067E-004  9.587871887163486E-007
          35  2.123457180344056E-018  9.913035644812457E-021
          44  2.520127917061603E-007  1.229276485298841E-009
          61  1.496686731564618E-004  7.443124368574632E-007
          66  1.152311806877195E-005  5.621167560372954E-008
          69  8.126900268344470E-005  3.952729014498887E-007
          70  6.261035665016821E-006  3.014309841894254E-008
          72  3.781264134427904E-006  1.888754652263351E-008
          80  1.627352832240251E-007  7.840150091487170E-010
          89  1.251277234917878E-010  5.980248677972959E-013
          97  3.140166546635695E-014  1.495408371963977E-016
          98  1.810425480911984E-005  8.705962675335220E-008
         103  9.516444884938429E-016  4.393572487006999E-018
         111  9.431037134523131E-022  4.364218084728006E-024
           6
           8  1.567073479153962E-015  7.249704754267147E-018
          20  1.278067969343107E-020  5.890970539234876E-023
          50  8.693417101217147E-017  4.012407062484970E-019
          67  5.027948323810668E-018  2.325464631102702E-020
          75  1.265220183128797E-014  5.825628327113322E-017
          85  6.288658426066439E-020  2.898783853687015E-022
          19
           3  1.646047504949392E-015  7.654447029102811E-018
          15  9.860377796804304E-006  4.675217816195602E-008
          24  5.523335124222143E-023  2.545455767385648E-025
          27  1.399365720411231E-007  6.836206237310132E-010
          34  4.280884284639086E-009  2.077413262229074E-011
          35  9.303891719929519E-029  4.286576516651239E-031
          41  2.801471533185516E-007  1.342052950823010E-009
          52  1.884986199269683E-011  8.879641922009552E-014
          53  1.483605858521555E-008  7.068443642831803E-011
          62  8.176387712679279E-021  3.776445522609414E-023
          63  2.860781718245340E-011  1.370622162446127E-013
          67  1.753620462454592E-008  8.256529306261360E-011
          74  1.161591567970905E-014  5.361614541957278E-017
          76  8.711001161343892E-006  4.251694891181947E-008
          86  1.439583560137103E-020  6.650286829873817E-023
          93  4.368879006591547E-006  2.059660753252816E-008
          95  2.774573883378294E-011  1.286355822543222E-013
          99  5.636074242052559E-018  2.619942209768292E-020
         115  2.485335293063148E-013  1.182983186141777E-015
           0
          24
           1  1.547795139588722E-009  7.380063953108137E-012
           2  7.804844428657508E-008  3.767415023918710E-010
          27  3.962707370476375E-015  1.856014872703077E-017
          32  1.762988022981553E-006  8.504510560571149E-009
          34  9.172672108305201E-011  4.412675247842694E-013
          35  3.230246979192568E-014  1.534419365033216E-016
          36  9.131149878888657E-006  4.571983434930003E-008
          42  2.622710365975710E-004  1.313095214887022E-006
          49  4.791169707016543E-007  2.278841428239020E-009
          52  1.363692213176381E-012  6.390688720345852E-015
          58  6.750502897639633E-020  3.106051281389346E-022
          59  6.842045167432112E-010  3.196409323507213E-012
          62  4.422895447156227E-011  2.086663167317550E-013
          72  1.595795478723778E-016  7.460709760999453E-019
          86  1.108776902202375E-023  5.106446079253225E-026
          97  1.580024217355716E-006  7.895425621159420E-009
          99  1.820500313758692E-006  9.008544124124412E-009
         101  3.528581959083718E-004  1.734953919024779E-006
         104  1.671732272021135E-015  7.712866736127601E-018
         105  4.330809861334043E-006  2.073566792048877E-008
         106  8.161366093609573E-007  3.901614335133320E-009
         111  1.799847070564752E-007  8.806661476352001E-010
         114  5.413091693716777E-008  2.571646818623615E-010
         115  1.863401693713628E-007  9.191481867037994E-010
           8
           1  7.655853632998373E-016  3.566927793938218E-018
           6  4.043152771757080E-008  1.891649449025520E-010
          11  2.548986407699182E-008  1.185950630816964E-010
          30  1.545306636984544E-021  7.135711308126340E-024
          57  1.103706836804045E-008  5.158029745173295E-011
          83  1.275371122898203E-011  5.912877987099538E-014
          90  8.433799846860916E-015  3.900841478713974E-017
         107  2.483209121230611E-015  1.149780374479868E-017
          19
           7  4.553654168048306E-012  2.109543275748842E-014
          15  1.805474763731272E-005  8.566288681620945E-008
          24  4.997451404491390E-022  2.307816225947242E-024
          27  2.164743442382686E-009  1.047515342332452E-011
          34  1.819339822445637E-010  8.775120701300943E-013
          37  3.489203809938052E-014  1.612269471218778E-016
          41  4.805768813952627E-006  2.312846125102303E-008
          52  1.806720399209751E-008  8.634205681715748E-011
          53  1.699188221431156E-006  8.164101734028098E-009
          58  1.804173370501071E-014  8.377381720173482E-017
          62  3.321775706387480E-011  1.567508653417937E-013
          67  1.463128258556462E-021  6.776120298408630E-024
          74  6.751295228050362E-013  3.123745274547739E-015
          76  4.337583734459056E-007  2.105673072804680E-009
          86  5.435866053418911E-010  2.562061624846704E-012
          93  1.150960259252398E-008  5.398382368472580E-011
          95  3.512831559574780E-009  1.634388903071438E-011
          99  4.263174702104715E-020  1.975233602600782E-022
         115  2.456462484605798E-014  1.164207958500758E-016
          10
          26  9.025949611802718E-019  4.159503665098468E-021
          33  2.703451816140834E-010  1.247866741417627E-012
          39  1.293689281944640E-011  5.974149090106222E-014
          46  1.594205602365427E-024  7.368083970669131E-027
          56  4.064510098574328E-014  1.881953751422849E-016
          64  2.400847017492366E-015  1.106676762943069E-017
          68  6.706233717507979E-010  3.127592508111756E-012
          82  5.309827697546384E-021  2.454298298864285E-023
          96  3.753316053524031E-012  1.735179844377747E-014
         100  9.871244349468929E-012  4.570111385063739E-014
          15
           9  2.904692265392784E-007  1.355632790738318E-009
          12  3.047971548313084E-010  1.413054529494336E-012
          19  5.310947411993744E-009  2.464974599736493E-011
          32  7.343327677005634E-011  3.474965391307396E-013
          52  2.337927532560387E-022  1.079542036527748E-024
          55  2.075663106789216E-009  9.611369715920295E-012
          58  1.675151043250647E-009  7.870461269533121E-012
          62  1.510735807207297E-012  7.094581644976126E-015
          65  7.127666548837965E-008  3.313793004548180E-010
          71  8.368237629273646E-009  3.885262855665806E-011
          86  2.629858928497689E-012  1.230082533123323E-014
         101  2.974703516423493E-029  1.375939204718194E-031
         102  2.957475228831894E-018  1.366364718061433E-020
         104  6.236074131192527E-008  2.919303362351775E-010
         110  2.265076471492072E-011  1.049793088423295E-013
          20
           1  5.051261300356441E-007  2.440256469391202E-009
           2  2.723761646437068E-006  1.326023960642785E-008
          13  9.421511761223536E-028  4.345429200530342E-030
          30  3.573517434277254E-011  1.661969268928832E-013
          32  1.035798289516423E-009  4.939885312382912E-012
          36  2.208355002043782E-009  1.084181984012179E-011
          42  1.312553344911366E-005  6.552375412461536E-008
          49  3.050340246566142E-005  1.461665544652900E-007
          57  1.431142702220619E-017  6.609085613069376E-020
          59  6.366938354758834E-007  3.008397204436475E-009
          83  8.847747907824884E-019  4.082623951723469E-021
          97  2.724167700412916E-008  1.347773603225843E-010
          99  1.888146600112294E-011  9.080069450006673E-014
         101  2.351554505847318E-005  1.152093486944908E-007
         104  1.964821467816249E-020  9.075347864314538E-023
         105  3.628002242848036E-005  1.745470808360621E-007
         106  4.651771936156745E-005  2.239427172585476E-007
         111  5.961010532063766E-007  2.928286117563560E-009
         114  1.542628319893073E-005  7.399052169211888E-008
         115  2.151532568010069E-014  1.019953523311114E-016
