         115
  0.199030384714118     
  0.200020296026990     
  0.200671005847962     
  0.198995312933530     
  0.199329620432144     
  0.199154211622823     
  0.199896250883155     
  0.199335241095421     
  0.199973862819735     
  0.199325039937036     
  0.199160544267718     
  0.199192778779255     
  0.199861530882513     
  0.199815817573206     
  0.201017072974949     
  0.198913636473240     
  0.200228397828076     
  0.199068031725223     
  0.199305760040648     
  0.198624782913161     
  0.198987106512427     
  0.200935046895483     
  0.199247013658198     
  0.199562667384671     
  0.199979797533386     
  0.200123808349621     
  0.198302960794271     
  0.199748441827379     
  0.199689500480370     
  0.200071813341213     
  0.199364233485935     
  0.199010757398653     
  0.200187095927334     
  0.199617107586057     
  0.200162687990889     
  0.200063356796367     
  0.199172155061849     
  0.198974590443464     
  0.199252759674687     
  0.200457725866970     
  0.199936599285960     
  0.200035514189156     
  0.199369054848311     
  0.199034781942670     
  0.199720802348446     
  0.199138680165986     
  0.199401546968451     
  0.200449679745719     
  0.199888413469275     
  0.198631359367874     
  0.199088454959155     
  0.200305927576399     
  0.199415150035738     
  0.198683152564498     
  0.199587101566454     
  0.199225366532853     
  0.199537175598416     
  0.200511152360907     
  0.198533378125023     
  0.199784288674732     
  0.198364228129548     
  0.200124915188678     
  0.199533134300016     
  0.199102924871925     
  0.198989996605513     
  0.199212328683895     
  0.199344837633101     
  0.198414902085117     
  0.198503334167975     
  0.200165676100411     
  0.200201580407454     
  0.199917613336645     
  0.199097217496851     
  0.200211445067514     
  0.199641125332541     
  0.199679447375913     
  0.200042984815923     
  0.199740254838297     
  0.199380056200199     
  0.199480992194129     
  0.199660162715475     
  0.199423066168312     
  0.201008001280301     
  0.199499069584116     
  0.199455810500114     
  0.199686554481620     
  0.198433886694956     
  0.199849884774686     
  0.201323194225436     
  0.199192046922591     
  0.199793003325497     
  0.199539580406194     
  0.199774752220072     
  0.200668109363867     
  0.200252384091125     
  0.198922507087281     
  0.199679428192879     
  0.199644739615410     
  0.199391740169458     
  0.198448666498664     
  0.198938635303626     
  0.200635932406649     
  0.199027707562608     
  0.198995525631806     
  0.201523188156194     
  0.199929443775062     
  0.199029929846023     
  0.199684327708454     
  0.200094733615661     
  0.199164537820306     
  0.199389567465749     
  0.199404364345056     
  0.199794537703800     
  0.199089276543666     
  0.199781864733593     
