         114
  0.198758933153756     
  0.197901730210767     
  0.199273633523058     
  0.199227428652725     
  0.199155710977503     
  0.199402253478873     
  0.199571006309989     
  0.199691312045147     
  0.198594085699232     
  0.198590828036234     
  0.199623067927061     
  0.200629252139892     
  0.199296627946491     
  0.199450594081983     
  0.199535775324220     
  0.200279904393063     
  0.199301408919287     
  0.199795875361712     
  0.199301899685090     
  0.198975623297607     
  0.199571957821778     
  0.200465792210480     
  0.200074519855258     
  0.199023811673619     
  0.199867239787713     
  0.198551508816302     
  0.199470103618758     
  0.199896007758131     
  0.199421393580323     
  0.199817471571596     
  0.199921022949228     
  0.199245300021666     
  0.199321893841963     
  0.199777553087070     
  0.199544482742621     
  0.199041993709910     
  0.199534985052687     
  0.200024100637902     
  0.199671256786190     
  0.200975633999109     
  0.200577462693004     
  0.199437223392462     
  0.200522133988268     
  0.199588319535193     
  0.199545539534494     
  0.199905556405629     
  0.199111563762002     
  0.199854182211903     
  0.198812007862118     
  0.199350981315013     
  0.199889838555264     
  0.199916989702811     
  0.199480872007896     
  0.198804606007645     
  0.198887975915565     
  0.198953364158744     
  0.198831226262566     
  0.198832845842009     
  0.199631508434846     
  0.199506196205563     
  0.199489017974696     
  0.200274652705803     
  0.199807117325053     
  0.199921496129223     
  0.199027283914012     
  0.199166576779792     
  0.199873728431313     
  0.199532841564549     
  0.200067090669977     
  0.199715589617486     
  0.200555415257269     
  0.199064629177099     
  0.198757939394336     
  0.198823803500449     
  0.199640794182333     
  0.199419388747291     
  0.199295975714848     
  0.199767745999444     
  0.199669776782661     
  0.198891169992876     
  0.198757146617344     
  0.197994841453437     
  0.200196225774713     
  0.198586532984829     
  0.200268464201336     
  0.197611917373885     
  0.198951860705091     
  0.199933692855047     
  0.200430390648383     
  0.200334451352351     
  0.201705480505508     
  0.199232714070729     
  0.200107742174507     
  0.199441424058711     
  0.200515700725445     
  0.199126976221957     
  0.200764692429241     
  0.198935129369873     
  0.199057100373334     
  0.200161375122747     
  0.199909205624091     
  0.198591872644850     
  0.198560383209518     
  0.200068779348039     
  0.200631572744791     
  0.199812204333952     
  0.199803577119991     
  0.199921766235071     
  0.200449540675502     
  0.198697467353126     
  0.199466594064277     
  0.200575909206311     
  0.199225539677340     
  0.199728339832347     
