         120
  0.199597875951758     
  0.199388315792883     
  0.164411098699875     
  0.199764509195674     
  0.199762788299266     
  0.200399220083919     
  0.199581318592285     
  0.199639435613247     
  0.198814135649120     
  0.138015355183879     
  0.199519727789777     
  0.199197596637942     
  0.199256583600786     
  0.175337679585843     
  0.196496811698791     
  0.199325247171383     
  0.200118001801047     
  0.200844537508371     
  0.198535784895820     
  0.199263621051554     
  0.198738348832233     
  0.197992130946759     
  0.200349292293632     
  0.199530866233898     
  0.199427690686562     
  0.157448500275457     
  0.198571046443632     
  0.199664052823641     
  0.174981000585691     
  0.198872262913756     
  0.177317812929139     
  0.200660575359178     
  0.199811988649886     
  0.129382554069486     
  0.199799781318453     
  0.191261927731741     
  0.174212141922551     
  0.194706585849833     
  0.199431673180364     
  0.198657135458323     
  0.199783661947947     
  0.201087205911219     
  9.624167247164818E-002
  0.199837971462211     
  0.198950328968824     
  0.186329401987164     
  0.199826994020273     
  0.198242423838550     
  0.199926710011925     
  0.200489381099016     
  0.197174882124864     
  0.200521802466204     
  0.198745914897277     
  0.150421605378389     
  0.199678763075008     
  0.199480136915305     
  0.199428885274388     
  0.198426299712718     
  0.198845967534041     
  0.199934372538950     
  0.194234756821341     
  0.177844477845648     
  0.199142901451399     
  0.199016014341080     
  0.199917762935315     
  0.198158292783556     
  0.200116946958114     
  0.198958048095080     
  0.193727157003070     
  0.199683317178349     
  0.198258348944319     
  0.198708871388877     
  0.194498146776978     
  0.197992624123000     
  0.198951565741637     
  0.199818633898471     
  0.200194520996153     
  0.198958760993754     
  0.199812687472087     
  0.199711239313137     
  0.199253064584701     
  0.199271646935548     
  0.199968756681543     
  0.147493575978097     
  0.200323985501602     
  0.199725842281605     
  0.199749735072292     
  0.200103564382623     
  0.199283036135773     
  0.201191257415407     
  0.191200458170851     
  0.200326787036610     
  0.199514439666205     
  0.200328397047373     
  0.200406323732789     
  0.199807638184167     
  0.199269642609782     
  0.151302187074372     
  0.182229816593330     
  0.180827399021700     
  0.200161653948059     
  0.199632313799337     
  0.199778003626378     
  0.200219439620444     
  0.199668865153445     
  0.117375541699454     
  0.199501571034258     
  0.200391353487146     
  0.121809099014866     
  0.170149612739142     
  0.161665119823864     
  0.200205036907892     
  0.200250238663434     
  0.198592017518921     
  0.199803383098222     
  0.199299766481826     
  0.199730892328857     
  0.199847473959382     
  0.200373058202620     
  0.198950885618834     
