         159
  0.199847203786339     
  0.198976636193027     
  0.200057355783141     
  0.192475819752124     
  0.199863771880312     
  0.201253094536958     
  0.199668370570765     
  0.200224376091212     
  0.201109104818352     
  0.199227131601771     
  0.198789411120090     
  0.199640958832246     
  0.199103762987537     
  0.199389011797670     
  0.197848388250888     
  0.198843632047873     
  0.199760195687038     
  0.199150021149702     
  0.199325973508867     
  0.200176560246747     
  0.200383276432911     
  0.199087409808226     
  0.145877407405990     
  0.199573786370200     
  0.199805029142434     
  0.200384237481891     
  0.199174310775300     
  0.199635845111113     
  0.198199543364043     
  0.200209162905115     
  0.199487689288130     
  0.153449959019853     
  0.172012083848280     
  0.199193642747383     
  0.198978569568669     
  0.200382569218968     
  0.199929103064329     
  0.199170590097761     
  8.728582924763427E-002
  0.200392259816644     
  0.199620486903867     
  0.200378164814818     
  0.198882328445316     
  0.185722551330777     
  0.199462375796743     
  0.130122464295982     
  0.199716208081045     
  0.167587271859426     
  0.195819641443920     
  0.200338488577115     
  0.199186752149398     
  0.199965033347920     
  0.200358786056879     
  0.200038311441415     
  0.198840707645203     
  0.198628908906641     
  0.198608934637231     
  0.200300994204034     
  0.200117314409786     
  0.199634519934016     
  0.199937410888802     
  0.200731741682179     
  0.199534923445160     
  0.200174690062247     
  0.200787058678839     
  0.199167401557245     
  0.199328940773237     
  0.199607590290536     
  0.199383789748350     
  0.199275843883625     
  0.199416723984225     
  0.199631867121981     
  0.200323082571846     
  0.143275827059001     
  0.200210982408317     
  0.199791822941490     
  0.199443562294805     
  0.199097754261416     
  0.200286769549424     
  0.198175395146448     
  0.175209252026392     
  0.200211259067390     
  0.197705456619016     
  0.199572511652625     
  0.138207506458723     
  0.199400957647103     
  0.132250973108710     
  0.199788833451298     
  0.194779173590847     
  0.199267558229266     
  0.199655136221919     
  0.112710639030274     
  0.134603387259669     
  0.199670296997472     
  0.199488308109189     
  0.198998884546119     
  0.198257524656448     
  0.198324894568091     
  0.199915884231066     
  0.199013150563303     
  0.199219392785683     
  0.199551029550390     
  0.196997866781763     
  0.200783763802641     
  0.200770316519743     
  0.199369975587047     
  0.199512638166087     
  0.199119787751519     
  0.198888875621513     
  0.198766915567558     
  0.199319150820056     
  0.198606425556552     
  0.199140689822580     
  0.200865687975784     
  0.198377386122437     
  0.197710469288906     
  0.199828971237433     
  8.819251236324295E-002
  0.199524047839366     
  0.195017181220275     
  0.199179566039947     
  0.167500262278088     
  0.199379479499114     
  0.191534107869376     
  0.199170865325757     
  0.199797375153655     
  0.175746028832913     
  0.198892794077635     
  0.198817099766174     
  0.199409782365391     
  0.110814265018309     
  0.199044965361470     
  0.200685207340458     
  0.177619021652919     
  0.200208557012498     
  0.199340535817726     
  0.198478984544142     
  0.199426224561429     
  0.199591069239754     
  0.199831348126999     
  0.199195864956484     
  0.200970448755226     
  0.199128133918650     
  0.187633778515809     
  0.198200129320125     
  0.198859938812267     
  0.200085621045913     
  0.200360976094913     
  0.163922525703377     
  0.198253612330653     
  0.199291869552670     
  0.199821706443708     
  0.199783397012061     
  0.200829346975891     
  0.199480807936322     
  0.199763776230342     
  0.198690453795999     
  0.199205087154473     
  0.200786085064126     
