         140
  0.198466480089967     
  0.199538262102074     
  0.199929052855039     
  0.199223670267731     
  0.200085504999319     
  0.199003134497019     
  0.149916215366905     
  0.105120131464006     
  0.199670528627678     
  0.199193746623205     
  0.199816776928963     
  0.199392576456709     
  0.199509120618169     
  0.175688781465087     
  0.200573877911235     
  0.199437442277219     
  0.200837553969917     
  0.200205568746385     
  0.196917233892286     
  0.199884003544652     
  0.152017540323846     
  0.200254325316623     
  0.199740846543351     
  0.200162308107952     
  0.199828527640887     
  0.199654731889212     
  0.200629422865846     
  0.199643336905311     
  0.199529836378813     
  0.199302381129624     
  0.198584586809323     
  0.199509862942488     
  0.201057062510113     
  0.199415241802041     
  0.168479407759039     
  0.198450011970169     
  0.199798451181657     
  0.129618225696516     
  0.197914893480463     
  0.199763308682380     
  0.188875229906354     
  0.199481618798633     
  0.200511610165429     
  0.200068739559190     
  0.198863122338744     
  0.199166544814623     
  0.200191024836837     
  0.116255629574906     
  0.199252753074771     
  0.200888479179445     
  0.195740330961144     
  0.199463328472730     
  0.199889801295912     
  0.198851278331174     
  9.575777511440230E-002
  0.199735367054709     
  0.199352736692542     
  0.198781444137504     
  0.199306982948307     
  0.198848864118537     
  0.198789724758743     
  0.199568805123191     
  0.198226973913556     
  0.121002938602967     
  0.199358981641032     
  0.197773405378448     
  0.128671737271567     
  0.199870774988323     
  0.199925427615808     
  0.198471078947927     
  0.198888544319179     
  0.200225031420919     
  0.199204673859278     
  0.198792356887219     
  0.199403060077243     
  0.200339525422725     
  0.198989568909429     
  0.152544632295205     
  0.199374183568685     
  0.199110407787372     
  0.199247555033288     
  0.199575758533087     
  0.199493861441067     
  0.199325332888971     
  0.200269271741763     
  0.199199486606446     
  0.199867404246351     
  0.198813907056280     
  0.200976171085404     
  0.200101142549923     
  0.199551145858368     
  0.197838140009851     
  0.199372319554395     
  0.199094246361733     
  0.198818533133146     
  0.190186721480588     
  0.177690616614375     
  0.199168719337959     
  0.192869488012463     
  0.199978178179763     
  0.200954592391105     
  0.200150669973617     
  0.199100607034016     
  0.197834768261819     
  0.199062819030156     
  0.199710981222793     
  0.200849467460987     
  0.169244198141985     
  0.198934117414246     
  0.200951864191703     
  0.198875664344934     
  0.200314745521475     
  0.199101233291749     
  0.199237496332643     
  0.137856056679196     
  0.199733813230422     
  0.200279267672137     
  0.199936636347864     
  0.199953707850910     
  0.199276870619964     
  8.781623927755756E-002
  0.199049561183769     
  0.199937404496711     
  0.199168616663764     
  0.200196477010234     
  0.199650967681457     
  0.200549109244674     
  0.199381194800203     
  0.170821449315373     
  0.199476008965836     
  0.198606729664627     
  0.200215965726261     
  0.199487834693925     
  0.199135278739064     
  0.199318031929526     
  0.200224352666372     
  0.199699922720541     
  0.199336285160010     
  0.114105886082314     
  0.198975149053873     
