         164
  0.199767778645859     
  0.200340863152728     
  0.199171184783769     
  0.199214760116621     
  0.200144243399068     
  0.191146240015043     
  0.183581042837080     
  0.198889674331445     
  0.200616749994118     
  0.199143287744345     
  0.198682711783950     
  0.199508210916748     
  0.199736439771527     
  0.199861519386101     
  0.199963095495035     
  0.198663952697027     
  0.199471155276197     
  0.199889840383941     
  0.200100908858268     
  0.199413947706226     
  0.195319222317097     
  0.199268077520460     
  0.199401268825935     
  0.199445309465702     
  0.199069088777266     
  0.199330939549054     
  0.200411573987912     
  0.199535120533995     
  0.198037584514361     
  0.200678569444155     
  0.185958253915702     
  0.199408398530782     
  0.198821744181374     
  0.199619596582073     
  0.200119466947839     
  0.200071600598656     
  0.200987982326968     
  0.199565657266228     
  0.191585599307033     
  0.200423667584468     
  0.199089618792491     
  0.200146702306358     
  0.199840503914581     
  0.198617687462611     
  0.199048281634070     
  0.199189828801207     
  0.199460985039944     
  0.200251225702549     
  0.199422718903558     
  0.199276192771386     
  0.200326308112595     
  0.199730257694740     
  0.198036488648346     
  0.199860502873845     
  0.200697887713018     
  0.199539841441673     
  0.199862272505791     
  0.199757856472763     
  0.200206945380912     
  0.199443284749140     
  0.199521890593234     
  0.188107783331225     
  0.199517704099415     
  0.200222500052073     
  0.199115630730563     
  0.201212963325624     
  0.199196355880536     
  0.192818052328369     
  0.199917176103403     
  0.199461779484010     
  0.198545614488793     
  0.199892095762063     
  0.195734409890778     
  0.199408566053190     
  0.200278276998703     
  0.200319365601871     
  0.199901840961191     
  0.199526664486448     
  0.198919723582660     
  0.198705791140435     
  0.200398976529097     
  0.173296535742560     
  0.199787731780398     
  0.200338462290916     
  0.198478925098383     
  0.200721114259645     
  0.199590834585737     
  0.199011471420413     
  0.198847763619167     
  0.199568978315662     
  0.195478799845654     
  0.200218123502152     
  0.199891559779996     
  0.199653637053032     
  0.198673727362388     
  0.200233718062531     
  0.198539927020006     
  0.199227872109547     
  0.199843984203698     
  0.199102395373866     
  0.199620205573256     
  0.200990892439541     
  0.200330091787072     
  0.199028640016884     
  0.199391923118933     
  0.199335290129255     
  0.198771302258387     
  0.199102854481492     
  0.199392483993612     
  0.199872496269757     
  0.199248518100779     
  0.174362528869137     
  0.199360241323126     
  0.199246089546777     
  0.199421472071069     
  0.199062533873877     
  0.199419417082345     
  0.200217913635151     
  0.199905556601953     
  0.199775139103033     
  0.199728511021169     
  0.199163946176996     
  0.199169662219579     
  0.200378487413425     
  0.199009898723155     
  0.200090968203776     
  0.198584066887383     
  0.199292761941065     
  0.198966607703841     
  0.199378920935337     
  0.200411512913059     
  0.186171378509936     
  0.166733093513406     
  0.200097503874967     
  0.196346050493344     
  0.191322831289511     
  0.199671865029536     
  0.199123790616534     
  0.200246763722762     
  0.191260825165024     
  0.198898395140616     
  0.198519739050921     
  0.199639483280140     
  0.199996483676319     
  0.199435026686174     
  0.199682073626526     
  0.198495503976887     
  0.200131908516262     
  0.188971388648286     
  0.200171307667212     
  0.199800163629696     
  0.199585819312015     
  0.186342549258822     
  0.198769980634071     
  0.199625755753231     
  0.199266656030082     
  0.199303743555894     
  0.200304852270431     
  0.201032946350317     
  0.198994290411632     
  0.200223593699197     
  0.199783686522497     
  0.199763242299895     
  0.200272494177026     
