         126
  0.165574863072421     
  0.200150116786221     
  0.198946295216401     
  0.199550899392716     
  0.198334300595568     
  0.200186046629386     
  0.199970465635030     
  0.198569164851150     
  0.198409219511750     
  0.200473352531406     
  0.199507459769444     
  0.200190562423941     
  0.198596808356932     
  0.171463187381949     
  0.199276626313191     
  0.198261544862474     
  0.199288546436008     
  0.200532020468281     
  0.199577208284329     
  0.199338138810335     
  0.199414880425489     
  0.199290421223329     
  0.198530477204612     
  0.201069717249524     
  0.166556805676661     
  0.200464422154269     
  0.200324318898049     
  0.199775216522740     
  0.201135690186686     
  0.199979338628109     
  0.200225431682705     
  0.199994734317576     
  0.200316022922721     
  0.198543113088052     
  0.199690122947782     
  0.189612527786775     
  0.199488337051988     
  0.196720040444376     
  0.198842553234049     
  0.200660227474617     
  0.199620029347181     
  0.190476827201118     
  0.199219950401505     
  0.199199029621002     
  0.199195393048179     
  0.201076262926760     
  0.199715864507209     
  0.192788415249671     
  0.200289864469384     
  0.199921440760200     
  0.199222899199748     
  0.188033830960286     
  0.198993784259022     
  0.198397837201800     
  0.198980038401890     
  0.199256042196835     
  0.199655729401572     
  0.199498299350919     
  0.199932858204462     
  0.199682464142902     
  0.199421442295230     
  0.198581270188922     
  0.200852553521496     
  0.199680524153751     
  0.199467501931792     
  0.200350182215884     
  0.199173386617535     
  0.199918452072929     
  0.199156252047084     
  0.199990286202622     
  0.198459688916070     
  0.200573356700384     
  0.199462610316783     
  0.199477435659043     
  0.199524397994580     
  0.199570528557990     
  0.200118245977047     
  0.199276042540913     
  0.200004434387556     
  0.196920442310401     
  0.196150469550438     
  0.199085683282240     
  0.195319655297258     
  0.198820424677436     
  0.199734493505864     
  0.199520777648350     
  0.200486489986881     
  0.198725827439755     
  0.199031566216734     
  0.198935815511700     
  0.198172378600551     
  0.193507487389433     
  0.198456939591945     
  0.199260071926354     
  0.199574143906953     
  0.199526411158281     
  0.199252128990475     
  0.195994015718074     
  0.200689798133286     
  0.187227727326611     
  0.199345905066997     
  0.200144109799055     
  0.198259216600002     
  0.199020453950178     
  0.199081078731936     
  0.199347106045858     
  0.200402596837742     
  0.198420389178701     
  0.200353532725347     
  0.193718051808958     
  0.198313994464562     
  0.200251934246117     
  0.199927159663325     
  0.199598787951420     
  0.200462481783184     
  0.197646864099710     
  0.200695639190965     
  0.200399159655692     
  0.200116724833698     
  0.199425318874715     
  0.201360032544299     
  0.194076574550946     
  0.198827329015073     
  0.198559012867134     
  0.196505629234964     
  0.199318828251290     
