         154         128
          10
          23  1.117228837374897E-019  5.153917346281786E-022
          24  6.247256535879738E-016  2.900929524982996E-018
          27  1.957617104778836E-008  9.292580599638647E-011
          31  5.052098295989509E-018  2.352344693198471E-020
          51  1.756307160823472E-024  8.114067883376221E-027
          87  5.498637271061489E-009  2.646044261835190E-011
          88  1.875882211307900E-023  8.645846154634636E-026
          93  1.659921726705338E-005  8.043850365306412E-008
          99  5.720336909170186E-010  2.709812925426418E-012
         118  8.164117802470126E-015  3.798724790665834E-017
          12
           2  3.361811005212429E-018  1.550465877565044E-020
           8  2.220557536465734E-018  1.023935268462355E-020
          30  3.447756832399665E-006  1.626799990277708E-008
          35  1.458236708587992E-022  6.733532307776778E-025
          37  3.850302561172088E-016  1.788827105585299E-018
          49  3.015086354401136E-009  1.430832961122004E-011
          72  3.426269743609235E-017  1.586104576065154E-019
          80  1.247183086572591E-014  5.775486269514801E-017
          91  1.368152058308056E-014  6.359996906080567E-017
          92  2.757409488402153E-014  1.274614762079149E-016
          96  7.179410043276732E-009  3.357850989442156E-011
         123  1.391364415795376E-008  6.535080509691745E-011
          11
          11  3.101710453133952E-013  1.437081302674014E-015
          15  4.785021206114128E-008  2.230235098672961E-010
          52  8.138341237482398E-011  3.771751223740587E-013
          59  4.194961330105152E-014  1.936757482946425E-016
          60  1.420645100429812E-018  6.560802570093468E-021
          62  4.529056330414244E-010  2.115816365624740E-012
          64  2.991183187430549E-018  1.385980970268636E-020
          65  1.872654745346861E-010  8.725341767562232E-013
          74  1.143311329118715E-006  5.343776262801816E-009
         108  2.579199186754463E-011  1.192762561347650E-013
         126  2.258316078693708E-009  1.049351277653281E-011
          16
          12  1.857024069518641E-008  9.817345126504905E-011
          29  1.763244061761331E-004  9.331854502540670E-007
          44  2.710659385520530E-006  1.490213813239070E-008
          58  6.184084491063780E-006  3.404050903158684E-008
          60  2.403113179741631E-004  1.281584935417879E-006
          62  1.396968242432858E-017  6.678559929394971E-020
          65  2.127661926857209E-006  1.114371576516712E-008
          83  3.964705583921093E-004  2.124800550808654E-006
          85  3.318686838994243E-011  1.663664107743164E-013
          89  1.227564604085696E-011  6.134373226766686E-014
          94  1.088560222045369E-023  5.058921412041017E-026
          97  1.058028921437455E-011  5.261403050273600E-014
          98  5.877035831478866E-004  3.208289298751797E-006
         111  6.696248257453643E-014  3.389733649242600E-016
         119  2.728932580736086E-007  1.458560606603850E-009
         127  2.840216721123365E-018  1.350377416379323E-020
           5
          39  2.580104528999005E-010  1.195269511690815E-012
          65  3.000469272270444E-016  1.383119957114040E-018
          74  1.939812817506561E-011  8.965162427526574E-014
          75  1.036626157819015E-012  4.788618447709142E-015
         108  7.304933863952178E-012  3.365686197100532E-014
           9
          11  5.583933073014586E-008  2.596976191344597E-010
          13  3.840876372414100E-013  1.769517999184548E-015
          15  2.609123075099063E-008  1.211136505568663E-010
          52  7.930177183391513E-008  3.678267698556326E-010
          59  1.776510388754320E-011  8.206406903349116E-014
          62  2.882320796657188E-011  1.340854271860637E-013
          64  1.496743189892271E-023  6.935418041660930E-026
          74  2.308290355130300E-012  1.067540523573569E-014
         126  2.266340115569400E-008  1.050975682529998E-010
           2
          92  7.080868251605180E-024  3.266079656880310E-026
          96  1.357963219069052E-030  6.262908576822755E-033
          10
          22  4.011118133439294E-010  1.857250132386100E-012
          26  4.584429758569596E-025  2.114221830280053E-027
          28  6.800749558090059E-015  3.139082299016340E-017
          72  3.743662102501683E-014  1.732594952104904E-016
          82  1.038029913627235E-009  4.800461513851679E-012
          91  7.056590285032034E-011  3.283992194472544E-013
         103  2.667225656440656E-014  1.237261680213602E-016
         106  8.389708619874944E-027  3.862640349005179E-029
         110  4.730205681771744E-014  2.190436362553781E-016
         123  5.675921848997653E-010  2.630806419616970E-012
           7
           2  3.293391282901692E-010  1.518458507404227E-012
          20  5.474144748743175E-017  2.525453368660759E-019
          40  3.017018911915481E-010  1.393281549432589E-012
          48  2.320416477482771E-016  1.066799292984245E-018
          53  4.548948734107977E-010  2.101112239688136E-012
          95  3.017361213334769E-009  1.397440164528706E-011
         120  4.024275109010106E-023  1.849652249180147E-025
          10
          11  5.003960838244640E-010  2.330893639098477E-012
          13  5.759544544125991E-018  2.652902540737114E-020
          15  7.770557027899514E-029  3.589035253828305E-031
          23  9.319704460072014E-016  4.301759387395242E-018
          52  8.774861803512711E-013  4.060552778981211E-015
          55  1.309579499479300E-011  6.070816834506567E-014
          62  8.307245947814182E-016  3.851475005815258E-018
          70  2.093293900090507E-012  9.776318397302355E-015
          94  1.278498880290911E-015  5.942178322243071E-018
         126  1.541459235709708E-027  7.116917530614781E-030
           4
          22  2.988953412476577E-014  1.380328263602177E-016
          28  2.735378565248975E-016  1.262367910780557E-018
          82  3.382202729338533E-014  1.559300132489848E-016
         106  6.325955573076051E-022  2.912654568100036E-024
           6
          20  1.002339497203608E-017  4.633462443667525E-020
          27  9.631447968042707E-011  4.468832202887065E-013
          66  1.200904943363237E-011  5.561743249401265E-014
         120  7.566178241164995E-010  3.521730177353059E-012
         122  8.749995126353972E-009  4.066095406057618E-011
         125  1.351808645266979E-018  6.236940256909607E-021
          13
           7  5.629589493363685E-017  2.634125186430873E-019
          16  2.614573222834364E-004  1.335205665463886E-006
          41  1.558424797339539E-012  7.471978134988825E-015
          46  3.042778320988267E-006  1.514414518058709E-008
          47  3.538920673677319E-008  1.774831874007908E-010
          63  1.098650016371066E-009  5.343005794590525E-012
          83  7.314763887459623E-008  3.668361636337474E-010
          84  6.681218053383788E-005  3.363616840625976E-007
          85  6.819215077243770E-012  3.282344894624260E-014
          90  1.151387803845295E-007  5.799979362816256E-010
         104  3.749402965997424E-007  1.859020924814120E-009
         109  3.227307115316908E-004  1.629089678060075E-006
         127  8.455928946276868E-006  4.232604103264036E-008
           4
          14  3.459134435865905E-016  1.593329128301094E-018
          41  8.982563210427185E-020  4.139584348196748E-022
          46  2.629706598581386E-026  1.210144087182697E-028
          63  1.043816584141166E-024  4.803432607382190E-027
           7
          11  4.858778976276434E-016  2.248004795178904E-018
          13  4.513095584984775E-016  2.078895339469731E-018
          15  6.802674662593702E-027  3.142445933461372E-029
          52  2.954065090141397E-016  1.363168587445236E-018
          59  6.550193450025015E-022  3.022626054330013E-024
          86  7.333083168705581E-031  3.385928597094133E-033
         126  1.374956333522414E-018  6.349106070228662E-021
          12
           2  5.465228676501157E-019  2.522930087516706E-021
           5  1.676270193675987E-016  7.845730645476216E-019
          20  1.480451988385887E-005  7.210837813092121E-008
          27  8.595266149927818E-013  4.031475003176998E-015
          40  1.305272883355285E-024  6.026831231302089E-027
          49  1.824102957155109E-020  8.444395842452157E-023
          87  7.876644307673037E-015  3.694905379469502E-017
          88  3.311130568648938E-010  1.604990055417558E-012
          93  8.458465510136195E-015  3.955781856999885E-017
          95  1.038371588710318E-010  4.927310586987205E-013
         120  2.376112419790066E-004  1.157748339367917E-006
         122  4.018622897444166E-012  1.888208175453188E-014
          12
           4  2.004766313947296E-007  9.335200391959733E-010
           7  1.735463898367379E-026  7.989282118152459E-029
           9  1.258695823244787E-013  5.804058783772437E-016
          10  2.693074793181500E-017  1.242400489132450E-019
          19  2.753879050945072E-016  1.267917096113790E-018
          38  2.989964616777693E-008  1.387987175630490E-010
          42  1.400046620883886E-009  6.493632693579069E-012
          43  5.251847227851147E-019  2.423551514774963E-021
          69  2.327928371286809E-030  1.074140612854601E-032
         101  9.645388547827479E-010  4.492815518909386E-012
         112  5.311214646497690E-008  2.477835741466171E-010
         124  3.266467015777443E-009  1.514120520808558E-011
          10
           2  5.515987693121299E-015  2.552242059182227E-017
          20  6.745164903000359E-007  3.209408620203018E-009
          27  3.427981419823018E-016  1.585198776153351E-018
          40  1.707195670261491E-013  7.934804394417243E-016
          53  7.365248635496011E-016  3.411581134972157E-018
          66  1.064000238322376E-020  4.911716181182864E-023
          95  1.977544462610062E-009  9.306335900580595E-012
         120  1.676120642058281E-005  7.977226471859942E-008
         122  1.180368562536093E-009  5.527024741963841E-012
         125  3.868651855083540E-022  1.784339928272336E-024
           4
           7  2.336016222001673E-023  1.074554540926520E-025
          41  3.157496789797686E-027  1.454940566934515E-029
          45  1.010183205538362E-016  4.645690087914709E-019
          69  6.300914901255942E-014  2.905383813066918E-016
           5
          24  6.590315092892744E-014  3.033660941974490E-016
          57  5.114288052145496E-014  2.356914725003987E-016
         100  2.159323572056981E-017  9.918731408285538E-020
         107  2.007868401387732E-019  9.245012283584541E-022
         116  7.794867332310877E-027  3.579405486184090E-029
          14
          11  2.114594870125026E-008  1.022739421919634E-010
          12  2.680468089127421E-008  1.329864671407628E-010
          15  1.028942424646084E-007  4.983215600973367E-010
          29  2.003184616664280E-021  9.282012503863607E-024
          52  1.707426683529650E-008  8.233310434766986E-011
          60  5.870046702920369E-007  2.894602909493263E-009
          62  4.907202280654110E-004  2.433224324965394E-006
          65  7.683791846223102E-006  3.782739453771073E-008
          70  7.623251796850622E-008  3.746193199236085E-010
          74  4.825639391590486E-007  2.347334013501468E-009
          94  3.411324108624668E-006  1.694699792895315E-008
          98  1.376995183281399E-011  6.693683590440441E-014
         119  1.031394310124460E-008  5.115300607352372E-011
         126  7.869574412202017E-010  3.773036102636332E-012
          18
           6  5.165775779244563E-006  3.028719987434041E-008
          16  7.900683113103488E-006  4.455296666693909E-008
          34  3.095196207134153E-011  1.710922276107759E-013
          44  5.101070030248214E-005  3.009199701274941E-007
          47  1.072689875527930E-005  6.082963069912592E-008
          50  2.110036252293432E-009  1.206639166289806E-011
          58  1.557510393236626E-005  9.152656979016797E-008
          61  8.383355383991160E-006  4.893926785676803E-008
          71  4.459339424104489E-017  2.245612978483300E-019
          83  5.259868917817913E-011  2.830286925837970E-013
          84  3.666423233549033E-015  1.863712916637812E-017
          90  5.988522885516167E-005  3.416760758594668E-007
          98  4.872662470789811E-010  2.696584574481241E-012
         105  1.090569556883088E-006  6.327878571947586E-009
         109  5.324580349503656E-017  2.647292254474738E-019
         111  8.069573963593094E-006  4.772064234246688E-008
         119  2.868174380711261E-027  1.320886525956689E-029
         128  7.265829935032363E-004  4.303796919224635E-006
           5
          21  1.179576431490008E-012  5.450097919908004E-015
          33  2.264918418957835E-011  1.046771726215929E-013
          85  2.123828312677408E-019  9.779229847369824E-022
         104  8.663306016118166E-016  3.998155860683084E-018
         127  9.596865565178350E-023  4.431279584523647E-025
           6
           1  9.342423649036638E-022  4.318828461380259E-024
          27  1.503204269333988E-019  6.947080435262105E-022
          36  1.622789216652027E-027  7.510848307078693E-030
          66  4.821238116691805E-014  2.228974801135170E-016
          81  8.792432969318046E-027  4.048420816967775E-029
         122  4.148886296565732E-015  1.917238984794729E-017
           0
          10
          18  6.224285081815522E-020  2.876442669793379E-022
          24  2.139434618279594E-020  9.888700647829650E-023
          27  9.884889442347943E-008  4.730182718457768E-010
          31  1.249413999965657E-013  5.935556672266177E-016
          51  6.934802649083226E-027  3.200328174368589E-029
          87  2.078469207885075E-007  1.015181755421275E-009
          88  9.760310523830911E-014  4.614396912142260E-016
          93  8.774733423102084E-005  4.290229355684873E-007
          99  2.217875217689567E-010  1.053376533136085E-012
         118  2.007981037557026E-015  9.342065294333662E-018
           2
          39  1.155471660149573E-019  5.337149396226732E-022
          75  1.245710308857390E-028  5.746224604710529E-031
          10
          14  1.042692476725313E-013  4.813164386704078E-016
          21  4.822849796683637E-020  2.228730978262091E-022
          33  2.488369096526227E-011  1.153991322570303E-013
          46  1.761606720870145E-011  8.157298216075273E-014
          63  2.266816262302121E-008  1.052936434889506E-010
          84  3.845491774636790E-013  1.783783517459165E-015
          85  1.452347476424785E-015  6.696456156360261E-018
         104  1.049143269004302E-007  4.897454862374753E-010
         109  1.096831335914246E-008  5.129411887224879E-011
         127  3.970057484263105E-008  1.855594320498060E-010
          10
           5  6.756119222908625E-011  3.342538033243107E-013
          18  4.377654098075665E-009  2.195547822358397E-011
          20  1.093113275871342E-015  5.143486755702390E-018
          27  1.190935920789630E-007  5.830101287861161E-010
          31  1.088364752581628E-009  5.422305215019676E-012
          87  3.372881800242345E-005  1.709471341299766E-007
          88  1.405517871859760E-006  7.117912237898549E-009
          93  2.206004708975551E-004  1.109368605256269E-006
          99  3.757322581304260E-019  1.743798833945832E-021
         120  8.778409874543077E-009  4.288653305465891E-011
           9
           4  1.387739381663964E-007  6.577060896643667E-010
          10  6.270093699660797E-005  3.010491902200256E-007
          22  4.388202708505956E-022  2.025007148673013E-024
          76  1.964607704519028E-017  9.067316143419422E-020
          82  1.088450298666890E-019  5.016246821902643E-022
          91  8.478830415017861E-010  4.012095514081397E-012
         101  1.051049477140485E-008  4.985815836572918E-011
         103  1.194258771326511E-005  5.739306066545591E-008
         112  2.808607826189394E-009  1.327303705081353E-011
          20
           5  3.918824873833470E-003  2.291738486245039E-005
           6  6.524296165734251E-006  3.810300149639125E-008
          18  2.077527642332107E-004  1.205248362313511E-006
          20  3.998946463700373E-011  2.113859863076987E-013
          31  4.873117842301300E-008  2.745452372332208E-010
          34  6.541597558322987E-004  3.841085354800100E-006
          37  1.899074424109819E-006  1.070995024173869E-008
          44  7.447856662927570E-021  3.595685182868636E-023
          49  3.593850291538958E-007  1.996428365865714E-009
          50  5.611516015296908E-005  3.307641456768699E-007
          58  3.319586174356418E-026  1.537859965306650E-028
          61  1.071351276820246E-007  6.131421330654232E-010
          71  6.899274921454315E-004  4.010331449728608E-006
          87  5.001659855450510E-008  2.778262279707033E-010
          88  3.629986631063201E-004  2.090421508788640E-006
          93  1.677545727182783E-019  8.137719152730657E-022
         105  1.772832475642492E-007  1.016243239278188E-009
         111  1.683689061755941E-007  9.780331706435592E-010
         120  1.679673256761509E-013  8.635055148211953E-016
         128  3.984460751547967E-010  2.231548179635814E-012
          19
           5  8.274377536723984E-006  4.682185845154065E-008
           6  1.966072469083869E-017  9.741923285512099E-020
          12  8.330452694802187E-008  4.584236276547872E-010
          18  8.406492538767184E-004  4.817900311375674E-006
          31  6.713072040167669E-003  3.832282156479180E-005
          34  3.439789433496297E-015  1.751225981621780E-017
          44  1.099115262313543E-013  5.747103398551924E-016
          50  4.599337474208399E-006  2.646307944591317E-008
          58  6.340384629001487E-013  3.343777563419342E-015
          70  3.324590037804726E-009  1.778150512118832E-011
          71  5.800647743264515E-025  2.696273476102416E-027
          87  7.041369497814909E-004  3.943966617221792E-006
          88  3.495428416492728E-005  1.963977390321935E-007
          93  2.672915377412536E-006  1.460146672178390E-008
          94  6.492702715732874E-010  3.451830181555629E-012
          98  1.865334015404399E-021  8.857510161722142E-024
          99  3.013408727524579E-008  1.607745966642144E-010
         111  7.755439964497359E-009  4.357783112327700E-011
         119  1.858431606915858E-008  1.019813372350335E-010
           6
           2  1.570299056636256E-013  7.243871736503138E-016
          40  1.869107320069391E-015  8.639558199920790E-018
          48  5.798920724182583E-023  2.671572154289879E-025
          53  8.661309998845972E-014  4.003921275128775E-016
          92  6.822227577171615E-025  3.143493602850673E-027
          95  1.879323361956620E-014  8.701669290560555E-017
           9
          11  1.448621617419470E-009  6.705897153627263E-012
          13  5.852173057182378E-014  2.691841236864689E-016
          15  8.434469096626296E-010  3.898648072756958E-012
          52  3.337411207724619E-009  1.540942103473460E-011
          59  6.704950070342772E-012  3.090759019793910E-014
          62  5.743095454282948E-017  2.656123162307867E-019
          64  3.736118580715967E-022  1.729696375609879E-024
          74  3.159698665447312E-016  1.457004840742519E-018
         126  1.632990652986197E-009  7.542694095187376E-012
           9
           8  3.686570213726897E-014  1.705087730189651E-016
          26  1.552430844018261E-020  7.170282792279098E-023
          30  9.938812844944741E-010  4.629085594364613E-012
          72  8.094668422968455E-010  3.776925755377361E-012
          82  3.669898799235669E-024  1.694342808439387E-026
          91  1.659240522368338E-009  7.785059774558024E-012
          96  1.599373478442556E-026  7.378543244168242E-029
         110  4.732606588270393E-013  2.199876690126825E-015
         123  1.195152172670388E-006  5.610441485613696E-009
           9
           1  1.378242979477724E-025  6.367132168099037E-028
          24  1.416115752720995E-012  6.588505937477576E-015
          27  1.734767127853279E-007  8.168619657221296E-010
          36  1.097556594432196E-026  5.076520805154786E-029
          51  9.266553487435212E-014  4.299109640275234E-016
          87  2.808928580966645E-014  1.310728136281349E-016
          93  1.405440541518937E-007  6.678484179578287E-010
          99  3.078028562660133E-019  1.420210645423698E-021
         118  5.897789543127934E-011  2.752877631031224E-013
           0
          20
           5  2.520940288521421E-006  1.526211357076097E-008
           6  1.436582271069735E-003  8.893487220277426E-006
          12  1.365816385877106E-009  7.963654685542762E-012
          18  1.789540897275299E-006  1.083603328165809E-008
          31  2.547794075340604E-008  1.510339271578657E-010
          34  7.007736895324187E-005  4.300042535485613E-007
          37  1.388532761105188E-014  7.501742051039196E-017
          44  4.267202464924051E-004  2.640296977488550E-006
          50  4.312286725030013E-003  2.683639399793257E-005
          58  2.436629969627924E-004  1.502565053242962E-006
          61  7.740750446740337E-005  4.752437288009278E-007
          71  1.633972124729791E-006  9.866354283447204E-009
          87  2.272004874727174E-016  1.196213127760334E-018
          88  5.267911427188870E-010  3.051178208764989E-012
          90  3.606335801880550E-020  1.804223638417012E-022
          98  1.565720172543177E-008  9.263674669952495E-011
         105  1.970446273615084E-005  1.204066998310699E-007
         111  9.032643375232893E-003  5.605569518026930E-005
         119  9.734026507903178E-009  5.732681234824549E-011
         128  5.021244055621649E-004  3.106041811589708E-006
          15
          16  2.352989280837107E-011  1.120042586542144E-013
          21  5.182258245541566E-025  2.396029872592013E-027
          29  2.279501535891633E-012  1.074094090786913E-014
          33  5.693620047439454E-012  2.676889020008869E-014
          46  3.657356413914037E-011  1.723637796245878E-013
          63  7.467195029883116E-011  3.515703143969939E-013
          73  8.029145993681894E-015  3.742687246725183E-017
          83  2.854787294867371E-007  1.388235400541554E-009
          84  5.784327710319318E-010  2.753255202545387E-012
          85  4.927946426376369E-006  2.372529798592930E-008
          89  6.372015024723938E-010  3.025845791218701E-012
          97  1.915740753452274E-009  9.076024977236349E-012
         104  6.782479154617525E-005  3.278837479953814E-007
         109  2.021583915271590E-005  9.806492060293747E-008
         127  1.492457352592931E-004  7.249459492107971E-007
           9
           2  5.567867902444823E-009  2.578499303123905E-011
          20  9.562925049856975E-025  4.421550043638208E-027
          30  4.612735040117198E-020  2.129851352812760E-022
          40  1.803999692757581E-015  8.350046397223795E-018
          53  8.668415330583771E-013  4.014192448776808E-015
          92  4.575798927556321E-011  2.113456552648154E-013
          95  2.471746842798247E-010  1.148277399000406E-012
          96  4.599870703446943E-012  2.123975181655605E-014
         117  6.336879334882416E-017  2.938800303185070E-019
           0
           2
          40  1.155638861813294E-019  5.338983575419687E-022
          53  4.548898587325253E-023  2.101726042301427E-025
          14
           5  2.362151154503337E-004  1.314727318640383E-006
           6  5.285489141961352E-022  2.467924757699731E-024
          18  1.364543275157011E-003  7.615415284946146E-006
          20  3.427984034637281E-016  1.665321812652960E-018
          31  3.387669545160423E-004  1.877186507651650E-006
          34  3.596222774700446E-012  1.869338431003196E-014
          50  9.670279460512117E-008  5.358646791231200E-010
          71  2.611957274052445E-013  1.329244168416165E-015
          87  3.154593454370947E-003  1.732192068468070E-005
          88  2.745969481885549E-003  1.516280983953801E-005
          93  7.328314408395604E-005  3.929389401536030E-007
          99  4.404710807666925E-014  2.176043665423043E-016
         111  6.528488681118961E-014  3.340340039385204E-016
         120  1.883825094569159E-011  9.541209896160137E-014
          12
           2  4.062257965056384E-010  1.930612597069950E-012
          20  1.849754270216723E-008  8.917043804222143E-011
          30  3.480467422459948E-007  1.673764233244072E-009
          37  4.299208278642400E-009  2.094620906126359E-011
          49  4.070254534107887E-005  2.009483797369612E-007
          71  2.414185948764445E-017  1.129173741938273E-019
          91  1.145642654380559E-019  5.321250904827254E-022
          92  2.893401154687181E-014  1.351807991663762E-016
          95  6.645589270437588E-012  3.145941316042495E-014
          96  1.645742757098172E-009  7.827657047575152E-012
         120  7.747671530082907E-018  3.591758801157462E-020
         123  1.432406947577393E-011  6.775197465908701E-014
          18
           5  4.922261385414190E-023  2.344535672139930E-025
           6  2.979478370557764E-004  1.789053546898522E-006
          16  8.303198358331164E-008  4.684153922466977E-010
          34  2.834287539527844E-007  1.663660711930162E-009
          37  3.166397313713604E-019  1.564631744950895E-021
          44  2.073694853006368E-005  1.240761301062843E-007
          47  3.754727497425102E-006  2.154104411089527E-008
          50  2.715961752284045E-007  1.613941555311918E-009
          58  4.899111235154866E-006  2.908507607791375E-008
          61  5.149840783015577E-004  3.083190848341616E-006
          71  1.748463400920801E-009  9.946108708779262E-012
          83  1.199098856848658E-023  5.696173668480881E-026
          90  2.057288721298433E-005  1.188752117035640E-007
          98  8.298860592319246E-013  4.485506105098524E-015
         101  3.427688009603878E-020  1.669341606894584E-022
         105  1.539649569717576E-004  9.181965145618476E-007
         111  6.147723508221035E-005  3.702286070282630E-007
         128  5.234190347542565E-003  3.158409830252651E-005
          11
           4  1.188889192544334E-005  5.786953481353488E-008
          10  1.681242847095041E-004  8.247306083479294E-007
          38  2.777509778579424E-016  1.292346961132677E-018
          42  1.111274522334525E-011  5.259635572614653E-014
          47  1.459859698401881E-014  6.894121801097464E-017
          90  2.084173791092522E-017  9.727530320376876E-020
          91  7.059031615676524E-012  3.359103124644322E-014
         101  2.672739580897072E-005  1.310106919033790E-007
         103  4.738540571436263E-006  2.317911680318969E-008
         112  6.706682226840863E-006  3.268349031638261E-008
         124  1.211488232321796E-026  5.601395340305183E-029
          20
           4  1.068424230475712E-025  4.960737952489185E-028
           6  1.668788001303854E-005  9.624148388356173E-008
          10  2.076144596851045E-013  1.055963311670413E-015
          16  5.225239681786142E-008  2.841970119347563E-010
          34  1.970990634932931E-008  1.105081534958380E-010
          37  1.552977290080223E-013  8.001732372467637E-016
          42  2.008185667713329E-020  9.564574656644038E-023
          44  4.245811284180065E-011  2.311531550524550E-013
          47  1.199632994831423E-004  6.697009204820168E-007
          50  4.535157082171250E-013  2.412047445218525E-015
          58  5.705422797925336E-013  3.022125111543624E-015
          61  3.649232828426832E-004  2.105526328229076E-006
          71  4.948604429078478E-010  2.697560911402281E-012
          90  2.215803546397337E-004  1.242079866959742E-006
         101  4.687362335813014E-008  2.517555717747612E-010
         103  9.789408211414500E-020  4.706746633310591E-022
         105  2.331608322288830E-004  1.342566996205812E-006
         111  6.744863726833917E-009  3.789665202834953E-011
         112  4.775898240793592E-012  2.461987343833569E-014
         128  5.507917015882095E-004  3.201783946591717E-006
          14
          12  5.750152362661258E-005  3.088126326045349E-007
          29  2.388902350557495E-006  1.241756655266993E-008
          44  7.113436228812765E-008  3.823316800162044E-010
          58  4.438337885056487E-007  2.395568132177402E-009
          60  2.035734040388141E-003  1.080594874975898E-005
          62  1.047852714789679E-006  5.409467174776279E-009
          65  2.498227315307916E-004  1.309045321863189E-006
          70  4.745149410036211E-011  2.389153141366640E-013
          74  1.952453465609725E-011  9.663927996157064E-014
          83  2.326471416323160E-008  1.203591224438411E-010
          94  2.319125285777016E-007  1.208597200946934E-009
          98  7.527746343175181E-004  4.078172952622938E-006
         111  2.864843502199319E-017  1.382343736955598E-019
         119  1.338229368106655E-004  7.204107560807807E-007
           8
          17  1.493178957633016E-015  6.905843748437757E-018
          29  4.538305604746644E-016  2.102301540000263E-018
          39  1.171531037651935E-009  5.443407235224541E-012
          73  2.758782763672383E-010  1.281588190907036E-012
          75  2.105602120096288E-020  9.742398455180543E-023
          85  2.163493717539714E-020  9.986100818907089E-023
          89  2.357073896668233E-010  1.095578832201688E-012
          97  1.018346154968758E-010  4.709648040738916E-013
           0
           7
          11  5.320812672809449E-014  2.459725559017251E-016
          23  4.896324331730252E-011  2.266660387849805E-013
          52  1.169569732787438E-023  5.383060966677033E-026
          55  1.081233952430295E-009  5.012340569387429E-012
          70  1.377669038186794E-012  6.415561513503594E-015
          94  4.780324592270069E-018  2.210979652134621E-020
          99  7.924951908565812E-019  3.647834789340292E-021
           8
           1  1.632118986774627E-016  7.529333571190245E-019
          24  1.777775737287789E-011  8.222376752255547E-014
          27  1.314870222170876E-009  6.089307183637854E-012
          36  2.397866767854075E-016  1.107529989893188E-018
          51  8.596949265084199E-012  3.971991206521864E-014
          81  4.066442892004015E-024  1.868367273339271E-026
          93  2.858549919841307E-020  1.319126059174625E-022
         118  3.485595773810844E-010  1.613216464748541E-012
           6
          22  2.893286928932315E-014  1.338357563204847E-016
          28  4.548404242473681E-014  2.102551504634088E-016
          32  1.005285598915749E-017  4.634015615746418E-020
          76  2.173653695205465E-019  1.003951375874745E-021
          82  2.675283410566666E-014  1.235428941719081E-016
         106  1.013114787463624E-021  4.672424393813198E-024
           2
          22  2.979261109681350E-022  1.373449841639618E-024
          82  4.432127335390858E-022  2.039743708191523E-024
           7
          10  4.808934365393360E-018  2.217051774973824E-020
          22  2.126699393646225E-022  9.810426614025799E-025
          28  8.091358289931075E-017  3.730091072710043E-019
          32  9.382772275638225E-018  4.313237102005309E-020
          76  3.014925363297116E-012  1.389091560224083E-014
          82  2.301268817619555E-022  1.059764149425634E-024
         103  1.469583842561806E-022  6.793677946120875E-025
          14
           7  5.529563521166807E-008  2.622897504480903E-010
          14  8.604531010569877E-012  4.024490768279542E-014
          16  1.150968275451522E-006  5.572653215054794E-009
          41  1.332196929199883E-006  6.359554271639437E-009
          42  2.473149247147021E-015  1.144691021789925E-017
          46  7.852148983638959E-005  3.773368109549626E-007
          47  2.461535348052105E-010  1.175282810316378E-012
          63  3.273705060638892E-007  1.555126465958745E-009
          69  4.369637248096812E-019  2.017576593603703E-021
          84  1.089698565341400E-004  5.266451911917312E-007
          90  1.043220572733417E-010  4.972182153327550E-013
         104  4.585929070722962E-012  2.148062883422427E-014
         109  2.522032683465898E-006  1.212346089422370E-008
         127  2.396845777647954E-010  1.132392842619636E-012
           2
          14  5.106843108333588E-018  2.353503714374372E-020
          63  1.540030198130690E-015  7.091735994708896E-018
           9
           2  5.847332270574421E-008  2.717518002792722E-010
          20  8.227121930001589E-011  3.831527664040004E-013
          40  8.037231783899230E-010  3.733544554411187E-012
          48  7.380870275129534E-018  3.404737664295516E-020
          53  2.324671392588784E-009  1.080388209185471E-011
          92  3.117654672247829E-016  1.438528360896010E-018
          95  1.804213517540964E-007  8.423662971518365E-010
          96  1.007441488000097E-021  4.647259775543127E-024
         120  7.844809911285437E-014  3.628417942513849E-016
           6
           4  6.509195322537370E-014  3.002660523451786E-016
          19  3.537507624425919E-016  1.629785173463299E-018
          38  1.550027919969204E-026  7.144567206307445E-029
          43  1.193856867363278E-014  5.514201775349947E-017
         112  1.340486467190266E-026  6.184621274867916E-029
         124  5.832271663040526E-013  2.691257294504656E-015
           7
           3  1.950900906028311E-018  9.010791932427045E-021
          23  8.063562582695836E-007  3.766359525593208E-009
          55  4.583345027465818E-013  2.119461324386948E-015
          57  4.624547269508557E-021  2.140258207283461E-023
          99  3.566417305846269E-009  1.665740333159770E-011
         100  1.524102241656252E-010  7.064923025152677E-013
         107  1.102990004860433E-012  5.112359768958850E-015
           8
           8  5.837359129410876E-013  2.689488623892130E-015
          30  5.207765881758285E-008  2.412252619505311E-010
          35  1.780707438933979E-014  8.214579359353088E-017
          72  1.590090540605097E-013  7.349188289702790E-016
          80  3.343541337983997E-013  1.542442929144823E-015
          92  7.263904813209794E-019  3.341058917591375E-021
          96  7.393265452890638E-011  3.409122093477162E-013
         123  4.512730281281754E-012  2.083741269253629E-014
          15
           7  9.412013380749502E-006  4.433663170637227E-008
          16  1.125200380884597E-012  5.261373090131232E-015
          38  5.863511568514795E-012  2.718707770144474E-014
          41  8.990467775012937E-006  4.242342221835713E-008
          42  1.090672743709756E-007  5.115705906506718E-010
          45  3.688860740514112E-015  1.700583883264988E-017
          46  2.031423054783229E-008  9.519468455524427E-011
          47  1.752828124241954E-012  8.216366426935540E-015
          63  5.252326975236359E-017  2.420012825228688E-019
          69  3.702881435343475E-008  1.733814037370718E-010
          84  1.355367379246444E-008  6.378782079664873E-011
          90  1.469672404949696E-014  6.843759009833399E-017
         101  1.634780502387492E-017  7.540986772305697E-020
         109  2.272003484297423E-027  1.049029843548827E-029
         112  3.797694814626183E-015  1.756033480582851E-017
          11
          15  1.866508874967358E-015  8.621588785336335E-018
          29  3.866615566310245E-012  1.800918387752124E-014
          39  1.564326388402615E-010  7.284989591688935E-013
          60  3.372114993619509E-012  1.572723122573816E-014
          62  1.233745333265648E-016  5.711250607138063E-019
          65  1.036648670863247E-008  4.860082071753669E-011
          74  8.695397356513083E-008  4.067844900941548E-010
          75  2.416679727834442E-014  1.118100122196839E-016
          89  1.142942304035147E-018  5.281778826680466E-021
          97  2.095320620309300E-021  9.636162962866606E-024
         108  3.140051644672323E-011  1.453877878812819E-013
           8
          20  2.308793934888724E-009  1.087411270122070E-011
          27  8.677110675715940E-010  4.060440059025666E-012
          66  3.128838808135038E-014  1.449160142758064E-016
          93  6.962984153684573E-023  3.210776552977811E-025
          95  1.917347843733048E-015  8.889919274165186E-018
         120  2.404111216606424E-006  1.139569965549633E-008
         122  4.533692376314880E-009  2.122657350022979E-011
         125  7.163330084087262E-028  3.301578547811961E-030
           7
          11  1.446025198982200E-011  6.679694667602898E-014
          13  7.938155304434290E-014  3.648325948897649E-016
          15  6.759704842703918E-014  3.116592001710472E-016
          52  1.493197310230705E-011  6.879031234621725E-014
          59  4.617371027644356E-015  2.125882065562099E-017
          86  9.173794348535926E-025  4.226226028686975E-027
         126  1.539827951041694E-012  7.096600672029751E-015
          15
           7  8.929135312573367E-006  4.360226232563517E-008
          16  5.744749053856778E-005  2.868143485663721E-007
          38  3.576325597437030E-017  1.659522030169103E-019
          41  1.152657285501935E-005  5.633451964610839E-008
          42  3.235357103500786E-007  1.570230332167301E-009
          46  4.917257960633600E-006  2.403598523455476E-008
          47  3.686187312095433E-005  1.842812140293938E-007
          63  3.588961586266460E-013  1.689631837424278E-015
          69  7.871830834287450E-013  3.714830944482636E-015
          84  5.111181528169093E-005  2.522030619193555E-007
          90  1.789890720403552E-005  8.951212883327982E-008
         101  3.644366192862984E-010  1.752339211528336E-012
         109  7.583961743756416E-009  3.677246326414543E-011
         112  3.031494683829078E-011  1.446787869063024E-013
         127  6.438297259742638E-024  2.972636998374084E-026
           4
           1  1.753910015628166E-019  8.088366331612531E-022
          36  8.265888803767622E-021  3.816507061152266E-023
          51  1.185587745970092E-024  5.468629555282695E-027
          81  9.693521832789277E-022  4.452427348116638E-024
           0
          10
          23  5.080610500673241E-008  2.404371625827947E-010
          24  8.672660917209854E-028  4.013799376795940E-030
          27  3.260405952897633E-028  1.506940039461927E-030
          31  2.778669246595854E-026  1.282871903383331E-028
          57  3.734110833925492E-016  1.734914349399758E-018
          87  2.098186827503453E-013  9.857506017444046E-016
          93  5.375222504323967E-008  2.568770325225022E-010
          99  1.860639829152358E-006  8.895811057089063E-009
         100  2.659103749202792E-012  1.240538345472960E-014
         107  8.372030169352970E-016  3.887904285151488E-018
           8
          23  7.802190347148938E-007  3.694494893295590E-009
          57  1.515315493040807E-015  7.028535493724949E-018
          70  2.693173362861134E-029  1.243632806893249E-031
          87  1.229032289186193E-017  5.688478008689635E-020
          93  8.919845939197648E-010  4.219646268731510E-012
          99  4.505618367151603E-006  2.149066355434551E-008
         100  5.943178131579306E-011  2.774164186772894E-013
         107  1.057685521471836E-013  4.915771397201152E-016
           0
          20
           5  5.923822258892579E-010  3.321911006249382E-012
           6  2.221373491221815E-003  1.323213373190054E-005
          10  1.453399372350946E-017  7.199277767702285E-020
          18  3.993356161348800E-016  2.041082611581448E-018
          34  8.326151455705574E-004  4.927635710565745E-006
          37  1.576095530065992E-005  9.013706918001361E-008
          44  3.524457839274365E-011  1.959273569017898E-013
          47  3.501551527100578E-011  1.888288113202910E-013
          49  3.589748350338244E-013  1.886039096653081E-015
          50  5.595939848694793E-007  3.294118465673831E-009
          58  6.888173777351173E-013  3.728662598355295E-015
          61  6.649666549159966E-003  3.946333913966692E-005
          71  3.427584283014905E-004  2.011698110384436E-006
          90  3.305684166584726E-010  1.808253611333797E-012
          91  9.018156267216355E-017  4.516916090394122E-019
         101  1.429562800698867E-019  6.946066892960229E-022
         103  4.757356004523182E-016  2.400846958242602E-018
         105  8.081408459603590E-003  4.795379530102770E-005
         111  1.959705684641837E-006  1.160658702698455E-008
         128  8.632265995873726E-004  5.133021170827730E-006
           8
          23  2.828618681313214E-008  1.330612914178079E-010
          24  6.817575551772605E-023  3.149725391597547E-025
          57  1.950705517914931E-014  9.058739968166851E-017
          87  2.957008533805996E-017  1.369527472252964E-019
          93  4.001888146424518E-009  1.892980084026368E-011
          99  4.291009958768394E-007  2.035480306442793E-009
         100  1.724712222128229E-011  8.028140985329666E-014
         107  3.077199509267479E-014  1.428146738572885E-016
           0
          16
           7  6.575404626572356E-006  3.152250134485169E-008
          14  8.368541337868692E-016  3.883553803708082E-018
          16  8.547728192034456E-007  4.152290642022062E-009
          38  3.464129879367300E-024  1.598682343129101E-026
          41  2.230177748613273E-005  1.072636781923774E-007
          42  6.387477326069844E-009  3.031052970003712E-011
          46  1.869562136207704E-005  8.988108734053960E-008
          47  3.116606459374402E-008  1.508216574785666E-010
          63  1.153139201415836E-009  5.448945814762267E-012
          69  3.198209097106834E-011  1.504208184910320E-013
          84  3.645470243779370E-005  1.764831198823223E-007
          90  8.173953663371459E-009  3.947914579544384E-011
         101  2.777912345890263E-019  1.284335529505072E-021
         109  8.926044885460561E-009  4.263084194963427E-011
         112  1.868174015858845E-020  8.634560807633864E-023
         127  3.608050598097451E-020  1.670773796686703E-022
          10
           8  9.259511589048448E-013  4.271159992367109E-015
          26  1.444690011679643E-020  6.653127170586665E-023
          30  2.420869328135334E-009  1.122117851260392E-011
          35  2.451890048624180E-020  1.130854250227381E-022
          72  5.669571483803278E-010  2.631403018898951E-012
          80  1.698548621539575E-029  7.830924171066993E-032
          91  1.173109209364311E-012  5.445302253290627E-015
          96  1.898252219187305E-018  8.731972375199836E-021
         110  1.226344214537943E-013  5.674888092964797E-016
         123  6.860304904267692E-008  3.192282346938065E-010
          11
           5  5.748063116029510E-007  3.009944898632885E-009
          18  5.400675705492989E-006  2.846174461896607E-008
          20  8.692423601892883E-013  4.224509767632674E-015
          27  2.180264268100959E-010  1.072857435181311E-012
          31  9.318645726711973E-007  4.868249810171245E-009
          50  1.140641773699834E-017  5.450602340137645E-020
          87  5.873151803599357E-004  3.070746661869342E-006
          88  1.563407348957060E-004  8.220276562980258E-007
          93  3.286180562419170E-004  1.697710757608407E-006
          99  1.148540103741162E-016  5.432899272400945E-019
         120  2.231697236024232E-008  1.117780697629825E-010
          18
           6  1.095769919314370E-009  6.033951299503872E-012
          16  4.077401001840261E-004  2.254621208680407E-006
          44  9.272812672655362E-007  5.249563445655214E-009
          46  5.602020169644839E-014  2.808557722204788E-016
          47  7.095750270384118E-005  3.916510488280287E-007
          50  4.410905021678467E-019  2.144906358529521E-021
          58  2.166882169523174E-007  1.219591116791629E-009
          61  7.565639184454057E-009  4.180002556318810E-011
          83  8.951691589344693E-009  4.797310015910510E-011
          84  1.002316216880031E-008  5.309510988391947E-011
          90  2.664656877547606E-004  1.482676862701806E-006
          98  3.335996343377116E-012  1.744353925772871E-014
         101  7.827361387505906E-028  3.616735468961006E-030
         105  2.547830975262404E-010  1.381185215815316E-012
         109  3.295375203051729E-009  1.738638751852854E-011
         111  3.798776623798356E-009  2.121041522046839E-011
         127  4.961735697847086E-015  2.469614854214617E-017
         128  9.772701831643014E-006  5.572385317166128E-008
           2
          45  1.839007869404491E-022  8.473026547226082E-025
          69  9.472104408570131E-030  4.375226583092421E-032
          11
           5  5.890260332670491E-007  3.097328985605213E-009
          18  1.663546238270475E-005  8.828036115047726E-008
          20  8.834397648373853E-020  4.122544585924762E-022
          27  1.426050738659703E-011  6.967685109388619E-014
          31  1.342577500719384E-005  7.089127090643206E-008
          50  9.712897270654385E-015  4.780842912524046E-017
          87  1.669894465896636E-003  8.801235406659919E-006
          88  1.412837161287649E-004  7.467458579665218E-007
          93  8.749116364890026E-004  4.544790860500337E-006
          99  2.106568589264278E-011  1.035608074431470E-013
         120  7.622544625313346E-011  3.756502511053481E-013
          10
           5  5.580732528858008E-007  2.907032121850520E-009
          18  1.090705394604281E-006  5.686474335958632E-009
          20  4.601872835049857E-009  2.290472115784996E-011
          27  2.614845823512407E-010  1.282098079139540E-012
          31  1.582990857802600E-008  8.115112273452537E-011
          50  2.398865024850570E-023  1.109468761540227E-025
          87  8.388177169755237E-005  4.348278159874206E-007
          88  1.277417542371566E-004  6.689128908501262E-007
          93  3.398536316782304E-005  1.740136665440214E-007
         120  2.115612987373306E-006  1.066465512897730E-008
          20
           5  6.762969690584876E-003  4.005188233022103E-005
           6  1.373066130218306E-005  8.138705326620166E-008
          18  1.477002066435188E-003  8.713556183525048E-006
          20  9.872753752924907E-016  5.019894168498966E-018
          31  5.321125136738719E-006  3.091349512454596E-008
          34  3.802050217639465E-004  2.263439123095434E-006
          37  2.237027019052712E-008  1.259796732388473E-010
          44  1.143883709862156E-012  6.264449192148451E-015
          49  5.494856011190321E-010  3.009819507701703E-012
          50  5.829530311435286E-004  3.504572762845276E-006
          58  2.120781718849920E-013  1.146125821816884E-015
          61  9.767678489939218E-008  5.670081985123672E-010
          71  1.671278275115220E-004  9.852032065021585E-007
          87  1.333064831385029E-006  7.598036977398684E-009
          88  7.971596961326144E-004  4.652430787590590E-006
          93  4.036259813292200E-014  2.094446836539414E-016
         105  8.787232855585672E-008  5.088290914325774E-010
         111  5.442726924277391E-006  3.238601087651014E-008
         120  2.311033895693788E-018  1.139919251186357E-020
         128  3.282855761200677E-009  1.888324148866049E-011
           2
          21  8.410525920394990E-028  3.902800562663355E-030
          33  1.535268896160385E-017  7.124982795704563E-020
          16
           5  1.457173998570298E-005  8.561557817855003E-008
           6  2.501975564659171E-003  1.505735417134574E-005
          18  4.044914791686210E-008  2.329980366672795E-010
          31  5.745401483998403E-017  2.927624079247471E-019
          34  7.841294451073113E-003  4.702677920518507E-005
          37  1.192710992622462E-004  6.921590736195959E-007
          44  1.890139380577675E-011  1.059977185991735E-013
          49  1.958530941431800E-008  1.096854266048578E-010
          50  4.921599664864096E-005  2.957044166082985E-007
          58  7.066208891492911E-013  3.866882440767296E-015
          61  1.403894989229379E-003  8.373500718282498E-006
          71  5.126761073327304E-003  3.050074156941594E-005
          88  3.212814878416509E-009  1.812521820431163E-011
         105  1.894129013217978E-003  1.128661912222468E-005
         111  1.060211259049026E-005  6.348222292050781E-008
         128  7.746968843027425E-005  4.634806584947662E-007
          11
          11  4.513635518401107E-007  2.122865166453507E-009
          13  1.230523153283776E-013  5.684223374203555E-016
          15  2.348865897020781E-010  1.094915607378403E-012
          52  4.078352919097906E-008  1.908018085504558E-010
          55  8.188798842150369E-023  3.780096063753015E-025
          59  4.058122200492078E-027  1.872006146646038E-029
          62  1.213307293501078E-008  5.714918590349651E-011
          70  9.516474862446414E-011  4.475110584940558E-013
          74  1.217860596589804E-021  5.621104721437701E-024
          94  2.933669877868604E-011  1.379355081314872E-013
         126  8.301566620491033E-011  3.862812573841170E-013
          12
           5  5.229421431462746E-005  2.840858243410855E-007
          18  1.165379543146701E-004  6.330871028461636E-007
          20  2.889281535424265E-010  1.459824805685891E-012
          27  5.039131748741794E-015  2.437533396021027E-017
          31  5.550408529815894E-006  2.980299331844804E-008
          34  5.178317704131512E-015  2.561846985722277E-017
          50  6.565608772753865E-011  3.442689188986375E-013
          71  4.157645116009192E-015  2.044283696967002E-017
          87  8.080144371419199E-004  4.330807886344520E-006
          88  1.616706235913241E-003  8.752712297020595E-006
          93  5.254899748122451E-005  2.766501565917592E-007
         120  9.557816843265228E-008  4.910023108098050E-010
          14
           7  4.674644096753417E-013  2.196060868655110E-015
          14  1.238454337775579E-015  5.764144966045871E-018
          16  1.919148919108604E-005  9.496933965939414E-008
          41  6.227226423882784E-010  2.972303457157606E-012
          46  3.178615872693409E-005  1.548852371956008E-007
          47  2.227415753743128E-010  1.075800517725413E-012
          63  2.987091163792777E-007  1.438957786219447E-009
          83  3.527157719519976E-012  1.683550938455406E-014
          84  1.344437899219800E-004  6.605907142913355E-007
          85  9.081731669813295E-015  4.240373296174339E-017
          90  4.490284353092022E-010  2.174667181503108E-012
         104  4.654501491549799E-007  2.252443681792635E-009
         109  2.556329045444834E-004  1.257204727222278E-006
         127  4.704103788356997E-006  2.292072798732951E-008
          10
          10  1.638719294747216E-012  7.603372286569839E-015
          22  3.288941016645803E-009  1.528516582493421E-011
          28  2.480797287081147E-011  1.149272582091381E-013
          32  2.001856641954467E-018  9.221805584006177E-021
          76  1.911282170452464E-018  8.821930870250399E-021
          82  6.715759303965329E-009  3.117221696366994E-011
          91  5.661508178759725E-010  2.645196238734241E-012
         103  2.338185894760033E-009  1.094042543376961E-011
         106  1.682735521153498E-019  7.755471069612918E-022
         123  4.128901093230770E-012  1.912801008837404E-014
          18
           5  3.212112642178525E-007  1.898391749662861E-009
           6  8.616598329064978E-003  5.256936608548235E-005
          18  1.303423231072675E-009  7.495153092910355E-012
          31  1.934535129436259E-019  9.658302655862121E-022
          34  2.210404444539242E-003  1.339148199404385E-005
          37  9.889979131473765E-007  5.758279977921147E-009
          44  2.204630853380303E-007  1.313695053283133E-009
          47  1.531553580038455E-013  8.210157560022866E-016
          49  1.182247842260884E-015  6.141810786006509E-018
          50  1.222981997801802E-004  7.444754000654635E-007
          58  3.517557309391426E-008  2.082085526091954E-010
          61  6.133986486676907E-003  3.724220747926780E-005
          71  4.372078192146638E-004  2.622494892152752E-006
          88  4.825735367780976E-013  2.625866364746563E-015
          90  1.079060823977413E-011  5.925912505182414E-014
         105  4.754229758485714E-003  2.882176226117952E-005
         111  2.511438387044113E-004  1.536824798595957E-006
         128  2.650229459446758E-003  1.614425424028868E-005
          21
           5  2.027345188335626E-003  1.204318502742261E-005
           6  3.910929358350529E-007  2.304028303087918E-009
          12  2.902763594002795E-010  1.619740944607360E-012
          18  6.213661783854507E-003  3.694070892175690E-005
          31  1.096103522160375E-003  6.473575718532562E-006
          34  2.540606148394685E-006  1.499357165200997E-008
          37  4.124020877195420E-020  2.015981232290671E-022
          44  2.080181951840701E-009  1.197563078228457E-011
          50  1.350754555786119E-003  8.154579124756368E-006
          58  1.867207420957180E-009  1.071572495777009E-011
          61  6.019507631776837E-011  3.377812593426232E-013
          71  1.590150147323444E-007  9.224263853606568E-010
          87  7.691027495119629E-005  4.441242157124362E-007
          88  6.296548321827545E-004  3.694280875762187E-006
          93  1.583212169110174E-009  8.704603234190061E-012
          94  1.449073584298945E-028  6.714975585690887E-031
          98  3.242865555874715E-020  1.586804569832247E-022
         105  1.012828041633582E-011  5.619961709503127E-014
         111  2.290012477357189E-005  1.373393634858895E-007
         119  2.007798244118483E-010  1.118436545359926E-012
         128  4.969930768431570E-011  2.801332098106138E-013
           9
          11  3.425968831776622E-008  1.594944299305909E-010
          13  6.014844532447101E-013  2.776710632715146E-015
          15  1.069036644422766E-008  4.968109066510635E-011
          52  4.551447517120713E-008  2.113224515441879E-010
          59  1.115128879036554E-011  5.159573185001487E-014
          62  3.308055183374672E-012  1.539780875643830E-014
          64  2.398114381291132E-025  1.113539396020028E-027
          74  1.632576194861807E-013  7.558531206094270E-016
         126  1.170206827590373E-008  5.433159447276976E-011
           1
          43  2.524322568678906E-025  1.163967339512034E-027
           7
           1  1.784189780920769E-013  8.227600758662487E-016
          24  1.943498382254650E-016  8.970733161568139E-019
          27  9.063472351385015E-011  4.184419322651652E-013
          36  1.429018396189811E-013  6.597792253461975E-016
          51  1.330489654733204E-011  6.138165492408589E-014
          81  7.376937194878314E-016  3.387895702513332E-018
         118  7.214010918679655E-011  3.331516214004494E-013
          18
           7  1.641223435455254E-023  7.572347115602940E-026
          16  5.374350168375483E-004  2.797430227175065E-006
          29  9.572224647413692E-018  4.503970490197386E-020
          41  1.569329585568264E-015  7.455563285952638E-018
          44  3.975976391975784E-014  1.959081898459131E-016
          46  2.186145578357574E-007  1.098233719295680E-009
          47  2.551562733547379E-007  1.308389359363155E-009
          58  1.647611153385688E-015  7.991201365939572E-018
          63  1.251083550250848E-012  6.045584802146094E-015
          83  1.154545353148069E-006  5.929059306061802E-009
          84  1.697531517260729E-005  8.668885770270937E-008
          85  5.045772712692311E-012  2.452771725577177E-014
          90  1.021831436069985E-006  5.265268982642035E-009
          98  8.807919152261295E-027  4.048643665620867E-029
         104  4.981522232092444E-008  2.496374472742113E-010
         109  1.150694243442832E-004  5.905448579233887E-007
         127  2.514798668697452E-006  1.273883397319354E-008
         128  4.553144180502620E-017  2.178798350641460E-019
          15
           4  4.373677443388023E-014  2.084775144638361E-016
           6  7.417740578034857E-016  3.564143225231927E-018
          10  4.199902780827436E-005  2.125033997540455E-007
          34  1.247603747130221E-013  6.118872962775188E-016
          37  3.269140160382108E-007  1.666298079221942E-009
          49  9.181613331302409E-019  4.306245381750696E-021
          61  9.550374103544060E-010  4.865754724542417E-012
          71  1.789467279023149E-011  8.923373273169677E-014
          91  5.425067977137103E-005  2.752203504413134E-007
         101  3.275746250400119E-010  1.608957581110465E-012
         103  2.349084456022271E-004  1.195414212072195E-006
         105  2.071357361376115E-008  1.068565150764449E-010
         112  1.665006070753894E-014  7.934845903468342E-017
         123  3.988582231483309E-009  1.965992844051396E-011
         128  5.629737810994239E-018  2.667684044882551E-020
           7
          10  9.022160141959465E-017  4.148135971672615E-019
          22  1.709479384886445E-016  7.861504175919982E-019
          28  1.994987697383428E-014  9.169004156052762E-017
          32  4.842475142747823E-016  2.219173369845447E-018
          76  4.316389854663901E-012  1.982850164836192E-014
          82  2.138805690957719E-016  9.819052436787981E-019
         103  6.405248302717270E-018  2.953899355893652E-020
           0
           4
           4  2.433715727286124E-017  1.121259873072884E-019
          19  1.904090999347115E-017  8.768277409520626E-020
          43  2.423857629915660E-015  1.118993808161697E-017
         124  1.421527891954683E-014  6.555770891900221E-017
          10
          29  6.398009833985426E-006  3.068792081000490E-008
          39  3.543412243374988E-010  1.664326390173178E-012
          60  1.983007281980557E-009  9.418191049250782E-012
          65  7.822961533829928E-009  3.703412244589541E-011
          73  2.770360349362159E-008  1.308880276039439E-010
          74  3.100229430066298E-015  1.436073795219192E-017
          83  7.013648792366354E-010  3.336988185893136E-012
          85  5.553535619818375E-009  2.617466681193082E-011
          89  2.385572762946690E-006  1.135997566078104E-008
          97  1.593374414700852E-006  7.546003486353510E-009
          17
          12  4.148740004837177E-015  2.003269119443247E-017
          16  2.343055973643807E-028  1.081812257287718E-030
          29  7.228731636739332E-004  3.737112402917870E-006
          44  1.644625585109390E-009  8.537303420621716E-012
          58  4.951432053529946E-009  2.578857194475504E-011
          60  2.632123340778869E-005  1.358927834454338E-007
          65  2.682604986489996E-007  1.359393535765574E-009
          73  7.688127872162856E-015  3.677142345901801E-017
          83  1.342157672172158E-003  7.014291089705103E-006
          85  2.230589067099110E-007  1.122347853613895E-009
          89  9.308340322536886E-008  4.677455647018950E-010
          97  9.356205804774111E-008  4.683907338021069E-010
          98  6.923371757795981E-006  3.638180177005701E-008
         104  1.492528894117124E-013  7.197144181337111E-016
         109  3.647162664174214E-015  1.744811351063109E-017
         119  3.589278561687578E-012  1.782304032034312E-014
         127  7.683744719825971E-011  3.787619481100708E-013
          16
          11  5.263976274870820E-012  2.518812940420991E-014
          12  3.694636233189029E-007  1.868883438254645E-009
          15  2.912642978651834E-009  1.412402452375792E-011
          29  6.338990227746172E-010  3.089453808531398E-012
          52  1.435909649753295E-011  6.867800680853432E-014
          58  1.945651873064905E-021  9.013630303160188E-024
          60  9.745949099892239E-005  4.915309238952037E-007
          62  2.371829203171769E-004  1.188247487832056E-006
          65  2.806707888391054E-004  1.407008726426244E-006
          70  1.956420071569213E-009  9.611569451533668E-012
          74  1.019441891226862E-006  5.019876855072904E-009
          83  8.369715121296151E-031  3.871864454585710E-033
          94  8.429087867571567E-007  4.219675085882704E-009
          98  9.407953959082230E-008  4.754261707327261E-010
         119  3.638220275332585E-007  1.844064051807886E-009
         126  7.864699043018738E-013  3.737762999487580E-015
           0
           1
         108  2.049390697570309E-018  9.448977155009837E-021
          11
          11  5.559344655115430E-007  2.598433896683468E-009
          13  2.301629570528900E-012  1.061022121028371E-014
          15  1.530435082305395E-009  7.110515672383639E-012
          52  9.906079523592421E-008  4.610979117023745E-010
          59  3.217646199424607E-017  1.481213606779259E-019
          62  2.938121046074007E-009  1.374564542026564E-011
          70  1.238323621167497E-014  5.745554917463755E-017
          74  6.774179525663954E-018  3.120182599987123E-020
          86  5.447054632530313E-031  2.508454716813806E-033
          94  6.652303789988082E-015  3.087779670506869E-017
         126  9.309602886209302E-010  4.319238404080635E-012
          15
          12  6.117373512995079E-010  3.020872233765888E-012
          15  5.101569961919616E-013  2.419312790466026E-015
          29  7.753184081183478E-006  3.854289559739841E-008
          58  2.112694569564925E-019  9.851463921705770E-022
          60  5.367872599660666E-004  2.705904443611583E-006
          62  1.605843230566219E-006  7.950661264718554E-009
          65  8.961638715432014E-004  4.486388481687185E-006
          74  6.202278341434372E-007  3.038460539554360E-009
          83  2.443476044522969E-010  1.192132303645787E-012
          89  7.062097146398992E-015  3.326263985177149E-017
          94  3.316928102002216E-012  1.596705305540796E-014
          97  7.513714639384853E-016  3.508097628766626E-018
          98  2.347033364049789E-007  1.185199362008742E-009
         119  2.494402309711170E-009  1.239557581826536E-011
         126  3.768801623647064E-026  1.738841943336083E-028
           5
          11  2.508650992094189E-028  1.160220879382727E-030
          15  5.519928710440127E-025  2.549167084190953E-027
          52  8.688399808963486E-021  4.007888257009636E-023
          59  3.419794355093625E-018  1.577635776193913E-020
         126  1.309836305394489E-018  6.046684900703652E-021
          15
          11  5.593975992881126E-015  2.615918811768749E-017
          12  1.387206469164897E-015  6.523391494585824E-018
          15  8.791350087071212E-009  4.197150856858406E-011
          29  5.063145674801679E-009  2.434588279230186E-011
          39  1.759636981322023E-030  8.167348134470698E-033
          52  1.289938520523578E-012  6.058679361032390E-015
          60  7.163647734862397E-006  3.507061574661082E-008
          62  4.351577710168860E-006  2.114830454642473E-008
          65  1.232668097171335E-004  6.018958339613737E-007
          74  1.467109466845851E-005  7.095053426035327E-008
          94  1.387454707536497E-014  6.531849195610392E-017
          98  6.703217166990797E-013  3.202236038883679E-015
         108  2.302784227930727E-016  1.069525192663572E-018
         119  5.502225912700015E-015  2.595896238913893E-017
         126  7.592905260697922E-012  3.578415656261020E-014
           0
           3
          24  3.093035731157101E-012  1.433659636518194E-014
          57  2.930476687902306E-019  1.359533277451271E-021
         118  6.089825973796332E-018  2.821954233039671E-020
           5
          17  4.943299958114938E-016  2.287788190643975E-018
          39  1.502558546353311E-025  6.966985813389890E-028
          73  1.556608117509069E-014  7.216624286080896E-017
          89  5.167226933611787E-022  2.393744898536912E-024
          97  4.233206838600081E-023  1.951953114945360E-025
          11
          29  1.687960297979583E-005  8.140107242942578E-008
          39  1.027924740309802E-014  4.777125827498418E-017
          60  4.381530376207495E-011  2.069581281765593E-013
          65  4.048926434426347E-012  1.895760885745129E-014
          73  5.811450937724166E-007  2.764806888068994E-009
          83  4.897899388906317E-007  2.367372613451251E-009
          85  6.724520680830441E-006  3.213217732211378E-008
          89  3.709401770050756E-005  1.779150206997898E-007
          97  3.486787244626959E-005  1.664807455913101E-007
         104  2.524140670643568E-012  1.180109665980470E-014
         127  8.308811915314991E-012  3.897806239244970E-014
          16
          12  1.513750190241825E-012  7.395296344418339E-015
          29  9.991908502454182E-004  5.091102708386054E-006
          44  1.779852292493419E-012  8.840272454559922E-015
          58  2.423526306722865E-011  1.215361237839880E-013
          60  3.423800628661080E-004  1.751306114740813E-006
          62  1.448151467194716E-013  6.935674119087452E-016
          65  4.356445000529220E-005  2.201287752692645E-007
          73  1.150998418490033E-014  5.462468723404863E-017
          74  1.472999276510728E-013  7.022608854978990E-016
          83  6.082382147656405E-005  3.108658116072471E-007
          85  3.082486387924004E-009  1.512706288765850E-011
          89  5.916735270090529E-008  2.930716614664722E-010
          97  4.258915356275993E-008  2.099746290094455E-010
          98  4.418099095795554E-006  2.282672464115195E-008
         119  8.563512508767115E-011  4.258722676067766E-013
         127  1.117247647354416E-023  5.164827516912600E-026
          11
           5  8.891045930528770E-007  4.693397816599392E-009
          18  1.519797231406064E-005  8.073466372466976E-008
          20  8.439407236715235E-016  4.029024914786311E-018
          27  3.122507607133355E-011  1.531316254964047E-013
          31  6.487119924953142E-006  3.428109294057080E-008
          50  4.943519406832411E-015  2.431048466075052E-017
          87  1.307794194858724E-003  6.891661379057575E-006
          88  1.909136547715439E-004  1.010415702248275E-006
          93  6.247970286285343E-004  3.245547971316571E-006
          99  5.480830768724347E-013  2.664307342081104E-015
         120  1.012308182786877E-009  5.042324565783404E-012
          20
           5  3.907041187200176E-007  2.354833580596756E-009
           6  6.367798272017381E-004  3.938788169214628E-006
          12  1.965734855505576E-008  1.163493587693225E-010
          18  5.345526882598862E-007  3.227011633726677E-009
          31  1.769471755904434E-008  1.046677065076483E-010
          34  1.234458889308667E-005  7.578692404019455E-008
          37  1.196038005026216E-020  5.956191127406850E-023
          44  1.263547252016843E-003  7.801077316534690E-006
          50  2.932811521214853E-003  1.823810998771420E-005
          58  8.048689255478945E-004  4.971942378153725E-006
          61  2.582558405274658E-005  1.585298105913280E-007
          71  1.298804502823774E-007  7.800666192944264E-010
          87  1.133175265190520E-018  5.776015151516202E-021
          88  2.456953938450163E-011  1.399023642978895E-013
          90  4.570385877881004E-019  2.318035616797215E-021
          98  2.920016473474619E-007  1.747978069785426E-009
         105  4.790510619425186E-006  2.927077683863887E-008
         111  9.710033328231445E-003  6.041013039579551E-005
         119  1.193953324280538E-007  7.097771371642819E-010
         128  3.705841498460171E-004  2.288592230817809E-006
           4
           3  2.886700393932502E-025  1.334528223291405E-027
          57  1.089220888013655E-014  5.045809580141773E-017
         100  5.048292662411059E-016  2.331263755266947E-018
         107  1.024668444671218E-016  4.742990742394382E-019
          13
           6  2.836008801423465E-008  1.525023998991221E-010
          10  9.006267205653563E-008  4.640119689255741E-010
          34  6.387861333812812E-007  3.458904531088872E-009
          37  2.657575520028542E-004  1.428585347970125E-006
          49  6.085475153449789E-009  3.140061273788262E-011
          61  3.467727429609177E-006  1.886936266482935E-008
          71  5.003179581762996E-006  2.703104552502219E-008
          91  1.324831401376401E-005  6.932321815540618E-008
         101  7.580815760390013E-016  3.655067494457957E-018
         103  3.533856481165929E-006  1.842625380733956E-008
         105  2.317039649830045E-005  1.267358479587981E-007
         123  1.678907240959253E-009  8.505278044426007E-012
         128  5.508070537389936E-010  2.913638767592135E-012
           8
           1  7.478905373373282E-014  3.451064585884235E-016
          24  5.570959705262157E-013  2.574951691004969E-015
          27  3.403352355940250E-007  1.586058243204549E-009
          36  4.022708987421886E-014  1.858215813312136E-016
          51  6.748442959765014E-011  3.123823350170440E-013
          81  3.198522383900265E-018  1.467924858816800E-020
          93  7.035270873031533E-012  3.271687182150443E-014
         118  1.675600187542750E-009  7.776024020975317E-012
          18
           6  7.154559556580465E-009  4.012521195740222E-011
          16  1.587835654073190E-004  8.836469732134947E-007
          34  5.234286894175013E-026  2.419755552231057E-028
          44  6.742309446416507E-006  3.867805001665739E-008
          46  2.658769949335933E-017  1.297862272310409E-019
          47  2.222941883848591E-005  1.235569346567817E-007
          50  8.685902013095966E-015  4.498448693405646E-017
          58  1.997454337384808E-006  1.141087264636058E-008
          61  2.141651815782210E-008  1.199201845881843E-010
          83  2.855551011007587E-008  1.547930947196726E-010
          84  6.680686128439575E-010  3.525427856025926E-012
          90  1.062040559682778E-004  5.927427873508019E-007
          98  2.471349051170148E-010  1.335284523671856E-012
         105  8.122149276987998E-010  4.457377874397029E-012
         109  5.371260354281149E-010  2.832943559452459E-012
         111  5.170522312446501E-008  2.939391016544688E-010
         127  3.093168043929523E-016  1.529320625334452E-018
         128  2.267709741871580E-005  1.307769768091826E-007
          15
          15  6.513044330220409E-019  3.008824588334372E-021
          29  7.375049635838695E-007  3.534334085398524E-009
          39  1.050584811154704E-010  4.936889047948139E-013
          60  2.888882292132585E-007  1.387842873492236E-009
          62  1.208216757109259E-012  5.660416431175809E-015
          65  5.007076817084476E-006  2.401413146588715E-008
          73  3.179494253193789E-015  1.477278297060076E-017
          74  1.029984145730271E-007  4.881298623084259E-010
          75  7.177865175021231E-022  3.317101477071315E-024
          83  1.111283470101401E-014  5.198719932078517E-017
          85  5.342100094928359E-021  2.462947983533664E-023
          89  3.184917114852246E-010  1.500441452456231E-012
          97  9.902022884819351E-011  4.635600507597084E-013
          98  2.045995424447138E-021  9.447794990313229E-024
         108  1.534081424035018E-015  7.095536792493303E-018
          20
          12  1.044214745555467E-014  5.150394546690809E-017
          16  7.208521264308255E-010  3.711081998415269E-012
          29  2.418274067926452E-005  1.276828817497901E-007
          44  1.761654623354277E-006  9.652341231872671E-009
          58  2.151827306724333E-006  1.179522140893028E-008
          60  5.408080683513056E-007  2.844139610457865E-009
          65  4.902027449947354E-011  2.471614830753750E-013
          83  1.981563287378195E-003  1.065313901672408E-005
          84  2.569557258454781E-027  1.186539794818704E-029
          85  8.476563071804586E-009  4.334592746950793E-011
          89  2.611707708742492E-011  1.309946935960291E-013
          90  3.143243634122413E-019  1.487640182736841E-021
          97  3.970001273276005E-011  1.986160571210699E-013
          98  1.976609537468561E-005  1.069772140921008E-007
         104  3.207525814746902E-012  1.595349389696166E-014
         109  3.908246678602315E-010  1.988543786941633E-012
         111  4.379194482821723E-014  2.213519749160684E-016
         119  1.147017401896640E-011  5.866716375225526E-014
         127  2.102913442669431E-009  1.074048796183295E-011
         128  3.536029088957118E-017  1.717712576751947E-019
           8
           7  3.448802819989868E-015  1.587202270573248E-017
           9  5.938604269766818E-015  2.732776273715029E-017
          38  1.465218950221363E-013  6.744027972098537E-016
          41  1.161042257110614E-019  5.349719166219820E-022
          42  3.159182162847906E-016  1.453051429651168E-018
          45  1.410245827682403E-012  6.485583459249752E-015
          69  2.901989565678125E-011  1.338513055219939E-013
         102  3.060896593934318E-015  1.411239932572704E-017
           8
          11  1.618429198509634E-012  7.552159643647209E-015
          23  4.018805739178244E-008  1.896810613988561E-010
          52  1.049257713134760E-018  4.840003769272542E-021
          55  1.393495184917293E-010  6.517406576777947E-013
          62  2.373535954803261E-013  1.108067066986099E-015
          70  5.174424483780967E-007  2.483047798248786E-009
          94  1.032609186333621E-008  4.935386435226323E-011
          99  1.383960021927523E-009  6.525018563212732E-012
          16
          12  1.761274405523018E-004  9.883485315503526E-007
          29  3.714420833213417E-007  1.992740693224009E-009
          31  5.008255803023241E-025  2.323811792866329E-027
          44  1.517841203917893E-004  8.700862269990831E-007
          50  7.387587908933132E-012  3.965134577768202E-014
          58  3.561262463818548E-004  2.042519074727658E-006
          60  2.598652490049146E-004  1.429081109659527E-006
          62  8.246221858571762E-011  4.286890411970897E-013
          65  1.866282273860717E-006  1.005408715141332E-008
          70  2.498593152624081E-013  1.268947214701663E-015
          83  5.518364943530512E-007  2.995550008788854E-009
          94  1.170604679443771E-008  6.270031595736179E-011
          98  6.393949200522536E-003  3.619732690270219E-005
         111  3.735548394991120E-008  2.104269879179064E-010
         119  5.695394765952033E-004  3.212008836886949E-006
         128  2.394981539384714E-017  1.182047328623598E-019
          11
          12  3.720196668845347E-007  1.924152227156274E-009
          18  1.380110842573368E-012  6.826295301871370E-015
          23  1.028531258617137E-007  5.138131100222159E-010
          31  2.408582128560655E-006  1.257280118338805E-008
          62  2.849974984208870E-016  1.350346422992272E-018
          70  3.732693769532486E-004  1.929167970036511E-006
          87  4.069615409337912E-009  2.056695322156241E-011
          93  1.371603759590422E-010  6.778598750207976E-013
          94  4.777689993222763E-005  2.469554466314358E-007
          99  1.467264606229910E-004  7.502463250358948E-007
         119  2.505499334932418E-008  1.285909336145395E-010
          13
          16  8.625865139074398E-026  3.995126126774932E-028
          21  1.791602934585074E-024  8.310441322253278E-027
          29  1.546491815376348E-007  7.483052846104946E-010
          33  2.644071316166625E-013  1.241672129284933E-015
          73  7.262923382209129E-009  3.468542475406616E-011
          83  6.296211572543283E-006  3.090231268253728E-008
          84  3.472795273362985E-027  1.609716307378701E-029
          85  8.963724560738946E-005  4.345614217982075E-007
          89  2.253907384769744E-006  1.088604076345403E-008
          97  3.541349179955939E-006  1.703604060122653E-008
         104  6.517543551531467E-006  3.151995239927561E-008
         109  4.890300304357887E-008  2.355500074663786E-010
         127  1.337811605969965E-005  6.492302054453490E-008
          10
           2  8.877358740098173E-007  4.218815481944385E-009
          20  1.663710354348932E-005  8.003134481201434E-008
          30  4.142347046608415E-015  1.921962708441455E-017
          40  2.711529822877278E-012  1.268727407704002E-014
          49  7.617104238124294E-009  3.649694488563547E-011
          53  2.439893472430873E-011  1.144910504165086E-013
          92  1.495486204612560E-014  6.940618588233545E-017
          95  2.455552194325327E-006  1.172967692306393E-008
          96  3.318938097528501E-013  1.544595894645221E-015
         120  1.322389421525249E-007  6.295387506324711E-010
          18
           5  2.410537155423521E-006  1.434607891519109E-008
           6  8.534037459948339E-003  5.211551807877522E-005
          18  2.072912566825010E-008  1.211408956694115E-010
          31  2.948052039476641E-015  1.557461498135375E-017
          34  3.644126412277789E-003  2.217024496935767E-005
          37  1.807331870758383E-006  1.054537793511401E-008
          44  1.621862005213303E-007  9.700081055954964E-010
          47  3.574256440286881E-017  1.827419066250231E-019
          49  1.071280898775127E-013  5.717003211881238E-016
          50  2.717077624973728E-004  1.658271630100193E-006
          58  2.771245228931395E-008  1.647278547865224E-010
          61  4.274738363853651E-003  2.599579816183777E-005
          71  8.218737985707356E-004  4.960966613148981E-006
          88  5.982345871532470E-011  3.361835631996104E-013
          90  4.264550472301538E-014  2.274511387460382E-016
         105  3.420104832796659E-003  2.073658358095541E-005
         111  3.143962489868180E-004  1.923338804240216E-006
         128  1.501748064186301E-003  9.174457054167487E-006
          14
          16  7.487858212971060E-013  3.554034663938275E-015
          29  8.894746531218964E-009  4.289374872674005E-011
          33  3.508753098129953E-013  1.650661553359839E-015
          46  1.705468894366756E-015  7.947858639724239E-018
          63  3.019571518070204E-015  1.406988167542392E-017
          73  2.611749013585594E-011  1.238120555628051E-013
          83  7.426874184429167E-006  3.660864266758129E-008
          84  1.177958385809038E-012  5.567975042723596E-015
          85  3.595371356848716E-005  1.747767008462813E-007
          89  9.170688776530720E-008  4.420069410632620E-010
          97  1.826812211158590E-007  8.775847272049489E-010
         104  3.381693280312581E-005  1.645397595818902E-007
         109  3.598062239785801E-006  1.754129038790998E-008
         127  8.855041291096834E-005  4.329890370579336E-007
           7
           2  7.250295927326952E-012  3.345623806013422E-014
          40  3.012684642941283E-027  1.392532139897675E-029
          53  2.399973738308112E-017  1.109409112935703E-019
          92  1.434330245068646E-012  6.609750056881432E-015
          95  5.013751245721624E-015  2.321301496213291E-017
          96  1.425418401170199E-014  6.567631311905194E-017
         117  2.218715533664780E-017  1.027590951909437E-019
          16
          12  5.004299891931920E-003  2.808755192798685E-005
          18  1.270043400313473E-017  6.203319130892942E-020
          29  2.379993882627716E-013  1.202574201138227E-015
          31  7.711564072793035E-010  4.140788929684674E-012
          44  5.526974317804268E-006  3.137417308012701E-008
          50  2.431609394673561E-010  1.330392798182359E-012
          58  2.156783242573988E-005  1.225731600677541E-007
          60  1.596903338401286E-005  8.709904937005445E-008
          62  9.371479901948725E-008  4.990042111971858E-010
          65  2.131637482670141E-007  1.138411284322164E-009
          70  2.143789695396426E-006  1.161547583418128E-008
          83  5.988867901923941E-016  2.961258644923665E-018
          94  9.429589235798669E-005  5.178648641510520E-007
          98  7.564657467303359E-004  4.251863273210945E-006
         111  9.590813911111818E-009  5.333739737659040E-011
         119  5.889417827266175E-003  3.314996711062743E-005
           8
           9  6.862628777990230E-013  3.157430365749597E-015
          38  4.791662058612075E-012  2.205504616039086E-014
          42  3.290139845622879E-018  1.512479643753547E-020
          45  8.308056258294854E-016  3.819625641005504E-018
          69  2.621790895106018E-016  1.208457926650835E-018
          78  4.202326443848698E-025  1.934689661777934E-027
         102  5.030662139823412E-016  2.318923056826001E-018
         124  6.595657313951152E-017  3.037133731499853E-019
          16
           4  7.656000943402593E-009  3.750266041423152E-011
           6  2.014205747628135E-020  9.341896420165793E-023
          10  2.731263935804994E-004  1.376100280239128E-006
          34  3.110094821981450E-022  1.437283764461467E-024
          37  1.499404628587129E-010  7.406896430195529E-013
          47  3.332185415963712E-015  1.585727976051510E-017
          61  1.390142186264205E-010  6.981925754008016E-013
          71  8.767134150086196E-018  4.119576419218784E-020
          90  1.073206689785113E-016  5.058670742343292E-019
          91  1.406312194489522E-006  7.030286834784625E-009
         101  7.007527439503875E-007  3.495665513460646E-009
         103  1.775136242884820E-004  8.968639099523528E-007
         105  2.550976489810572E-009  1.296141353775744E-011
         112  7.933903487412479E-009  3.902488323144788E-011
         123  4.032681001827273E-014  1.914355146359317E-016
         128  6.718413243440063E-018  3.171353663351222E-020
           8
           2  7.851948897131761E-009  3.638401920905760E-011
          20  1.493645967649293E-015  6.921209528439118E-018
          40  8.076738830299431E-011  3.744147828734535E-013
          48  8.241004466583128E-018  3.803021421935014E-020
          53  4.364580802291435E-010  2.024251623440687E-012
          92  1.121610983096636E-015  5.177059107364618E-018
          95  9.841248308916373E-009  4.579573793401403E-011
          96  3.690573183264751E-022  1.703159365763130E-024
           3
          14  4.175193592323756E-012  1.925470444821036E-014
          46  4.632068939545505E-021  2.133996963449507E-023
          63  8.926875872278447E-013  4.114689703385372E-015
           4
          21  2.123274331411579E-014  9.809055258062020E-017
          33  2.964412954536072E-014  1.369673737207627E-016
          73  1.313031858181844E-024  6.066026165183761E-027
          85  1.182530582284367E-029  5.443958271307461E-032
           3
          24  5.018152629592332E-022  2.315905786267056E-024
          51  1.513337230345201E-025  6.978310407420698E-028
         118  8.021807617655984E-021  3.701918959925379E-023
           3
          17  2.900594101106185E-029  1.337107491409060E-031
          39  1.469136371563731E-012  6.785892138853428E-015
          75  3.720446344737780E-021  1.715974737594903E-023
           3
           3  4.026639450030636E-030  1.859625640870702E-032
         100  7.087094677223334E-022  3.269410531880909E-024
         107  1.451711907152494E-022  6.712853065443663E-025
           0
          17
          12  4.188099535879976E-003  2.321011821988703E-005
          18  2.018408142173854E-025  9.295519706254526E-028
          29  1.085612208331126E-014  5.348725842749478E-017
          31  1.693938042727841E-010  8.907560718601108E-013
          44  2.177023445748342E-007  1.203012430501365E-009
          50  6.558331819552391E-013  3.408702511970353E-015
          58  1.294525542306698E-006  7.194574219976697E-009
          60  1.410565731736446E-005  7.570940893737301E-008
          62  1.392190450429563E-006  7.362967320905447E-009
          65  5.175586869606626E-007  2.724647247579079E-009
          70  1.488950722983641E-005  7.987423439402267E-008
          74  1.185838703462790E-023  5.509390343962122E-026
          83  7.410674977128558E-023  3.462085404974003E-025
          94  3.630892026470907E-004  1.970015778895939E-006
          98  2.056129175164652E-004  1.135558179271130E-006
         111  5.452330229152802E-011  2.908646214412165E-013
         119  3.924967578022890E-003  2.177454014406650E-005
           9
           4  6.348096579781556E-016  2.923570015525656E-018
          10  9.443316250934990E-010  4.388442903670524E-012
          22  5.848763480971848E-014  2.699930279611118E-016
          28  1.555894104435031E-013  7.179129861521126E-016
          32  1.619368131001479E-016  7.444509637669710E-019
          76  1.248833226188052E-011  5.764660010061828E-014
          82  1.204210987957832E-013  5.550289571604003E-016
          91  8.858708469081956E-020  4.093997010101176E-022
         103  3.566497873344179E-010  1.661990021616549E-012
           1
          17  2.602565429183315E-029  1.201423748399812E-031
           8
           1  1.694813453035072E-013  7.824721216082075E-016
          24  7.561037716830410E-013  3.495884220859183E-015
          27  6.410276623933484E-008  2.978012350169535E-010
          36  1.147787358429656E-013  5.305028237860090E-016
          51  8.946772540735037E-011  4.138786881664080E-013
          81  4.205165787069999E-017  1.932066095397675E-019
          93  8.067888825233250E-016  3.731629087703892E-018
         118  1.521751892942366E-009  7.054601833037564E-012
           1
         124  7.389471893862955E-024  3.404755367494517E-026
          17
           5  3.856388522564685E-004  2.223232805786326E-006
           6  1.125079989942191E-005  6.516325945817377E-008
          18  1.844005109343592E-006  1.047693028411262E-008
          20  9.126558965552722E-011  4.801804132734869E-013
          31  3.316570916146722E-013  1.737949610189842E-015
          34  1.556299836365310E-003  9.055782357316073E-006
          37  1.860074992745790E-004  1.049387974289284E-006
          49  2.675672588606336E-005  1.487879327475503E-007
          50  2.722074723461237E-006  1.581506920602355E-008
          61  1.255237305775452E-006  7.162872031748168E-009
          71  3.333557404495403E-003  1.931912296920524E-005
          87  4.364592058737337E-013  2.263745402790835E-015
          88  7.171247186049374E-006  4.045688176742880E-008
         105  3.392241571917748E-006  1.944268070277863E-008
         111  6.365310750272301E-009  3.606118412770820E-011
         120  8.109645217543852E-016  4.031134411247846E-018
         128  1.415607846552316E-009  7.912010789735557E-012
          11
           5  4.497231352068408E-007  2.328572613790153E-009
          18  1.191239364038195E-007  6.134104937743791E-010
          20  1.302156042874738E-006  6.540607499692172E-009
          27  6.800278396209567E-012  3.284140410853595E-014
          31  3.025250872238671E-011  1.505805870414765E-013
          49  2.570067054443764E-016  1.217338032936409E-018
          71  2.100324928192694E-023  9.675668151797982E-026
          87  3.678497797753691E-006  1.881723152915371E-008
          88  6.269638342877151E-005  3.255888431879709E-007
          93  5.497151785814959E-007  2.768496752550595E-009
         120  4.775985511000184E-005  2.413033660900796E-007
          17
          12  2.840854335311541E-012  1.362868348061077E-014
          15  2.094173593760653E-011  9.917794485409704E-014
          29  1.692973041173807E-006  8.282681396193483E-009
          39  6.447414259945197E-024  2.975519712409803E-026
          52  5.080006595248548E-020  2.340626570473132E-022
          60  1.336271933999070E-004  6.631833108651838E-007
          62  1.321422425134570E-006  6.455776130050217E-009
          65  5.144401724811298E-004  2.536300568702674E-006
          74  2.556563064815993E-006  1.240233498473618E-008
          83  1.210624765348390E-012  5.763040596477655E-015
          89  8.936035871038829E-016  4.164915431737185E-018
          94  3.013100968742678E-014  1.420277850606992E-016
          97  4.769359527827182E-017  2.204814823219839E-019
          98  3.966076116582433E-009  1.951407958015720E-011
         108  8.141919127531874E-027  3.740622210159763E-029
         119  1.549421836094294E-011  7.486951056171756E-014
         126  6.590240832172351E-018  3.048158508103537E-020
          10
          10  1.753016035106377E-009  8.288072514495953E-012
          22  1.548151162161085E-011  7.243249105577515E-014
          28  1.775289175409768E-022  8.189739269805245E-025
          37  9.558248307622668E-014  4.487073259116300E-016
          72  6.323352139405996E-017  2.930639590087494E-019
          82  1.055933902426625E-010  4.943420044963734E-013
          91  6.302382836903391E-005  3.036552477943095E-007
         103  3.077010197536884E-006  1.477281913242655E-008
         110  2.313317532556065E-023  1.070329384609379E-025
         123  9.704128031466953E-006  4.635422326538279E-008
          12
           4  6.370474130519158E-007  2.981241664219332E-009
           7  8.501768122998498E-018  3.922247566108798E-020
           9  2.680741504740179E-013  1.239484658336549E-015
          10  2.527305331446993E-015  1.169616529864301E-017
          19  1.178689629260473E-017  5.436219804037267E-020
          38  9.670652142722863E-008  4.509857856770717E-010
          42  1.665646886203100E-008  7.768792483348104E-011
          43  9.107309613960823E-022  4.210378189078447E-024
          69  1.141309357365751E-020  5.275853396990679E-023
         101  1.264924193932996E-008  5.925426072097153E-011
         112  3.228295765795533E-007  1.514196025462939E-009
         124  3.058069840474880E-009  1.422841429542339E-011
           6
          23  4.573656682106605E-007  2.136926717297646E-009
          55  2.128041735830318E-010  9.881688375196972E-013
          70  2.159192054776926E-025  9.996384332085434E-028
          99  3.068353732829943E-010  1.430946374877679E-012
         100  4.636830698507058E-013  2.146533964886881E-015
         107  9.867292123409993E-017  4.570948411769507E-019
          11
          21  8.895606115214308E-012  4.119337596557451E-014
          33  6.356276834942339E-009  2.954515741126583E-011
          63  6.840270324885554E-015  3.150524967706475E-017
          73  4.784079912103568E-015  2.210594795155096E-017
          83  1.114873828366469E-024  5.148089001316077E-027
          85  1.536556999636319E-008  7.148793390810945E-011
          89  2.204380238892588E-013  1.019836166163831E-015
          97  1.362231545149084E-012  6.278825110203934E-015
         104  5.428089804939574E-007  2.535299906828868E-009
         109  1.049180857002843E-010  4.883862421745420E-013
         127  1.406135307998718E-007  6.577937244070815E-010
          10
          11  6.981264289907482E-007  3.263247350008620E-009
          13  1.336743126423108E-012  6.163966119988861E-015
          15  7.777464294317923E-008  3.625037815048943E-010
          52  4.463545496433888E-007  2.079485269512057E-009
          59  1.659646697642721E-012  7.666538891711087E-015
          62  1.173064316038951E-008  5.495189533362779E-011
          70  3.964602754019154E-025  1.830823356408145E-027
          74  1.155016826855979E-011  5.351726251152849E-014
          94  4.625901431738792E-020  2.138980363554772E-022
         126  4.011194451082224E-008  1.866555511012612E-010
           3
          66  5.328455317480051E-019  2.462405626123886E-021
         122  5.882963737334596E-014  2.717490214346891E-016
         125  3.742163916047858E-018  1.727956005741275E-020
          14
           4  4.738397015636916E-009  2.213116078792336E-011
           7  2.128693818780915E-007  9.973635086186560E-010
           9  6.764831865724846E-012  3.132564394086613E-014
          38  7.758021940375016E-007  3.633429232486160E-009
          41  2.930454057396429E-009  1.369255775872817E-011
          42  7.442684958248075E-006  3.500805747440515E-008
          45  5.436302987559263E-013  2.511112586386240E-015
          47  1.945795403718880E-014  9.064377725059486E-017
          69  7.150871950927987E-009  3.339013515635952E-011
          90  5.263258129786691E-019  2.432267602631812E-021
         101  1.507910209591147E-008  7.081004092067513E-011
         102  4.530126552693307E-017  2.091016268685813E-019
         112  2.235846514105244E-007  1.051519178244567E-009
         124  2.932744460405822E-013  1.356770731506017E-015
