         154
  0.199847203786339     
  0.198976636193027     
  0.200057355783141     
  0.199476642894498     
  0.199863771880312     
  0.201253094536958     
  0.199021423245216     
  0.199083870722820     
  0.200842085534251     
  0.199407159406452     
  0.199498767144718     
  0.198255315911684     
  0.198180762758284     
  0.200453215375513     
  0.199723551092202     
  0.199771798088978     
  0.198811916732122     
  0.199715989058823     
  0.200438564426148     
  0.199812797426868     
  0.199082955137932     
  0.187584531339609     
  0.198714426397208     
  0.199568096210458     
  0.199581457811756     
  0.200456739028646     
  0.199993326833558     
  0.200297664938059     
  0.199262293161943     
  0.200214551543445     
  0.189436945706410     
  0.194125692311102     
  0.199943011282044     
  0.200833378602084     
  0.200274394559540     
  0.199733267242164     
  0.199506588237440     
  0.165159133487281     
  0.199013567053539     
  0.198845878903656     
  0.199335189192294     
  0.199836801840439     
  0.197167795877397     
  0.199809382191647     
  0.181711746109397     
  0.198771415135734     
  0.193333383879266     
  0.198646472700622     
  0.198101469024247     
  0.198689626388650     
  0.200070958870293     
  0.199579378595718     
  0.198057243785858     
  0.199760715163508     
  0.199308982913736     
  0.199541709023053     
  0.198343291098529     
  0.199612273383488     
  0.199586688150609     
  0.199939985197396     
  0.198786766335151     
  0.199212934412405     
  0.198620169377863     
  0.200148374820817     
  0.199881534556685     
  0.199579532813130     
  0.200409708877033     
  0.200135539542114     
  0.198968826829864     
  0.200073683775099     
  0.200224685743751     
  0.186032907037123     
  0.198519641777235     
  0.198532784509414     
  0.198561027377997     
  0.198307485921550     
  0.199102855142991     
  0.195022719711076     
  0.200137423512345     
  0.200741962301134     
  0.198972250257098     
  0.185101314805371     
  0.198984133803009     
  0.182711245655180     
  0.200124000441801     
  0.198277970078372     
  0.199855965222315     
  0.198960018837407     
  0.175221280732602     
  0.182896583574358     
  0.197723819215000     
  0.199884822971406     
  0.199649414915623     
  0.199229368614516     
  0.199736973109513     
  0.200515075832619     
  0.199460669687948     
  0.199548578429885     
  0.200447406231410     
  0.199290228222180     
  0.199151806643818     
  0.200936114031350     
  0.199593876978541     
  0.199742327020350     
  0.199529465793132     
  0.198666176913889     
  0.199543209089420     
  0.199075975397703     
  0.198223209479819     
  0.198832204434361     
  0.199922391915329     
  0.199335676170035     
  0.198217148305192     
  0.164671024341733     
  0.199254085169144     
  0.198311012782097     
  0.200040874135856     
  0.193506367301876     
  0.199668534964337     
  0.197848697196603     
  0.199148444333418     
  0.199884268616367     
  0.195525768021137     
  0.199881905994548     
  0.199081311030815     
  0.199918389583172     
  0.174598834097660     
  0.199130662048527     
  0.199008250788476     
  0.196775474850990     
  0.199442961359118     
  0.199470943161366     
  0.199231921517527     
  0.200977691772238     
  0.200082091845758     
  0.199621440214089     
  0.199651300266300     
  0.198874952040928     
  0.199124347520523     
  0.197729446961133     
  0.198690568157163     
  0.200187793121299     
  0.199750266154023     
  0.200033271496451     
  0.192759796075263     
  0.199135620259953     
  0.200020065864987     
  0.199856056717811     
  0.199241527533788     
  0.198241925949266     
  0.199706198043225     
  0.199767638751187     
  0.199009063681099     
  0.199557941629961     
