         164
  9.192464638787669E-002
  0.198156167449365     
  0.199610864597788     
  0.200055522184359     
  0.200657595137726     
  0.179595350183365     
  0.198975041784306     
  0.183114177379469     
  0.198395144938465     
  0.199503686319821     
  0.102627475261951     
  0.198643209602048     
  1.513502824045231E-002
  0.199805836415180     
  0.200287062499434     
  0.135943718224757     
  0.200862774618028     
  0.199453312057237     
  0.199165241919456     
  0.179167202707790     
  0.197467179927072     
  0.192142883522860     
  0.199527843757511     
  0.199367696885030     
  0.199206365894190     
  0.199382479779321     
  0.199958400382953     
  0.200753474494547     
  9.356627840317437E-002
  0.199376460796037     
  0.175035787179596     
  0.199810120827770     
  0.197992655492287     
  8.852417698015709E-003
  0.199544899391325     
  0.200151038552685     
  0.199990148039483     
  0.199718590673828     
  0.198257515350943     
  0.200259257640335     
  0.200091960823550     
  0.199278559538768     
  0.200006919015589     
  0.199887666446031     
  0.199419621113898     
  0.199541402094526     
  0.197774865687764     
  0.200724989029504     
  0.172924576511710     
  0.199992776746453     
  0.199109438029040     
  0.199830702123761     
  0.197063172989978     
  0.199467170939507     
  0.200528845590871     
  0.118615692061797     
  0.199119259147081     
  0.198318873631492     
  0.199558169084369     
  0.199755943262226     
  0.200516514863606     
  0.200867185328244     
  0.199855539290847     
  0.198490942804284     
  0.199809977403525     
  0.199670606633275     
  0.148058116543028     
  0.200418475423354     
  0.199806057551864     
  0.199164689248590     
  0.201232007600240     
  0.199111150188900     
  0.120584963180079     
  0.196132399396432     
  0.199662736557204     
  0.172201355757076     
  0.199766893469548     
  0.200098446830536     
  0.198806457039379     
  0.199449124676089     
  0.198308599389667     
  0.198971797559731     
  0.199374446824995     
  0.198570793886613     
  0.198745054891389     
  0.200744233413504     
  0.127524625312018     
  0.199850020606827     
  0.199089131481647     
  0.181831203065128     
  0.198719559581960     
  0.148529441700037     
  0.157453857614930     
  0.199410441740110     
  1.644824589954381E-002
  0.199375184533121     
  0.196402347851821     
  6.308606672483806E-002
  0.199587093081266     
  7.126976357275763E-002
  0.198706449103790     
  0.200624493547389     
  0.195758094133868     
  1.584121995757122E-002
  0.199893074806083     
  0.199841732259643     
  0.200324069368632     
  0.200347645144021     
  0.199093132770285     
  0.199186926525940     
  0.199309866453252     
  0.199086977640804     
  0.199534604885221     
  0.198991557419327     
  0.198917452020731     
  0.198453334424162     
  0.119992048213660     
  0.200583751737465     
  0.200078551228147     
  0.199692474495305     
  0.198953953849511     
  0.199465105053199     
  0.199746852472667     
  0.200137128673620     
  0.199375303412042     
  0.198470312426266     
  0.199783948862154     
  0.198841628589124     
  0.198598700793026     
  0.153954133289505     
  0.199222131770103     
  0.200183456603548     
  0.198619073259904     
  0.184358865812919     
  0.199215477873922     
  4.666026151083272E-002
  0.199371589481091     
  0.199971141043457     
  0.200423595351229     
  0.200822695547804     
  0.198768578554717     
  0.199406433901848     
  0.120393169218398     
  0.192811475212046     
  0.156900758909034     
  0.200262977190322     
  0.199954654933617     
  0.186017523249722     
  0.199062022843415     
  0.198201051167490     
  0.199249452828991     
  0.199653552585405     
  0.199884418049014     
  0.198642313022998     
  0.200758046181151     
  0.198848439662841     
  0.199786809398093     
  0.199584074237511     
  0.198832341240245     
  0.200569610076972     
  0.197106620012866     
  6.693617777700825E-002
  0.200027747420508     
  0.200164563808485     
