         117         121
          17
           1  9.522183844819649E-029  4.382089211449480E-031
           2  1.065839587127131E-019  4.918564104040529E-022
           4  1.233846356679305E-016  5.685224081304250E-019
          15  6.191063941532286E-018  2.858443727374605E-020
          22  3.528831214730524E-017  1.630696645627509E-019
          41  2.192971293212426E-026  1.007710839727659E-028
          48  2.943699365279870E-008  1.374813486331411E-010
          54  1.348310445869636E-012  6.252567521935433E-015
          59  5.179144912583913E-019  2.389351717105114E-021
          60  3.971315374380976E-021  1.832256028747112E-023
          69  9.622984677153653E-010  4.480948595706049E-012
          73  6.393654108947620E-013  2.968080448447968E-015
          92  1.602391187552563E-014  7.424971314115335E-017
         105  7.709057801848442E-014  3.571369767642664E-016
         106  3.181502831027445E-013  1.479689133737567E-015
         110  7.247803360299994E-006  3.414045786792910E-008
         117  2.388094950862758E-011  1.112150455870423E-013
          13
           2  4.472920134535508E-011  2.082044827881550E-013
           8  5.025290633133202E-010  2.347348035459567E-012
          16  1.100185306973453E-011  5.097478116066804E-014
          20  3.718553599450872E-011  1.729267343609979E-013
          31  6.183911295377239E-013  2.869768363507586E-015
          45  7.051501250809616E-023  3.251680392851224E-025
          58  4.045411605467454E-020  1.871466864375992E-022
          59  3.103831346722500E-011  1.444378463437817E-013
          60  1.848392850449913E-015  8.568262188686980E-018
          68  1.306944020281831E-011  6.077585530849779E-014
          91  1.692714679956163E-016  7.829145583089374E-019
          98  2.022864699916774E-015  9.388360635415074E-018
         114  3.619210488879568E-007  1.692990639421533E-009
           8
           9  1.642187353546219E-010  7.591018709832306E-013
          12  3.043102299536570E-012  1.407397443615102E-014
          21  5.375499087154236E-010  2.479417843788681E-012
          24  2.312830566168005E-012  1.066080461981000E-014
          29  1.984262855736996E-014  9.144059428480023E-017
          61  1.844425370009261E-010  8.511246441302119E-013
          81  3.469262145954384E-030  1.599610422358744E-032
         116  4.133098121161252E-013  1.908800023156979E-015
          14
           3  5.308326242296431E-014  2.473029246615798E-016
           6  9.381618135157775E-006  4.507362221816191E-008
          19  8.104559296134247E-011  3.826970374297079E-013
          27  5.951116873990954E-014  2.776877694287553E-016
          35  6.836462680299095E-009  3.230304068323433E-011
          40  3.869110433831007E-013  1.813804416460097E-015
          42  1.815307196842677E-010  8.522000554179977E-013
          46  1.415225938018137E-006  6.757892969151343E-009
          53  1.002258430303054E-007  4.769189781302804E-010
          62  6.771575727735123E-020  3.118340986955530E-022
          77  4.171332201602520E-007  1.994151260314561E-009
          78  8.011014501058128E-015  3.745403562454890E-017
          89  2.671519427550092E-009  1.264058185146492E-011
         115  1.673191224490625E-011  7.850777646710815E-014
          18
           1  3.677386617640519E-005  1.857328460191111E-007
          11  1.082620252248457E-008  5.357076005465102E-011
          15  5.263856710089213E-005  2.656143813079015E-007
          28  3.719037316932561E-018  1.741117934242540E-020
          30  4.226970287132226E-011  2.045077070034341E-013
          38  1.268145273037671E-022  5.885337382096914E-025
          43  8.284427110784921E-008  4.087787703681163E-010
          47  4.179782907031524E-007  2.066999182293972E-009
          55  8.971266997564499E-004  4.543614815062564E-006
          67  1.021747688682666E-004  5.169580384387724E-007
          73  6.667812046464151E-006  3.339554745534848E-008
          74  3.682306233748256E-021  1.705774266675165E-023
          84  9.834087299342560E-012  4.794620237623940E-014
          92  9.219244024619785E-016  4.351934144444257E-018
          97  5.532438821874966E-004  2.802761681719739E-006
         100  6.038434150159602E-008  3.023614174839319E-010
         102  1.269223562476143E-009  6.187086340318853E-012
         105  1.446478065384267E-007  7.159703268336963E-010
           2
           5  9.418462572247038E-025  4.359232787065721E-027
          52  1.627311316287650E-017  7.524351283142234E-020
          19
           1  1.966021682117787E-005  9.845497728313401E-008
           2  4.553855357183583E-010  2.205944937238028E-012
           8  3.295519300370411E-022  1.526097329204962E-024
          15  2.909312372518178E-006  1.448366433889123E-008
          23  1.786631360007052E-005  8.970570527092850E-008
          28  9.157577475248234E-012  4.440152320976279E-014
          45  4.202283098968823E-010  2.044125297024857E-012
          55  6.159244662579599E-023  2.846238872046221E-025
          58  5.358307028914516E-009  2.631234406495102E-011
          59  2.879995305279729E-008  1.409748413622250E-010
          60  1.205611711126169E-005  6.005044785802694E-008
          73  4.723573595934763E-006  2.345397640075375E-008
          80  1.481200598820975E-006  7.408465944108044E-009
          84  3.328157656592664E-007  1.663066461362222E-009
          92  7.628808128611029E-004  3.844956893632268E-006
          97  1.720556322503429E-011  8.305828652943678E-014
         105  1.444447935352067E-010  6.985611346588187E-013
         106  2.522964675723024E-004  1.266724559843916E-006
         110  3.671726641510439E-007  1.805339314377945E-009
           9
          33  2.120246582757283E-017  9.759107621938521E-020
          36  6.334591389814972E-015  2.923536800802384E-017
          46  7.561415357942489E-013  3.487560841912699E-015
          64  3.824044494920144E-014  1.760887303282729E-016
          77  2.676770219771692E-012  1.237833877901434E-014
          83  4.683297092086415E-021  2.154097887212538E-023
          99  3.230397913219824E-009  1.494706769666370E-011
         115  4.726778795885149E-010  2.185259808831896E-012
         118  3.683747793524176E-022  1.694817876216402E-024
           7
           9  3.577305606632466E-011  1.655078298334691E-013
          12  2.293542888626699E-013  1.061818335298313E-015
          21  8.749151233350292E-011  4.037985926436375E-013
          24  5.744407356104875E-012  2.650884136410535E-014
          29  4.359043316445535E-014  2.011410064820468E-016
          61  1.509256941123411E-013  6.964313080192732E-016
         116  5.781487587134348E-016  2.673054896278714E-018
          21
           1  9.486963408530294E-015  4.616234351217118E-017
           6  2.448308865395018E-025  1.133541610013509E-027
          11  1.054041741204505E-019  4.953041682472647E-022
          13  1.979595872027159E-004  1.051067982789922E-006
          18  1.782025402347864E-014  8.686580839237023E-017
          23  9.798735359068775E-009  5.041021939521218E-011
          28  2.128452342459797E-003  1.138816790887375E-005
          40  2.760215547969041E-013  1.357845922377457E-015
          45  1.081784963914860E-008  5.539782705727731E-011
          58  3.343399793780599E-009  1.710971227516121E-011
          72  6.106531834624055E-009  3.119187953000056E-011
          75  3.124227799445862E-003  1.667586933771594E-005
          78  3.880721717344522E-008  2.008635653030714E-010
          80  6.614236986037800E-007  3.456190308702758E-009
          84  1.415017724449916E-004  7.521996438508219E-007
          92  7.457823119400036E-014  3.656535129302963E-016
          98  3.353135704702469E-022  1.565669877739646E-024
         100  1.913685520565242E-009  9.816747816335456E-012
         104  6.244132923246297E-007  3.252376849933984E-009
         108  1.839431947914800E-017  8.752127185929234E-020
         119  1.011303896183785E-004  5.342163354713844E-007
           0
          14
           7  1.725202465989784E-010  8.066754959769745E-013
          10  6.309870838801796E-007  2.981717630647578E-009
          18  1.737334117470901E-009  8.199469904878678E-012
          27  1.620253974587118E-028  7.494723723032141E-031
          40  1.207111962917800E-013  5.629651297601598E-016
          49  6.851022085663554E-010  3.206846540631111E-012
          62  4.979600271031267E-015  2.299594662925501E-017
          72  6.599043178363228E-010  3.110467708551286E-012
          76  1.036270619539247E-006  4.895143686461874E-009
          98  5.847047696259956E-025  2.706573590753308E-027
         104  1.723487294734076E-010  8.139597846988080E-013
         108  5.369335464984276E-009  2.530818288844853E-011
         119  3.744032194248970E-015  1.741587729456032E-017
         120  1.933603600443883E-022  8.938826781284842E-025
          19
           1  2.261350872042449E-005  1.124846288147201E-007
          11  8.642881275984938E-015  4.067861204750651E-017
          15  1.131058570087275E-004  5.632012676324574E-007
          26  7.931436782455564E-018  3.683662526468979E-020
          30  2.916376626412144E-008  1.416604980283793E-010
          38  2.141286085630391E-022  9.918114584535230E-025
          43  7.028386066947588E-006  3.454696488128669E-008
          47  2.792111205129607E-006  1.367521832422969E-008
          55  3.750324069102706E-004  1.866611295843072E-006
          67  2.341561919931644E-006  1.158933054107408E-008
          73  3.794537836001652E-005  1.878753055779288E-007
          74  7.802332505062251E-012  3.708794616495393E-014
          84  1.754440388184203E-017  8.191470269305493E-020
          92  2.735597911587865E-016  1.279408290104857E-018
          96  1.005926114918849E-013  4.746039931258704E-016
          97  8.099942373899344E-004  4.042872988538311E-006
         100  2.823903580386579E-013  1.347326154791436E-015
         102  3.205999272947085E-007  1.563505489558438E-009
         105  1.062286243357731E-005  5.234198558411417E-008
           4
          17  5.663221116628605E-025  2.611764280506716E-027
          34  7.272134233292303E-028  3.361623174748421E-030
          49  5.440165631550877E-022  2.508447173129320E-024
          85  2.510347875664564E-019  1.159584320442030E-021
           8
          26  1.595856939714723E-012  7.353733268203292E-015
          30  4.004471252127731E-010  1.852426777070842E-012
          43  1.373059700572175E-011  6.341028059500888E-014
          47  3.557348315347230E-017  1.636423527642432E-019
          74  5.427714501748274E-009  2.506660765673156E-011
          96  7.148491259000096E-009  3.305948805842247E-011
         102  2.658303015807512E-010  1.228006040382830E-012
         105  2.414220491022980E-019  1.112994659573516E-021
           0
          13
           6  9.834965749804722E-010  4.599253061741241E-012
          18  6.641276276316720E-031  3.077702065275647E-033
          19  1.928397780991126E-008  9.044984644561224E-011
          27  3.185128088394936E-009  1.489214901855818E-011
          35  1.705592478685525E-009  7.944901341350440E-012
          40  2.542649459068102E-015  1.181240257619888E-017
          42  2.382536053362309E-017  1.100936606442540E-019
          46  2.061557601386450E-023  9.537510581428459E-026
          53  1.021325098447676E-006  4.790631709669350E-009
          62  4.933961008023403E-011  2.288213322398050E-013
          71  2.721039150344554E-016  1.258337626747159E-018
          89  5.502518611091212E-007  2.579722889247801E-009
         107  1.491744549498695E-016  6.903568977464895E-019
           6
          19  2.470402864299935E-020  1.142471043497644E-022
          27  1.913495381944631E-018  8.838550606326691E-021
          53  1.322841210029928E-017  6.106738240983264E-020
          62  2.888768747141084E-024  1.327181518875755E-026
          89  5.641268912690231E-015  2.603906773480120E-017
         120  8.587356341090639E-025  3.963660589003173E-027
          13
           6  9.427054808123840E-008  4.438492606002576E-010
          18  1.443459665186876E-012  6.724938721492170E-015
          19  1.415783529059082E-006  6.682702202024096E-009
          27  4.190188958856967E-007  1.972570007056676E-009
          35  1.375343453209972E-010  6.401175226645265E-013
          40  6.380139845336749E-010  2.993470679852407E-012
          42  1.228084438964542E-027  5.661029498491036E-030
          46  2.069332066065267E-027  9.551635243778408E-030
          53  7.159297312246969E-006  3.376112804668792E-008
          62  3.831909311666267E-008  1.790704206792734E-010
          71  2.139274171039527E-029  9.866841524134393E-032
          89  5.853941960726319E-006  2.757560696520759E-008
         120  3.060656198607769E-023  1.413841114364801E-025
          12
           3  2.065837611346257E-009  9.612024865294384E-012
           6  2.364243616570718E-011  1.099653208006822E-013
          33  1.873364239803092E-012  8.665165529382355E-015
          35  4.454658872485837E-008  2.075824467721393E-010
          42  4.480228617572326E-008  2.085381971191916E-010
          46  5.814128796509605E-007  2.720646701458595E-009
          53  7.458978227817978E-012  3.461905799842896E-014
          71  6.413044112341146E-015  2.959396287783333E-017
          77  3.019285035511836E-009  1.410633636071667E-011
          89  8.138557367577975E-016  3.759419399777279E-018
         107  6.811133779923386E-021  3.142226418797601E-023
         115  3.053633489767773E-014  1.411595694783030E-016
          16
           3  1.559458559171170E-012  7.270348018638720E-015
           6  2.508352589958770E-006  1.197909117450579E-008
          19  8.901914431328498E-012  4.175420671326720E-014
          27  1.322496294529915E-015  6.136565876233745E-018
          33  2.076627148613215E-022  9.579008068173664E-025
          35  1.934288573286093E-008  9.117253872174989E-011
          40  9.526286322392526E-016  4.426217445031043E-018
          42  1.080641243485140E-009  5.068782298901209E-012
          46  1.807528066964653E-006  8.583657601978046E-009
          53  5.187542195226045E-008  2.456305149542136E-010
          62  2.505255862834208E-027  1.151861802715172E-029
          71  1.877870087448738E-025  8.660756751984759E-028
          77  2.642622015356510E-007  1.256654921177833E-009
          78  5.525731783356672E-019  2.558362898278698E-021
          89  1.038142583570631E-009  4.885262538743620E-012
         115  9.922621655317321E-012  4.638699443343770E-014
          17
           1  4.706453837275164E-009  2.390878800363980E-011
          11  8.422979961744283E-005  4.400284038162255E-007
          13  1.379805851797452E-004  7.255405295945054E-007
          15  3.541357306453068E-012  1.748815436395217E-014
          25  1.111399797510701E-011  5.482568632583388E-014
          28  1.942937278870878E-006  1.014935466456778E-008
          55  1.099382621117326E-008  5.584027082215891E-011
          67  4.252262375591133E-006  2.206668670222188E-008
          70  1.376378222225784E-010  6.857393042622548E-013
          73  2.863725022935926E-018  1.349975422925519E-020
          75  3.808531855567628E-008  1.960936554354933E-010
          78  1.150989859528175E-005  6.011615098168357E-008
          80  1.459930584692738E-018  6.901362292392600E-021
          84  5.328654611058286E-007  2.772576926517401E-009
          97  4.903032987565307E-011  2.446110461028686E-013
         100  1.555646833114344E-003  8.231334158421666E-006
         119  1.342561130305320E-022  6.228745183831896E-025
          10
          14  3.346125821206025E-015  1.547245025084030E-017
          26  1.023724526960102E-025  4.724783947563536E-028
          38  1.381964969749973E-008  6.430593218450818E-011
          47  4.575603064325615E-023  2.109088045997448E-025
          50  3.400598110389851E-008  1.577469265669830E-010
          57  9.405142056534798E-023  4.328947268362632E-025
          63  1.841390836729564E-008  8.530533091762630E-011
          90  8.519028709183339E-010  3.939789294867598E-012
          95  2.888158782281665E-016  1.331231508073653E-018
         111  1.027394335974482E-009  4.764718744879599E-012
           8
          10  2.110429173147120E-011  9.766807388267574E-014
          17  4.384835632028761E-017  2.026270248138347E-019
          34  1.967391537725693E-018  9.112696631549816E-021
          49  9.197933119955331E-010  4.255115678263735E-012
          62  1.939437165492858E-023  8.931277583102418E-026
          76  5.085510613282726E-012  2.350634674097617E-014
          85  4.344438068382641E-013  2.011149772508507E-015
         120  4.422352043094796E-011  2.047669124211995E-013
          12
           2  1.818965802455197E-010  8.438802889309178E-013
           8  4.789298986399308E-015  2.213681918616877E-017
          16  1.542456751990305E-017  7.104658651734137E-020
          20  1.014450090521532E-020  4.673596064405802E-023
          31  8.803683844672474E-011  4.078866018343085E-013
          41  4.640530677462687E-016  2.133238530436348E-018
          59  3.479453568797806E-011  1.612902337002746E-013
          60  2.291972734796329E-018  1.058212447686783E-020
          68  1.179176289005390E-009  5.473712915004446E-012
          82  1.033038372669714E-018  4.762271853534626E-021
          91  1.860770618363807E-013  8.592580770681963E-016
         114  1.916588176447134E-009  8.888768762907854E-012
          22
           6  7.285912046247955E-011  3.577397859799460E-013
          10  2.463123404541861E-017  1.156637844842064E-019
          13  6.670649981767812E-007  3.401544368702715E-009
          18  3.497885751388987E-006  1.775157927507025E-008
          19  3.551323156124224E-015  1.692650728818847E-017
          23  1.317840810077667E-017  6.205858168657169E-020
          27  8.013327284701316E-017  3.781904987347543E-019
          28  5.380727526582560E-006  2.772064587318167E-008
          40  3.002938440809028E-006  1.524249206005778E-008
          45  5.446913749242526E-011  2.678242169341299E-013
          58  1.666186578306141E-012  8.108086447689007E-015
          62  2.769156172881921E-014  1.319243689067483E-016
          72  3.719575132065252E-006  1.890896644175537E-008
          75  4.267936722089169E-004  2.215710179966121E-006
          76  1.747214330678147E-014  8.327512982183404E-017
          78  2.630154275432975E-012  1.286334237475116E-014
          80  2.189806418401992E-011  1.080350163047730E-013
          84  3.161008064095190E-009  1.588603868823080E-011
          98  1.035057088638122E-014  4.952346315736937E-017
         104  7.133908538860869E-005  3.662023912869613E-007
         108  1.650411052010317E-009  8.181996853430079E-012
         119  7.827143777786733E-004  4.050284732249479E-006
          17
          11  3.888117818867566E-016  1.804299516036053E-018
          15  2.122864897069456E-028  9.811307686884675E-031
          26  1.251515026729213E-009  5.887685946700966E-012
          30  4.458562737145923E-009  2.108295436564021E-011
          38  2.125151997581893E-006  1.013948977714094E-008
          43  1.273979842125347E-010  5.988592955098114E-013
          47  7.571851010145714E-006  3.610685582860424E-008
          50  2.401936074513802E-007  1.138536340550977E-009
          55  3.792113257781046E-007  1.813217282457175E-009
          63  1.623033263593923E-008  7.659500789385255E-011
          67  1.999720320312165E-007  9.591325766138680E-010
          74  1.180325643399441E-013  5.491780689064478E-016
          90  6.245806184258303E-018  2.886427627718229E-020
          97  2.015338657114684E-009  9.575941444319670E-012
         102  2.383046203772013E-009  1.124272510679050E-011
         105  5.536262155184098E-024  2.559808072603799E-026
         111  8.658420981104125E-016  4.020849192719330E-018
          13
          15  1.940012498016678E-016  8.985285745886317E-019
          26  8.338907417270015E-009  3.889187010350276E-011
          30  2.269386409312091E-006  1.066710641697812E-008
          38  1.354841570880987E-025  6.277055144573772E-028
          43  1.762924570683334E-006  8.285888326675087E-009
          47  8.348066881896489E-008  3.906588569530713E-010
          55  9.998436184172920E-013  4.649667993970247E-015
          73  3.691890868403502E-015  1.709910228671597E-017
          74  1.095877636916590E-006  5.133075784667118E-009
          96  4.111212747560027E-007  1.926805463852453E-009
          97  1.084181704716820E-010  5.078125312890387E-013
         102  3.145650085477352E-006  1.477750610154971E-008
         105  1.001787423495092E-008  4.693038796529331E-011
          13
          11  3.035626115964636E-005  1.510107539094664E-007
          13  9.042475857251342E-010  4.405592843047863E-012
          25  3.161324542954748E-004  1.568736740320352E-006
          29  1.974802840052757E-013  9.322045743107815E-016
          61  7.898566344629340E-014  3.720748560252019E-016
          67  1.824744776566867E-011  8.776529525790968E-014
          70  1.194356637428544E-004  5.919143785279903E-007
          77  1.232209505702158E-011  5.895658346291467E-014
          78  6.964561322256936E-006  3.474308298098596E-008
          83  1.503659930029928E-005  7.402822129947948E-008
         100  4.751866476769364E-006  2.374316263392836E-008
         115  7.647698419504441E-010  3.686070197935442E-012
         118  2.098133874826774E-010  1.005763330168126E-012
          16
           1  4.379034899065805E-009  2.202795426165176E-011
          11  5.600251294402349E-004  2.900848250833695E-006
          13  9.895803154406038E-007  5.084015264180350E-009
          15  5.555898505622662E-011  2.746974440553400E-013
          25  1.844103552042961E-011  9.034938771366840E-014
          28  6.687699869627594E-010  3.364431244780701E-012
          47  4.904277724771568E-019  2.291774880432388E-021
          55  2.007483525347677E-006  1.024041658272523E-008
          67  2.186093547827661E-004  1.131245442404825E-006
          70  3.207406754740462E-008  1.611145967339678E-010
          73  1.938742324345221E-015  9.259623784443028E-018
          75  2.222082819174209E-014  1.072703143827288E-016
          78  2.639130174273655E-007  1.350661445747256E-009
          84  6.281794347166118E-010  3.159872842388206E-012
          97  1.414348521175217E-008  7.137451227682389E-011
         100  1.713193209747553E-003  8.948585235351902E-006
          15
           6  1.890760823400326E-006  9.375073099091051E-009
          11  3.964054118999774E-016  1.860449746254551E-018
          13  7.421278129807145E-007  3.703149021162761E-009
          19  1.347748034284848E-027  6.246431103932434E-030
          25  2.744194638383567E-007  1.350625899576380E-009
          40  6.752576975651651E-014  3.211142713845730E-016
          46  9.706651806967773E-009  4.730359325970310E-011
          53  3.783094495380586E-017  1.768727641408895E-019
          70  1.060002128017747E-020  4.905115794210051E-023
          75  3.212896385557073E-018  1.497680873186782E-020
          77  7.293296271307409E-006  3.615385274173260E-008
          78  9.872835673669617E-005  4.982048219070914E-007
          83  2.998980855079644E-010  1.450735007404896E-012
         100  4.219501258867455E-012  2.038147783752009E-014
         115  5.818429479818836E-008  2.847507222203735E-010
          19
           1  5.656369354515032E-007  2.880899947774637E-009
          11  1.114320896887257E-004  5.747294702695377E-007
          13  9.060008172004100E-008  4.616388378112283E-010
          15  4.073387991691433E-008  2.059778692026417E-010
          25  3.593986121937985E-018  1.682153144239292E-020
          28  1.846425849958834E-009  9.318819805414961E-012
          43  1.514841148078380E-025  6.990623175182453E-028
          47  2.158816739341492E-013  1.039870009821031E-015
          55  2.763906484823176E-005  1.417745237919025E-007
          67  3.654290034069423E-004  1.893276186891846E-006
          70  1.513031243959974E-010  7.465676682915633E-013
          73  1.959924958701091E-010  9.712897297309838E-013
          75  7.153178402623526E-015  3.434995721814091E-017
          78  2.479678787643128E-009  1.249103359295843E-011
          84  9.913687027898026E-009  5.032302458458143E-011
          92  3.803911730886217E-029  1.753331011150728E-031
          97  1.214393980756969E-006  6.196289980673829E-009
         100  5.187183130040807E-004  2.707522435512023E-006
         105  4.858905936478157E-021  2.258591933058611E-023
           3
          26  4.863952416738034E-015  2.247214686632030E-017
          38  1.682824576894532E-013  7.805629818911359E-016
          50  1.175332803604215E-013  5.433675208421757E-016
          11
          22  2.855881376736631E-014  1.323733923122277E-016
          26  1.951940978726863E-013  9.027109042550138E-016
          30  7.684835194584936E-009  3.580159680422351E-011
          43  1.398544077272923E-008  6.515834114425752E-011
          47  9.134108265652087E-014  4.222798048688573E-016
          48  5.366021848388588E-020  2.479244772652894E-022
          74  3.879617445013314E-008  1.804395610265825E-010
          96  1.433728144299709E-007  6.680808434329528E-010
          97  2.372192742649544E-021  1.098778740182003E-023
         102  1.607081005610796E-008  7.481364466215890E-011
         105  1.734886985227640E-010  8.073875589747792E-013
           0
           5
           3  2.385885009793812E-016  1.102553823870877E-018
          35  1.023287933009957E-012  4.724728839992966E-015
          42  2.929573132521964E-014  1.350974777811357E-016
          71  1.442773137470903E-013  6.656736892747013E-016
         107  6.547607994019938E-015  3.023440318009871E-017
          25
           1  7.897675559702310E-007  4.036579242415742E-009
           2  1.185851699830383E-016  5.610972351697201E-019
           8  2.993924752704341E-009  1.495736282802779E-011
          13  2.590358458008176E-012  1.270163338876905E-014
          15  8.628230817777898E-010  4.306981015870975E-012
          20  9.974610069685379E-014  4.805325087178363E-016
          23  1.089262292314312E-003  5.670333213486592E-006
          28  1.727689477546582E-004  9.020198857628990E-007
          45  5.861539394293389E-005  3.018318848106885E-007
          58  8.805670588339724E-005  4.553469228446367E-007
          59  2.043849798791515E-011  1.003095479262548E-013
          60  3.717236779857877E-006  1.898149061261260E-008
          72  2.574104952947420E-011  1.268849666095839E-013
          73  6.124972893201546E-011  3.023606927452558E-013
          75  2.548226238889109E-006  1.313856936602297E-008
          80  1.544143270570082E-003  8.058059341580596E-006
          84  1.426477825901998E-003  7.478930358230996E-006
          92  1.649002528237161E-004  8.517599897072287E-007
          97  8.621118958406629E-022  4.004449594087150E-024
          98  3.694142026277575E-012  1.808938995163516E-014
         100  5.324414329235211E-030  2.456343693489746E-032
         104  5.042986300600801E-010  2.520819282288081E-012
         106  1.781283798258207E-005  9.141057583068916E-008
         108  2.031570123929606E-022  9.399703063345286E-025
         119  4.744080438461776E-008  2.411116043887297E-010
          10
           7  1.664163969430008E-006  7.812552384988248E-009
          20  3.802913105745262E-013  1.765923850910084E-015
          52  6.121947192579493E-013  2.840595862743303E-015
          56  6.806203418106233E-018  3.147168157908723E-020
          72  8.330000911720470E-012  3.889298505933203E-014
          94  8.436176669283838E-017  3.906813356209282E-019
          98  2.169300357652627E-011  1.014287616535137E-013
         103  5.548769827233087E-015  2.571370601483046E-017
         104  5.534193845509826E-016  2.574838045775174E-018
         108  2.675835600416898E-008  1.255769870243580E-010
           9
           7  1.776219457010748E-019  8.206079340783409E-022
          16  1.701913818945270E-020  7.862357560074942E-023
          44  1.903798657368665E-018  8.799784319620105E-021
          56  2.806977912247308E-012  1.297407743488088E-014
          65  7.599190507048653E-019  3.512253381072142E-021
          66  8.233301863173810E-019  3.809894529996704E-021
          94  7.783965101149891E-014  3.602257970936502E-016
         103  5.099937669922715E-015  2.359803476378956E-017
         112  1.053806705163210E-021  4.872013923254752E-024
           3
          29  3.386972615503111E-013  1.566544663535185E-015
          99  1.070169681018709E-021  4.958862380099871E-024
         118  3.681222403169509E-012  1.702473055359488E-014
           9
          14  3.190069169098786E-016  1.472692460142445E-018
          38  6.491737738210831E-019  3.002539963018749E-021
          50  9.414880141901715E-015  4.341484149926324E-017
          57  2.216543521462702E-016  1.018701707520345E-018
          63  8.465201878045623E-012  3.901423053862631E-014
          81  4.842705456673756E-017  2.234369980181862E-019
          90  5.104401241201421E-011  2.351595663255478E-013
          95  3.418329801270274E-021  1.573168245310615E-023
         111  1.070970689341280E-010  4.948629056433236E-013
           1
          71  1.126710529505181E-025  5.199179235776318E-028
           7
          22  6.341768982880294E-012  2.934265538660530E-014
          37  8.699527406968347E-030  3.997927716977598E-032
          48  7.524660619086231E-017  3.471957483540669E-019
          54  1.259910889964096E-025  5.824820197701915E-028
          74  5.487755181054775E-025  2.531819374168847E-027
          96  2.559960117875638E-014  1.182998900535530E-016
         113  3.422107458795184E-015  1.575605821390511E-017
          14
           7  1.176762868700037E-011  5.503098160162299E-014
          10  2.240343907586069E-006  1.064108717043268E-008
          18  3.575607340424416E-008  1.700759579192710E-010
          19  3.640091303955326E-023  1.688809740528550E-025
          27  1.149735848042532E-016  5.338390891571221E-019
          40  4.003666910386641E-011  1.885278946491687E-013
          49  1.907863353002946E-009  8.973099787677604E-012
          62  4.542489499104650E-012  2.116688817376878E-014
          72  9.739050997587506E-010  4.608213315832985E-012
          76  3.693385264592096E-006  1.754842425762740E-008
         104  5.237878830591303E-010  2.485469632712415E-012
         108  2.975983819555334E-009  1.406412300903500E-011
         119  1.540738809566778E-013  7.215895604654311E-016
         120  3.450262587026386E-017  1.599969630243885E-019
          17
           1  1.302131229423905E-010  6.146884435136699E-013
          15  5.873699375890810E-008  2.798510604100233E-010
          22  3.972876849387574E-010  1.867804354336554E-012
          30  9.396702978912786E-012  4.400426334398774E-014
          43  1.920311551076192E-007  9.104604957660812E-010
          47  3.195314213788817E-017  1.478135922818625E-019
          48  1.267175907230549E-007  5.987127396437189E-010
          54  6.555879059268771E-015  3.048792105707323E-017
          55  9.475997373077231E-016  4.401999058394239E-018
          73  6.787312225451766E-007  3.237460587349983E-009
          74  2.847523365580927E-012  1.328590692832782E-014
          92  2.228237632685946E-026  1.030545763777636E-028
          96  5.419985884634234E-010  2.548335855563068E-012
          97  1.991923964767459E-009  9.446345612930785E-012
         102  8.746333447791179E-010  4.112461525721945E-012
         105  1.423966298817199E-005  6.800747088259374E-008
         110  9.151894023001963E-009  4.323180993462803E-011
          23
           1  1.617263324711806E-003  8.310180614512665E-006
          11  1.667956724996238E-013  8.013056159977602E-016
          13  3.090260549836265E-018  1.441415598460445E-020
          15  7.142871968649898E-004  3.656524528981182E-006
          23  4.416155097124199E-010  2.185575598967244E-012
          28  2.289499189040130E-009  1.145397146446029E-011
          30  7.455397748167602E-022  3.451448168339947E-024
          43  8.068454577332908E-010  3.960257134161219E-012
          47  2.605325324414851E-012  1.255653709630754E-014
          55  2.371907149018046E-005  1.202592302809234E-007
          60  2.393612435873307E-018  1.118726472687278E-020
          67  1.878124839187839E-007  9.453862970794943E-010
          73  1.998498864800469E-004  1.016506569966475E-006
          75  4.289787294446190E-020  1.990687270556693E-022
          80  7.881299942856148E-011  3.883107030760405E-013
          84  1.453343179435706E-006  7.413965304230705E-009
          92  6.265475876433748E-007  3.158479149880789E-009
          97  1.429745745971683E-004  7.294968529449037E-007
         100  8.423657859855093E-010  4.191928757172238E-012
         102  9.118204665514480E-015  4.327421589601960E-017
         105  4.473742640373318E-007  2.238331992498035E-009
         106  2.476630705879648E-010  1.219121864850289E-012
         110  1.759338638523713E-016  8.281322098825981E-019
           3
           9  5.385198709344399E-028  2.493082839425753E-030
          21  3.297454767661906E-030  1.522619009844311E-032
          24  2.268342084761103E-019  1.047560712277359E-021
           4
          16  9.481527190840983E-013  4.377148006242597E-015
          44  2.799412332961551E-021  1.292892312446283E-023
          66  5.217807015951887E-026  2.412527072614330E-028
         114  6.511879013637258E-019  3.008278175773595E-021
          11
           9  3.382237929758113E-014  1.572709104527669E-016
          21  2.336795105353400E-011  1.088010645668334E-013
          24  4.636659283364481E-013  2.153308149114201E-015
          25  3.072758242117132E-009  1.439387133483961E-011
          29  8.225139842959333E-007  3.864513395173933E-009
          61  2.498662080825784E-010  1.166031367390062E-012
          70  1.598467700601233E-008  7.511478428865969E-011
          83  1.942661269711658E-007  9.138401781140032E-010
          99  2.070068552704372E-016  9.607165286815697E-019
         115  1.935865326218512E-015  8.976186084560642E-018
         118  7.666156800796385E-007  3.602741350887740E-009
          15
           1  7.399227157343064E-019  3.447171310906184E-021
          11  1.182607216015666E-003  6.002819201530815E-006
          13  1.910860887708255E-010  9.366260916204821E-013
          15  7.328203303263546E-028  3.386230594055459E-030
          25  6.488647960957664E-009  3.183896191206883E-011
          47  2.668047510274863E-017  1.246606084376742E-019
          55  1.501983381431651E-007  7.465726671089234E-010
          61  5.320066396729830E-013  2.540366803606154E-015
          63  2.969603012600330E-018  1.383536231066203E-020
          67  2.094416848467170E-004  1.061869670255817E-006
          70  1.566046044945219E-005  7.833462567645590E-008
          78  7.671560279403520E-009  3.808554297296255E-011
          83  2.602040151784308E-014  1.234043585930992E-016
          97  1.158177012126343E-011  5.613952168527453E-014
         100  3.155671684942345E-004  1.611452866054984E-006
           2
          74  9.592477646984246E-022  4.415215129342894E-024
          96  1.056230728587104E-021  4.868678909745035E-024
           2
          33  1.807681417786733E-017  8.349204131223315E-020
          36  3.906761264808457E-021  1.809018054365331E-023
           1
          95  2.115961575182929E-026  9.760808158202456E-029
           1
         120  2.304618689093874E-020  1.064554725956728E-022
           0
          12
           3  1.337900079784688E-011  6.180012189602436E-014
           6  1.300642937176810E-014  6.002818941778529E-017
          19  2.087870048277592E-022  9.642470182763688E-025
          33  4.785950843513309E-021  2.203005551653955E-023
          35  6.652264314687555E-008  3.081092687735041E-010
          42  1.561272437386115E-009  7.209868109407026E-012
          46  1.998461904867444E-011  9.234745764762131E-014
          53  1.971741881395192E-010  9.130359212135456E-013
          71  1.694647294463847E-011  7.814311961148789E-014
          77  3.348864804652775E-027  1.544621389842065E-029
          89  2.422945985185379E-012  1.119235754400247E-014
         107  7.560733220513324E-013  3.486524426895129E-015
          10
          22  1.015174103518405E-012  4.706759221606986E-015
          26  7.745765487022633E-023  3.578888334882497E-025
          30  1.156170820458106E-011  5.363607072680471E-014
          43  5.110350361034549E-011  2.370208653894162E-013
          48  7.603558567426306E-018  3.513847241306729E-020
          74  5.554747251781595E-010  2.574073931998314E-012
          96  1.130326169717785E-008  5.249568841571970E-011
         102  4.089511394802513E-011  1.895159741947040E-013
         105  5.246316013838880E-013  2.432651526571440E-015
         113  4.408724686489459E-020  2.033064705538977E-022
           7
           9  1.037045661637240E-015  4.795809636544696E-018
          12  1.604686722677646E-015  7.427385330189978E-018
          21  1.081193904140789E-015  4.987092361656177E-018
          61  2.287141845620384E-016  1.054772947218525E-018
          81  9.733716493107194E-018  4.493097370873764E-020
         111  2.660623120067395E-023  1.229363732699448E-025
         116  3.497244723614880E-014  1.616669103362343E-016
          18
           1  4.727505326211507E-008  2.293311973221515E-010
          11  4.522690421467764E-016  2.106741508008334E-018
          15  1.289015823420129E-006  6.282908475607812E-009
          26  6.559810722775219E-011  3.105721701947740E-013
          30  8.952053517332584E-007  4.327736289729606E-009
          38  2.035899398520234E-011  9.653805109876118E-014
          43  1.081220015824170E-005  5.249181054419468E-008
          47  4.554205291389917E-005  2.212788952433971E-007
          50  7.017730599556360E-016  3.265105788694972E-018
          55  2.037204449475536E-004  9.996349628884036E-007
          67  2.128355647691744E-006  1.040878699491300E-008
          73  2.949897894675648E-007  1.430388675063971E-009
          74  1.824598658096626E-009  8.699927216578185E-012
          96  1.375104860108662E-011  6.499784106855625E-014
          97  1.562367594776892E-004  7.685174854212313E-007
         100  2.839267167393127E-017  1.323637190860395E-019
         102  3.092642580518125E-006  1.498048185501223E-008
         105  8.312562093637253E-007  4.025185015159381E-009
           0
          15
           1  5.681784431111735E-010  2.692856897856606E-012
          15  1.902944618020574E-007  9.116669253091886E-010
          26  8.534590109963705E-010  4.013973480849353E-012
          30  6.596055276178359E-006  3.152042154147289E-008
          38  1.221371324824974E-016  5.665349878208444E-019
          43  5.881343658325806E-005  2.820734354501182E-007
          47  8.529805058203608E-006  4.074777063902388E-008
          55  1.914608680151140E-006  9.188702107257623E-009
          67  2.132711237158798E-011  1.006424146364402E-013
          73  1.789440134365855E-007  8.558453238621726E-010
          74  3.018697264844055E-007  1.432176765694150E-009
          96  6.153258347841565E-008  2.917136465442814E-010
          97  1.220597204687240E-005  5.884828990863433E-008
         102  2.039305666533208E-005  9.748485636229535E-008
         105  7.930104197269911E-006  3.799652972214575E-008
          11
           7  4.802217663123552E-009  2.246853119095679E-011
          10  1.913052762944241E-008  8.969585710029006E-011
          18  3.114309415541370E-013  1.450266242723816E-015
          49  1.861342348873738E-011  8.653845195534324E-014
          52  3.721477422024272E-023  1.717765210282441E-025
          72  1.487059675882216E-010  6.971048227966298E-013
          76  3.242015036767313E-008  1.519645371362749E-010
          98  7.486977349584762E-020  3.464486429421734E-022
         104  7.765081896100766E-012  3.639429397235518E-014
         108  7.722024618679820E-009  3.627144638241692E-011
         119  3.762726214388190E-021  1.737713845200082E-023
           5
           7  1.194030502501422E-014  5.521981670859281E-017
          52  1.619597125372111E-012  7.495296674279363E-015
          56  6.730938513629747E-027  3.112465639422121E-029
          94  6.462111355592249E-016  2.992057722562845E-018
         103  4.934231293337708E-014  2.284361096915106E-016
           6
          16  5.283081049250793E-014  2.437970509209135E-016
          39  3.521795417378026E-022  1.626561193588322E-024
          44  7.699359432070577E-016  3.554758746744835E-018
          56  2.613828195172493E-018  1.206658732261419E-020
          66  1.185506811387692E-016  5.479596332178404E-019
         112  4.646231224249323E-018  2.145621377239712E-020
          16
           1  6.055522159230557E-011  2.864223552958893E-013
          15  2.472139220767284E-008  1.182273875749467E-010
          26  8.355799983607637E-009  3.952376898706695E-011
          30  6.198464025368519E-006  2.968154729790218E-008
          38  1.096059456413811E-010  5.169968956334035E-013
          43  1.820108083014145E-005  8.739561009513707E-008
          47  5.509328699283426E-005  2.645705678140684E-007
          50  2.140227594804470E-014  9.945394615079268E-017
          55  1.371374227951258E-005  6.618231413689105E-008
          67  1.575862359216558E-008  7.546713860716901E-011
          73  8.068002280044358E-009  3.844485960638060E-011
          74  8.626457592654568E-008  4.095531630267680E-010
          96  2.262496270668723E-009  1.069812951515408E-011
          97  1.431587833089928E-005  6.925436421522736E-008
         102  1.292925672609984E-005  6.194018849973422E-008
         105  3.744477518118137E-007  1.791065560108625E-009
           3
          26  3.926256205168488E-024  1.813226936882765E-026
          38  5.818160440749129E-021  2.696617645435333E-023
          50  1.799966556920491E-020  8.316181439299620E-023
          14
           6  9.813960012279052E-022  4.536447732589773E-024
          11  1.243737447782561E-006  6.181024655712409E-009
          13  1.353781740402729E-007  6.723426201089940E-010
          25  3.896691320861157E-004  1.944263098225674E-006
          29  9.152655510360382E-027  4.222286005691141E-029
          46  6.120891478455044E-017  2.856994238862059E-019
          67  1.113210007311712E-019  5.173338173847865E-022
          70  2.268592035042480E-006  1.120613937288342E-008
          77  1.088217582545816E-007  5.344455654487779E-010
          78  1.527292746293816E-004  7.703351050855099E-007
          83  1.180187544173009E-005  5.841707524500370E-008
         100  1.087151555589166E-006  5.435664271270734E-009
         115  1.482631226248590E-007  7.268080059254432E-010
         118  5.034739690270208E-012  2.400423975822580E-014
           8
          26  3.554619029209234E-014  1.634968248609802E-016
          30  3.449624624357559E-011  1.592281439106880E-013
          43  7.207631236904771E-013  3.321380941211934E-015
          47  2.857848079535860E-023  1.312471328629736E-025
          74  1.172782378488686E-009  5.404620840702833E-012
          96  2.577181218980777E-009  1.189276657967747E-011
         102  2.215178389412248E-011  1.020851255249217E-013
         105  4.387089296096053E-024  2.019488937603039E-026
           0
          10
          25  1.837179442843568E-029  8.425934490786884E-032
          33  7.083043982813534E-022  3.259090016207289E-024
          36  6.386761663670587E-016  2.946607415007578E-018
          46  1.327914579414614E-012  6.126325176783851E-015
          64  4.890241660309014E-013  2.252519272696757E-015
          77  5.313385839298564E-011  2.461234436683051E-013
          83  6.563312371138538E-014  3.023319591640522E-016
          99  2.643248201136981E-008  1.225258446738892E-010
         115  8.837509404745337E-009  4.094349282451053E-011
         118  2.398377118959548E-014  1.103890618224613E-016
          13
           9  9.507319095281694E-019  4.384894540884894E-021
          11  4.619743331181353E-018  2.125749513974783E-020
          21  1.747688469145357E-013  8.073286927013836E-016
          24  2.548868381346726E-016  1.173815888190083E-018
          25  2.212300960320679E-007  1.039573425037294E-009
          29  5.007742685959102E-007  2.348933630746738E-009
          61  3.351634146206655E-011  1.556041656898808E-013
          70  1.324557184188966E-007  6.226064076620414E-010
          77  2.825437331373485E-023  1.301893715817420E-025
          83  3.505083353251802E-006  1.651245104658310E-008
          99  4.429476853320111E-013  2.052323469059219E-015
         115  4.152909581572326E-011  1.931339401605969E-013
         118  2.374970225691036E-006  1.115842747023955E-008
          14
          26  7.559157414551683E-009  3.543578554181091E-011
          30  2.897692241473766E-009  1.360796840010512E-011
          38  2.562170143888082E-006  1.213322224411567E-008
          43  6.063676094372409E-012  2.827236588652293E-014
          47  1.941827364428961E-006  9.174858834874521E-009
          50  4.148368939455693E-007  1.953721606711773E-009
          55  2.662511820088212E-009  1.255006907933522E-011
          63  1.066351818913117E-008  4.998803906730259E-011
          67  4.325358085273635E-010  2.040676873333543E-012
          74  3.440693887790373E-013  1.597504272482327E-015
          90  1.024095237213634E-015  4.735179801453082E-018
          97  2.111511262888871E-012  9.880336927525336E-015
         102  7.710476463991195E-010  3.610400307287715E-012
         111  8.063572827579069E-015  3.742301834772104E-017
          12
           7  5.401205286712698E-009  2.528095875463138E-011
          10  4.032751549424544E-008  1.892602709154309E-010
          18  4.886704081457213E-012  2.281736051914347E-014
          40  1.819008111938760E-021  8.404574109881474E-024
          49  2.573568284859576E-011  1.197060960700400E-013
          52  3.997584111418959E-029  1.843516473138667E-031
          72  6.737945454173476E-010  3.165845799219803E-012
          76  7.072187671984054E-008  3.319830227736866E-010
          98  3.684369659938615E-018  1.704463535941053E-020
         104  6.152991739094876E-011  2.892421335132840E-013
         108  1.783737267935037E-008  8.390449568001870E-011
         119  1.784261800203053E-017  8.253043991085701E-020
          24
           1  6.398399281016825E-006  3.249523854616236E-008
           2  8.590727687697035E-011  4.198007123416445E-013
           8  2.234692123776599E-010  1.097262068641205E-012
          15  7.752785487330132E-008  3.887522070817395E-010
          20  1.293413091715330E-018  6.040122664375786E-021
          23  9.037794888988067E-004  4.641649215800145E-006
          28  1.314597869050997E-006  6.706287877460970E-009
          45  5.762242614044195E-006  2.920005772176357E-008
          58  1.593132854460529E-005  8.103006860428418E-008
          59  2.163711700811877E-008  1.074724299770847E-010
          60  5.112565512956723E-005  2.594997032725457E-007
          72  9.627853996206922E-025  4.448660434322789E-027
          73  3.504687827091720E-008  1.750010774589866E-010
          75  3.299974799328709E-010  1.635443128372371E-012
          80  4.127133483867836E-004  2.123472273577418E-006
          84  1.313850040905485E-004  6.772633928380041E-007
          92  1.223788685800388E-003  6.274998564577777E-006
          97  2.163432211676759E-015  1.029759661620002E-017
          98  1.175707133633558E-017  5.528956477653047E-020
         104  2.477352486960802E-019  1.159007669221330E-021
         105  6.630038671400569E-022  3.073617246931939E-024
         106  3.140785408733507E-004  1.604976547370724E-006
         110  3.512187610032308E-012  1.698617765728322E-014
         119  7.146758446392591E-014  3.438366844067765E-016
           3
          16  1.028343657454609E-013  4.741016565961467E-016
          91  1.394401891860149E-024  6.438333580522361E-027
         114  2.395861211328814E-016  1.105610852340258E-018
           8
          22  6.140813604409995E-014  2.844236999074183E-016
          37  1.380627536924850E-022  6.347663808028142E-025
          48  2.030988888911716E-008  9.435526812613845E-011
          54  1.456450570094191E-010  6.758761184382808E-013
          69  1.717223119518130E-009  7.968564817457123E-012
         105  1.533271314041896E-024  7.083830407165229E-027
         110  5.046391159063972E-008  2.352796842458642E-010
         117  6.420535518364456E-012  2.981878191592159E-014
          18
           6  2.053275632371950E-006  1.037006754337856E-008
          11  4.013850248039984E-013  1.939361704005624E-015
          13  3.455760207380981E-004  1.785817854936709E-006
          18  3.332014667247137E-012  1.621953299443200E-014
          19  7.666304913692532E-018  3.601666087054232E-020
          25  4.480139158159978E-010  2.204725247251885E-012
          28  1.439441082374648E-009  7.218080430858273E-012
          40  5.084000441622874E-009  2.533725197900525E-011
          46  8.633954558747872E-019  4.029742348489967E-021
          53  2.738043891120628E-021  1.269816227729368E-023
          75  2.621817126334387E-007  1.333588308946579E-009
          77  4.348656959953675E-010  2.141714455345971E-012
          78  4.232784190572820E-004  2.188150126947899E-006
          83  5.341266426342072E-021  2.473737301762186E-023
          84  9.620051014206962E-018  4.524637366374906E-020
         100  7.009710848576295E-009  3.528435191759725E-011
         115  2.165765747476262E-016  1.021797597464949E-018
         119  1.821606113670682E-011  8.947882531696246E-014
          17
           1  2.306649852561172E-005  1.135894637637185E-007
          15  5.983907659798442E-005  2.950606802797655E-007
          23  7.002422727057177E-012  3.341506289443302E-014
          43  5.416300785274316E-010  2.589686150244102E-012
          48  6.451855252206165E-010  3.080504680877599E-012
          55  1.046623322441218E-011  4.979590548036221E-014
          59  8.853454696860726E-020  4.101218486142222E-022
          60  1.044031584691564E-011  4.967363587438287E-014
          73  1.646971751963964E-004  8.109964547725841E-007
          80  5.135219082800091E-016  2.408019240269722E-018
          84  1.104661285633798E-013  5.231266062382864E-016
          92  1.769259076218021E-006  8.664135258918049E-009
          97  1.612259140452321E-007  7.855327670545802E-010
         102  7.962495238205598E-017  3.703224213304381E-019
         105  8.541449046564317E-006  4.168596788246655E-008
         106  8.552631823570212E-008  4.161448916168733E-010
         110  3.806269514776652E-006  1.851669624228936E-008
           0
           2
          38  2.417766648956296E-020  1.117324836104428E-022
          50  8.689670020644758E-019  4.003024522148982E-021
           9
           8  8.039107424764330E-013  3.724550503023899E-015
          16  7.103591436152435E-009  3.288319837700842E-011
          20  1.449431050965851E-011  6.712039331431633E-014
          44  3.098442032524856E-016  1.428838202897203E-018
          56  9.488617279925750E-018  4.374765086279213E-020
          66  1.540831985400271E-018  7.112820864489284E-021
          98  2.120118448663589E-015  9.818720231112098E-018
         112  8.980454249263005E-024  4.141796809008968E-026
         114  4.316012953276001E-008  2.004676179355884E-010
           0
           5
           9  1.242187812797920E-015  5.752076751215756E-018
          12  6.319387601587300E-017  2.928821649498878E-019
          21  4.179033668124265E-016  1.930161816008450E-018
          24  1.474189106493465E-017  6.809651053132339E-020
         116  1.416460360434038E-020  6.556482816602114E-023
          16
           9  2.522258502316100E-030  1.167355543997275E-032
          11  1.771776388142659E-008  8.443037950924353E-011
          21  1.573106907261550E-016  7.280326762067194E-019
          25  1.033573495002865E-023  4.755410281540318E-026
          29  7.449444207967060E-023  3.438836081024204E-025
          38  2.518786072640509E-010  1.187207156210912E-012
          47  6.872264207622383E-020  3.168365261574253E-022
          50  2.499465765725914E-010  1.173773127564526E-012
          55  2.678882674157889E-015  1.244032542223726E-017
          61  6.772619916277436E-007  3.216136968638632E-009
          63  2.222766181080611E-007  1.053469137774219E-009
          67  2.421400676869927E-008  1.157126172062667E-010
          70  2.437595927677524E-007  1.161445469179845E-009
          90  1.654879303748025E-013  7.690422385213492E-016
         100  1.528865747817385E-013  7.175650815293075E-016
         111  9.599977037550720E-011  4.507448113542470E-013
          10
          26  1.706509640691647E-009  7.902346168979519E-012
          30  1.287908857675707E-012  5.960028795534809E-015
          38  1.726222293764243E-007  8.047504760808695E-010
          47  1.089766323112710E-009  5.049886628490309E-012
          50  5.705492270512019E-008  2.649208411378415E-010
          63  1.564786646775446E-010  7.235318011230686E-013
          74  1.210486709134032E-017  5.578451326192609E-020
          90  5.077721064642733E-015  2.339208372952609E-017
         102  1.204292520903382E-014  5.556574222200736E-017
         111  1.311293922039817E-015  6.056953982229378E-018
           2
          81  4.502774655448614E-027  2.078389638280828E-029
         116  1.596448754793590E-021  7.379507987332243E-024
          10
           2  2.221231743723240E-015  1.026809897441130E-017
           4  9.753109856134195E-011  4.511827254667101E-013
          41  6.223748016240689E-013  2.867673611725131E-015
          48  3.558907916583377E-013  1.644006214560548E-015
          54  2.948035255822286E-019  1.362066172529519E-021
          59  6.819310889644850E-017  3.149693474895454E-019
          69  1.726812039082125E-009  8.009306219075410E-012
         106  4.373948240044288E-020  2.021971339215265E-022
         110  5.229782193018367E-008  2.437743456615419E-010
         117  2.583749672072788E-009  1.202903533812598E-011
          18
           1  1.538654940684524E-029  7.106309626333551E-032
          11  2.368184289413505E-024  1.093521386963215E-026
          15  4.663216063178511E-015  2.173539490871955E-017
          26  2.163938819238761E-008  1.023035178227619E-010
          30  2.918314665952059E-007  1.389415070544960E-009
          38  4.444489215225936E-007  2.119026518757306E-009
          43  4.657867125847754E-008  2.212295880157844E-010
          47  3.615427580139718E-005  1.729709282646382E-007
          50  1.897697701634936E-008  8.976516395065691E-011
          55  1.608114753225032E-006  7.714277708166057E-009
          63  7.004109832797224E-011  3.285016225927444E-013
          67  7.463727421788816E-008  3.577471832594254E-010
          73  2.456345875241817E-018  1.137342779875588E-020
          74  4.433477565949656E-010  2.086870432133644E-012
          96  1.379838229626587E-014  6.421961933232332E-017
          97  7.636521337294068E-008  3.654673399814184E-010
         102  2.418338536749477E-007  1.149862795664185E-009
         105  4.874882156708132E-013  2.280187979787180E-015
           7
           4  1.753801105936235E-012  8.101874011875924E-015
          41  3.059311297230208E-014  1.410481069399626E-016
          51  9.846302060816822E-028  4.548660682549444E-030
          82  2.631338779930769E-024  1.216686572084515E-026
          93  1.666717655671366E-017  7.709898591719408E-020
         101  4.885311784236784E-017  2.260005321413719E-019
         117  1.550363465899737E-016  7.194871344552006E-019
          11
           7  3.680450607027247E-009  1.722478739148126E-011
          10  9.943371980227030E-009  4.660951344338528E-011
          18  1.925299815009490E-014  8.957162773145436E-017
          49  1.439608404591909E-011  6.698439533319106E-014
          52  7.801571530362046E-021  3.607034083457565E-023
          72  3.124277401759653E-011  1.462605597372531E-013
          76  1.622090016561009E-008  7.600359440007413E-011
          98  2.605125449994480E-022  1.207118578269132E-024
         104  8.858745468353431E-013  4.145652095897037E-015
         108  3.177418489833117E-009  1.491360838320373E-011
         119  3.344912504063734E-029  1.545804660337344E-031
          20
           1  1.339753432359060E-004  6.695295817761138E-007
           2  3.132884438352150E-017  1.461510453857533E-019
          15  9.753524889500577E-005  4.863917171611102E-007
          23  5.851129822358615E-008  2.883167861844540E-010
          28  1.903829893541184E-016  8.938094269615114E-019
          43  8.792030335122311E-013  4.176109176225903E-015
          45  7.347978369158002E-021  3.394640493524895E-023
          48  1.221994348547940E-013  5.772775389792940E-016
          55  1.227338782101946E-011  5.886742293112700E-014
          58  3.745467900708562E-016  1.756407475354975E-018
          59  5.533946065860887E-013  2.627754989405021E-015
          60  1.909234739020963E-008  9.330831679000427E-011
          73  1.625450767350156E-004  8.101630510025473E-007
          80  1.211765986982533E-009  5.923284458661154E-012
          84  6.849491111859955E-009  3.370960239454192E-011
          92  7.244291543693453E-005  3.614836659730245E-007
          97  1.077980284759914E-007  5.304861481720239E-010
         105  7.141254158801978E-007  3.509341072730468E-009
         106  6.224770623533388E-006  3.087228115065910E-008
         110  1.275348938932527E-006  6.260637759921276E-009
          21
           1  1.571042099342194E-019  7.293027373844217E-022
           2  4.805712607915074E-009  2.341651674019137E-011
           8  8.442305655627599E-005  4.217316478104434E-007
          20  2.567113571707741E-006  1.270906668119093E-008
          23  3.651652309314959E-004  1.845110154175190E-006
          28  1.927426778657779E-008  9.579801721268195E-011
          45  8.105583243367045E-004  4.080419006024108E-006
          58  1.054906944192180E-003  5.317181373356168E-006
          59  2.917909472354247E-007  1.436997787772283E-009
          60  6.094142025149896E-005  3.049409534459024E-007
          72  2.097336436008635E-008  1.032996056482817E-010
          75  2.122373338841376E-010  1.037643047852174E-012
          80  3.906044814352024E-004  1.978542139381972E-006
          84  5.009296573715020E-007  2.509679161848902E-009
          92  3.056470083522510E-006  1.523223255320906E-008
          98  2.584855229934402E-006  1.284724698294080E-008
         104  8.668603118539019E-009  4.275160584330574E-011
         106  9.476349260899163E-006  4.735720128629437E-008
         108  3.638673268157652E-010  1.765915389619566E-012
         114  6.858209869465657E-009  3.339713492423964E-011
         119  3.596255579210255E-009  1.770712238735137E-011
           8
           9  6.571802335131525E-011  3.044441597241994E-013
          12  7.372118100587177E-015  3.415900232344243E-017
          21  3.690937539130284E-010  1.706200466159224E-012
          24  9.747258332917475E-011  4.504361801605541E-013
          29  3.905624997212973E-010  1.806109903896317E-012
          61  1.065355662440516E-012  4.922141031082723E-015
         116  3.687137394116015E-022  1.706198525551907E-024
         118  6.592280340595607E-016  3.042622735238605E-018
           3
           3  1.150715124549693E-017  5.316747853434400E-020
          33  1.035250575452370E-014  4.776390135179680E-017
          42  2.077984093492747E-022  9.580436110490943E-025
           0
          19
           1  1.474943891650506E-011  7.129439829510593E-014
          11  1.324938541867345E-004  6.673508492095446E-007
          13  1.618335187395425E-015  7.628589577019531E-018
          15  5.885532463934825E-012  2.836443923973067E-014
          25  3.333946306029855E-017  1.554662921743708E-019
          38  4.619559577140095E-013  2.205068875114590E-015
          43  2.550952305960391E-019  1.184902539981399E-021
          47  2.916794235649802E-009  1.420572237892126E-011
          50  1.838261057069948E-016  8.610791903067447E-019
          55  3.247688417032707E-005  1.626731901853324E-007
          61  3.325776702697887E-017  1.553159318655160E-019
          63  1.449028225063814E-013  6.871264423952779E-016
          67  1.092016307722193E-003  5.526750539806289E-006
          70  7.139744929078588E-008  3.514012684771503E-010
          73  8.025735613746550E-017  3.757351010650284E-019
          78  8.251776723791051E-015  3.919139159782854E-017
          97  1.793823320028948E-007  8.899033843101128E-010
         100  3.146931436304566E-005  1.593229335457803E-007
         102  1.063506918189510E-024  4.912188976163753E-027
          14
          11  1.458894051300228E-004  7.228990046552844E-007
          13  8.667908700568104E-018  4.021268345074412E-020
          21  3.081187621541146E-028  1.422444420169874E-030
          25  7.528799066644028E-007  3.669775475465715E-009
          29  1.579102573388597E-013  7.429057765339496E-016
          55  1.132943993394907E-014  5.320461676407898E-017
          61  3.825089893177757E-008  1.846040034876799E-010
          63  1.838241735528123E-015  8.575797419080900E-018
          67  6.894735985238638E-007  3.389101464689063E-009
          70  2.866963874266842E-004  1.413107797394085E-006
          78  2.396265457705315E-010  1.158973414081374E-012
          83  8.894322177482233E-009  4.292413644878487E-011
         100  3.823067670484749E-006  1.894474061340190E-008
         118  1.723207948406748E-015  8.046771865247134E-018
           0
          13
          11  1.808611471958193E-008  8.656509511720473E-011
          21  5.143192041990267E-016  2.383695869142683E-018
          25  3.005649115060024E-005  1.448519604734616E-007
          29  6.117522807760812E-008  2.908290577427445E-010
          61  1.220702383318950E-009  5.769649354593441E-012
          70  4.045637871100175E-005  1.950977959348885E-007
          77  1.040605502237311E-015  4.838513488833113E-018
          78  1.193947577500977E-011  5.656234171893402E-014
          83  2.814019309635463E-005  1.353856534663811E-007
          99  4.983525536383982E-018  2.308469925123046E-020
         100  1.066548992677623E-011  5.057476954548296E-014
         115  3.058046642192979E-010  1.444188706498052E-012
         118  4.128800005399459E-007  1.967982310373667E-009
          13
          11  3.292378077139539E-007  1.589327260135747E-009
          38  1.890766208483584E-008  9.023498950571570E-011
          47  1.716621854856488E-010  8.104430409410817E-013
          50  5.337015401827117E-009  2.534573290112290E-011
          55  7.750972610223114E-009  3.707052139072918E-011
          61  6.874412233380506E-009  3.265275619908586E-011
          63  2.449454996712539E-007  1.168837467591079E-009
          67  6.241203952035046E-006  3.034188521761874E-008
          70  5.122362585591179E-008  2.451204118974189E-010
          90  2.451080755070188E-015  1.137396907938912E-017
          97  4.116373331555166E-015  1.921952497288674E-017
         100  2.811422029678662E-010  1.345549813738071E-012
         111  3.756482189584097E-012  1.764208572320271E-014
          10
           9  1.389763264519848E-009  6.454595285176033E-012
          12  3.542243005041810E-013  1.642219478922878E-015
          21  1.377905880122687E-008  6.390410839617283E-011
          24  2.809889178619292E-010  1.300975171621450E-012
          29  1.238810446972082E-008  5.747995407455366E-011
          61  2.020455207425077E-008  9.382034649176725E-011
          70  5.438200320940490E-013  2.515612703907231E-015
          83  1.576033912529418E-020  7.268285510311533E-023
         116  2.894890719340000E-016  1.339222395955760E-018
         118  4.613677361653261E-013  2.131494412319018E-015
           8
          19  1.285987429296731E-018  5.964111336394236E-021
          27  6.109374502976326E-020  2.829491577103152E-022
          35  1.894096380967643E-016  8.757669084510026E-019
          53  1.328707506440840E-012  6.157057241848515E-015
          71  7.076269401754330E-023  3.270115137582591E-025
          89  2.030575196997721E-012  9.405497448520459E-015
         107  5.135406654539159E-019  2.375156017605322E-021
         109  2.745700464114412E-029  1.268709388948555E-031
           0
          21
           2  7.813945011960060E-027  3.610047913025588E-029
           7  9.504858971655535E-008  4.548880625189858E-010
           8  1.087244706776408E-004  5.292990080988756E-007
          16  3.661121318108966E-015  1.701628653081814E-017
          20  2.015257288108173E-004  9.794277395066452E-007
          23  4.254388424373085E-010  2.036966202389771E-012
          28  2.731972180161491E-029  1.258910057410004E-031
          45  7.341874147430410E-006  3.570569528273070E-008
          58  3.669724488227967E-006  1.785395542427260E-008
          59  2.709825025220599E-016  1.259254033323616E-018
          60  1.230181868992504E-011  5.819803638760221E-014
          72  2.227259240900360E-006  1.081269651574468E-008
          75  4.202040096222568E-022  1.936354917205192E-024
          80  4.244197854983409E-009  2.046888224362088E-011
          84  4.798978984417737E-031  2.212743574632207E-033
          98  2.244913888192566E-004  1.095928473949539E-006
         104  1.304181971853101E-007  6.321782636200834E-010
         106  1.036871776635527E-019  4.801071847300331E-022
         108  7.796081957544997E-006  3.775234656234440E-008
         114  1.351281161118872E-006  6.498617437953062E-009
         119  2.666827074961526E-010  1.275961342423660E-012
          19
           1  7.128544893571978E-005  3.545877154074322E-007
          11  1.989570710550350E-022  9.157990644682021E-025
          15  3.236522245771220E-004  1.611341782089653E-006
          26  4.749584140320070E-025  2.186658100266105E-027
          30  1.009297034359102E-008  4.882556577593859E-011
          43  8.105375935948898E-006  3.973231259435274E-008
          47  4.095691720988092E-007  1.995039212286196E-009
          55  1.225232111516766E-004  6.078622022806679E-007
          67  1.422518762612056E-007  6.988105071083259E-010
          73  1.658972703797582E-004  8.229401762234128E-007
          74  3.581638790278703E-012  1.696944384016539E-014
          84  3.253450874752167E-015  1.531490385741408E-017
          92  2.314650952619015E-012  1.102313115849992E-014
          96  3.150963701074926E-013  1.486857192495347E-015
          97  6.918739635500776E-004  3.446610886541670E-006
         100  1.217811430540148E-016  5.698564820849504E-019
         102  1.814688568051150E-007  8.819144113909981E-010
         105  4.162332652392242E-005  2.052411291029621E-007
         110  1.132428528042633E-017  5.258137065899591E-020
           3
          81  4.705597693143214E-025  2.173008796347620E-027
          90  1.092692970953925E-028  5.036755495754525E-031
         111  1.368059338577769E-026  6.323844301669842E-029
           3
          16  5.665284171849381E-018  2.605898154977039E-020
          91  2.677240643307519E-024  1.233420735535410E-026
         114  8.855431852850520E-031  4.076388638801286E-033
          12
          26  9.004213024536246E-008  4.181893956590331E-010
          30  1.928792715655299E-007  8.989414094727338E-010
          38  5.917268924933475E-014  2.741556235053601E-016
          43  2.322425555223248E-009  1.079102383010027E-011
          47  1.437811208528687E-008  6.678517071619006E-011
          50  2.276006424551642E-019  1.049854217254611E-021
          55  4.780474594799674E-021  2.204032043554939E-023
          74  7.914032951076695E-008  3.676702574826735E-010
          96  2.392248143174148E-009  1.110605820229478E-011
          97  8.013054289762509E-020  3.705613603201425E-022
         102  7.654001865266681E-008  3.560621751152136E-010
         105  1.161845994762281E-017  5.365184490554533E-020
           6
          44  1.228689109463297E-025  5.670308266186527E-028
          56  1.753618913716217E-015  8.091941649800056E-018
          65  1.199553642799806E-022  5.535434644670828E-025
          66  1.423960561699383E-025  6.578881563376325E-028
          94  1.690740746782798E-017  7.811985806232699E-020
         103  2.950401157976236E-020  1.363031303387845E-022
          16
           1  5.626463405292177E-012  2.644128221260903E-014
          15  7.152527014566373E-009  3.405700214700081E-011
          26  1.747808453443139E-008  8.252694462020783E-011
          30  8.463649161519009E-006  4.045810323358782E-008
          38  6.386751688104547E-011  3.004877890515434E-013
          43  1.907551015118545E-005  9.128187138896943E-008
          47  4.313561532612089E-005  2.063018559306388E-007
          50  8.080528437460393E-015  3.748734438758559E-017
          55  4.704313906657708E-006  2.258281665971308E-008
          67  1.811419731190025E-009  8.619069724167373E-012
          73  2.826207520024456E-009  1.340087108520832E-011
          74  1.918292750024851E-007  9.090934312269857E-010
          96  7.161910003520925E-009  3.382367301777205E-011
          97  6.115294644430626E-006  2.945047300744707E-008
         102  1.616257180917027E-005  7.722201051967945E-008
         105  3.110300502577525E-007  1.482596632855108E-009
          17
           1  7.365457737414239E-007  3.571258564167324E-009
          15  2.270560491276468E-005  1.106027243668851E-007
          26  2.253601797248879E-014  1.049262344248543E-016
          30  4.755900861565189E-007  2.284633509396513E-009
          43  5.285528535950305E-005  2.559351740281540E-007
          47  7.443306014451062E-007  3.573988421295179E-009
          48  1.504690133041055E-015  6.984392849189459E-018
          55  5.132494726117899E-006  2.491491801684641E-008
          67  4.537068975210631E-011  2.158174951589522E-013
          73  2.512893244428674E-005  1.221512921238632E-007
          74  9.163941187319612E-009  4.361017829718814E-011
          92  4.381452487891896E-023  2.019352964936056E-025
          96  5.375226821268465E-009  2.556769934318674E-011
          97  8.602332000382792E-005  4.202408643956157E-007
         102  3.775840351120456E-006  1.816703896180098E-008
         105  9.601056056151124E-005  4.661196551782590E-007
         110  1.047641160103138E-016  4.858235309370952E-019
           0
           3
          52  1.832298041753545E-014  8.461756590286346E-017
          94  1.341273109056328E-029  6.197900273278630E-032
         103  2.378690522611227E-019  1.099020147993853E-021
          14
           3  3.805344802458129E-012  1.780630315253311E-014
           6  5.103592273816849E-007  2.439267947032258E-009
          19  1.665049704875825E-016  7.746274133273353E-019
          25  5.633569090282129E-021  2.597095358004153E-023
          33  8.398444622474400E-018  3.887780424100382E-020
          35  2.318707583668798E-009  1.092957717261007E-011
          40  3.814651734077926E-026  1.767684193510900E-028
          42  1.019324502373387E-009  4.795298844525429E-012
          46  8.100476261751469E-006  3.868191598269007E-008
          53  6.355218515107076E-010  2.999080881811744E-012
          77  4.247107393100932E-006  2.033528437404406E-008
          78  1.052713909224491E-014  4.923403773917895E-017
          89  1.136333158827818E-012  5.314068730283134E-015
         115  5.871012944063492E-009  2.778580907358995E-011
          23
           1  4.718446519016957E-004  2.458508318464107E-006
          11  2.303415789629739E-020  1.074191256237563E-022
          13  4.434022257740555E-011  2.208411561416672E-013
          15  2.298536257768696E-005  1.185810452887894E-007
          23  1.687273714698103E-005  8.730596873652680E-008
          28  2.424308721507590E-005  1.266323412438634E-007
          45  2.094922149072185E-009  1.052893743176033E-011
          55  2.962415196640112E-009  1.490426581825644E-011
          58  7.354914011606751E-009  3.719501310568307E-011
          59  9.991440063874665E-025  4.625138151497390E-027
          60  4.397527687780292E-009  2.212618473435767E-011
          67  5.652075467411108E-012  2.787555191715049E-014
          73  4.166464708590756E-006  2.137392166834196E-008
          75  1.552497512154904E-008  7.921972452849131E-011
          80  1.379676389708108E-005  7.156900231754825E-008
          84  6.734234608980822E-004  3.543440829341818E-006
          92  8.322629655492702E-005  4.312805041674057E-007
          97  9.316666921533428E-008  4.742214949403333E-010
         100  1.124512378850567E-010  5.633098644487527E-013
         105  3.300010110614884E-012  1.616767962618926E-014
         106  9.534185335419539E-007  4.884626959613429E-009
         110  8.400286999619383E-019  3.946170749751021E-021
         119  3.277597439713776E-015  1.577567305681515E-017
          13
           6  4.182796777725633E-007  1.982242999406710E-009
          18  8.323893539376050E-012  3.899957156134197E-014
          19  2.217879111843354E-006  1.052448011821716E-008
          27  5.684083022408362E-007  2.689093429669211E-009
          35  2.857061266100299E-010  1.335726399342502E-012
          40  2.710711236205114E-009  1.279626638163015E-011
          42  1.180645463736436E-022  5.456880891694713E-025
          46  9.405090490573067E-020  4.353232104150118E-022
          53  1.114132035314664E-005  5.281500549164337E-008
          62  5.239726845059174E-008  2.460285308822293E-010
          71  8.511497571380258E-031  3.936166647121787E-033
          89  7.851670694921860E-006  3.717709713919083E-008
         120  2.114204048650544E-028  9.792310516295091E-031
           4
          35  6.042158981153366E-020  2.786934852821723E-022
          42  6.819141656192246E-024  3.141983485474304E-026
          71  1.539092554105732E-017  7.095510644979383E-020
         107  1.134890002929547E-019  5.236402562204336E-022
