         117
  0.199111061296409     
  0.199439910096929     
  0.199749276578545     
  0.199734199569678     
  0.199018633457255     
  0.198704543703255     
  0.198706666049241     
  0.199643234619750     
  0.200043565059005     
  0.199119185109984     
  0.199739433526277     
  0.198031616714421     
  0.200106111764376     
  0.199484828341904     
  0.198830652375425     
  0.200144385417524     
  0.199050727417626     
  0.200550832377732     
  0.200191462360896     
  0.200145943695185     
  0.199965656769845     
  0.198524779617202     
  0.199329187171185     
  0.199367970182934     
  0.198679796304332     
  0.200125398999360     
  0.199246211021598     
  0.199174134631075     
  0.199555002902024     
  0.198634358932272     
  0.199724856169074     
  0.199069213017926     
  0.199529008608641     
  0.199503842889403     
  0.199774954014457     
  0.200345553474454     
  0.199581212145220     
  0.199059510576364     
  0.198510242920147     
  0.198512919937860     
  0.200942525049971     
  0.198965291550973     
  0.199338496473120     
  0.199568480503391     
  0.199671705268396     
  0.198915146224035     
  0.199368501920317     
  0.198626995081629     
  0.198063007324523     
  0.199926862987099     
  0.199908447277800     
  0.199802125915389     
  0.198536939792527     
  0.198823374498808     
  0.200488017950425     
  0.200238870917008     
  0.199796872897119     
  0.199434284340817     
  0.199888589841515     
  0.199238733087812     
  0.199352358122312     
  0.199444205927725     
  0.198403436265567     
  0.198520432097688     
  0.199426109399794     
  0.198150923359985     
  0.199427356846954     
  0.200345067212512     
  0.198783301175492     
  0.200131607320338     
  0.200172336482997     
  0.199663582598096     
  0.200975183999833     
  0.199907008109884     
  0.199337452303521     
  0.200283183360011     
  0.199977849501824     
  0.199926137225754     
  0.199922692116147     
  0.200712403427146     
  0.199692102601963     
  0.199663790097868     
  0.199482574326249     
  0.199731662362232     
  0.199316727708496     
  0.199726521617833     
  0.200212195071445     
  0.198259987539914     
  0.199435603015825     
  0.199801169558957     
  0.199328743610267     
  0.199987524424115     
  0.198785535507405     
  0.200137225018314     
  0.200507476495736     
  0.200303577919642     
  0.199160813505660     
  0.199912845600669     
  0.199052823806956     
  0.199499605206114     
  0.198839506166678     
  0.198927021712000     
  0.199726992926672     
  0.199052606408430     
  0.200170898651054     
  0.199297263018583     
  0.200352716002871     
  0.199665560918131     
  0.199097645503004     
  0.199075646007066     
  0.199870341969202     
  0.199064981585238     
  0.198725888803209     
  0.199830198161667     
  0.199557499610557     
  0.200329999402700     
  0.199944388642839     
