         121
  0.199504706653283     
  0.199460921218963     
  0.199278514441012     
  0.199429629051913     
  0.199721127494394     
  0.199658842491013     
  0.199807982538859     
  0.199229361927400     
  0.200339591021365     
  0.199515759085952     
  0.199963230972445     
  0.199867742130934     
  0.200292287503115     
  0.199031473120707     
  0.198363785374253     
  0.200095655443885     
  0.200457633284249     
  0.198822977777862     
  0.199575821317548     
  0.198909886547901     
  0.198963217444422     
  0.198236185416392     
  0.199083188747667     
  0.200107210681224     
  0.200379117526210     
  0.199110784079888     
  0.198972287658901     
  0.199294295740178     
  0.198276042253713     
  0.199115250032297     
  0.200471491758228     
  0.198724327635711     
  0.200137311322050     
  0.197924341119640     
  0.199556692136396     
  0.199147473057380     
  0.199600646906496     
  0.200467856812257     
  0.198563575530299     
  0.199655427780013     
  0.201089292535844     
  0.198446277961267     
  0.199661905693643     
  0.198950863532074     
  0.200877772947765     
  0.199694380927644     
  0.200361910498329     
  0.199350499344112     
  0.199130812586524     
  0.199595221161044     
  0.200357858865534     
  0.199693239538908     
  0.199057998308280     
  0.199926137297662     
  0.198429607917036     
  0.199004890434130     
  0.200294690077939     
  0.199717426146932     
  0.199455261881118     
  0.198669061120201     
  0.198759218937109     
  0.199646535727301     
  0.199592708557354     
  0.199417169555441     
  0.199818571288196     
  0.199743090210403     
  0.198685947173434     
  0.198547475376658     
  0.198740617202920     
  0.199463275435566     
  0.199997018426599     
  0.200240054112384     
  0.200753605250088     
  0.199919495087116     
  0.199912100456834     
  0.198992008478001     
  0.198919458502626     
  0.198904317468598     
  0.200520365677219     
  0.199623346331617     
  0.200161634286153     
  0.199412706967305     
  0.200436140224740     
  0.199165937429746     
  0.199572564286650     
  0.199572823596468     
  0.200908162946253     
  0.200405314692532     
  0.199710643323804     
  0.199918197275168     
  0.199530541914804     
  0.199503898936199     
  0.198107148264123     
  0.199803967238559     
  0.199541250526543     
  0.200096958381064     
  0.198230886694161     
  0.199103496394516     
  0.199786285274609     
  0.198780564190944     
  0.199867181515922     
  0.200360893377013     
  0.199708902549084     
  0.199282994796455     
  0.199502131649059     
  0.199332001454281     
  0.199757581727516     
  0.199368704954348     
  0.199687685903212     
  0.199126733058377     
  0.199492949534942     
  0.199709663004677     
  0.199587818812832     
  0.198520035694143     
  0.199263100074566     
  0.198395078179969     
  0.198547033222422     
  0.200956798830923     
  0.200311921173255     
  0.199373398706180     
  0.199074858435540     
