  1 -25.00000 -20.00000   0.00000 396.94350
  1 -23.00000 -18.00000   0.00000 391.92900
  1 -21.00000 -16.00000   0.00000 383.78250
  1 -19.00000 -14.00000   0.00000 366.33100
  1 -17.00000 -12.00000   0.00000 327.06450
  1 -15.00000 -10.00000   0.00000 244.32200
  1 -13.00000  -8.00000   0.00000 117.60500
  1 -11.00000  -6.00000   0.00000  28.51900
  1  -9.00000  -4.00000   0.00000   4.35600
  1  -7.00000  -2.00000   0.00000   0.60350
  1  -5.00000   0.00000   0.00000   0.09000
  1  -3.00000   2.00000   0.00000   0.01500
  1  -1.00000   4.00000   0.00000   0.00150
  1   1.00000   6.00000   0.00000   0.00000
  1   3.00000   8.00000   0.00000   0.00000
  1   5.00000  10.00000   0.00000   0.00000
