  1 -25.00000 -20.00000  23.33000 353.28550
  1 -23.00000 -18.00000  40.17400 319.45900
  1 -21.00000 -16.00000  62.19350 274.96450
  1 -19.00000 -14.00000  96.07950 205.79300
  1 -17.00000 -12.00000 130.28200 132.65600
  1 -15.00000 -10.00000 153.62350  71.57500
  1 -13.00000  -8.00000 156.13250  30.93100
  1 -11.00000  -6.00000 131.09550  10.32350
  1  -9.00000  -4.00000  75.01100   2.75050
  1  -7.00000  -2.00000  22.01100   0.53900
  1  -5.00000   0.00000   3.67100   0.07650
  1  -3.00000   2.00000   0.51250   0.01750
  1  -1.00000   4.00000   0.07600   0.00150
  1   1.00000   6.00000   0.01050   0.00000
  1   3.00000   8.00000   0.00050   0.00000
  1   5.00000  10.00000   0.00050   0.00000
