  1 -25.00000 -20.00000  14.21250 371.43750
  1 -23.00000 -18.00000  23.11750 353.31850
  1 -21.00000 -16.00000  37.91600 322.60150
  1 -19.00000 -14.00000  57.41250 279.75500
  1 -17.00000 -12.00000  79.66550 221.67600
  1 -15.00000 -10.00000  93.72200 150.53200
  1 -13.00000  -8.00000  91.20050  70.43950
  1 -11.00000  -6.00000  63.69850  19.72450
  1  -9.00000  -4.00000  22.37000   3.92100
  1  -7.00000  -2.00000   4.09150   0.58400
  1  -5.00000   0.00000   0.58450   0.08550
  1  -3.00000   2.00000   0.07200   0.01550
  1  -1.00000   4.00000   0.01150   0.00200
  1   1.00000   6.00000   0.00150   0.00000
  1   3.00000   8.00000   0.00050   0.00000
  1   5.00000  10.00000   0.00000   0.00000
