  1 -25.00000 -20.00000  25.62000 348.70100
  1 -23.00000 -18.00000  40.45650 318.91950
  1 -21.00000 -16.00000  65.28750 268.80250
  1 -19.00000 -14.00000  98.88200 200.28900
  1 -17.00000 -12.00000 134.17850 125.46050
  1 -15.00000 -10.00000 157.05750  66.75900
  1 -13.00000  -8.00000 159.99350  28.35900
  1 -11.00000  -6.00000 135.41700   9.60200
  1  -9.00000  -4.00000  80.44150   2.64500
  1  -7.00000  -2.00000  24.70350   0.51300
  1  -5.00000   0.00000   4.21350   0.08000
  1  -3.00000   2.00000   0.59150   0.01400
  1  -1.00000   4.00000   0.08750   0.00150
  1   1.00000   6.00000   0.01300   0.00000
  1   3.00000   8.00000   0.00050   0.00000
  1   5.00000  10.00000   0.00050   0.00000
