  1 -25.00000 -20.00000  22.84200 354.24750
  1 -23.00000 -18.00000  38.43150 322.93600
  1 -21.00000 -16.00000  60.12500 279.02900
  1 -19.00000 -14.00000  91.98950 213.75900
  1 -17.00000 -12.00000 125.96250 140.56500
  1 -15.00000 -10.00000 149.74600  77.33850
  1 -13.00000  -8.00000 151.66500  33.67700
  1 -11.00000  -6.00000 125.37250  10.99550
  1  -9.00000  -4.00000  68.73800   2.87250
  1  -7.00000  -2.00000  18.87750   0.54150
  1  -5.00000   0.00000   3.05850   0.08450
  1  -3.00000   2.00000   0.42350   0.01500
  1  -1.00000   4.00000   0.06150   0.00150
  1   1.00000   6.00000   0.00850   0.00000
  1   3.00000   8.00000   0.00050   0.00000
  1   5.00000  10.00000   0.00050   0.00000
