  1 -25.00000 -20.00000  20.70800 358.48850
  1 -23.00000 -18.00000  31.99000 335.73000
  1 -21.00000 -16.00000  52.23050 294.65250
  1 -19.00000 -14.00000  80.92650 235.13400
  1 -17.00000 -12.00000 113.20250 163.66900
  1 -15.00000 -10.00000 135.44200  97.06850
  1 -13.00000  -8.00000 136.64850  42.99600
  1 -11.00000  -6.00000 107.36300  13.46700
  1  -9.00000  -4.00000  51.14350   3.28100
  1  -7.00000  -2.00000  11.94300   0.57350
  1  -5.00000   0.00000   1.83650   0.08100
  1  -3.00000   2.00000   0.24700   0.01500
  1  -1.00000   4.00000   0.03050   0.00250
  1   1.00000   6.00000   0.00700   0.00000
  1   3.00000   8.00000   0.00100   0.00000
  1   5.00000  10.00000   0.00000   0.00000
