         128
  0.200205189154546     
  0.200355589886672     
  0.198805150088938     
  0.199345780213934     
  0.198496906656169     
  0.198692343255172     
  0.199060420260092     
  0.199616367816333     
  0.199935307488672     
  0.198928424258282     
  0.200397563361739     
  0.200023560721017     
  0.199791452516275     
  0.199622537167422     
  0.199031931916738     
  0.200093247120643     
  0.199757401950206     
  0.199710576480077     
  0.200038897070437     
  0.199810941894663     
  0.198782294801930     
  0.201251636535822     
  0.198729321938785     
  0.200356129693592     
  0.199397063725948     
  0.199002759924937     
  0.200770813824760     
  0.200323045803493     
  0.199145010395399     
  0.199626341495201     
  0.200102137356049     
  0.199995570473560     
  0.200174236582879     
  0.198815926498652     
  0.199014776393054     
  0.199333720926981     
  0.198062303091688     
  0.199888300914643     
  0.200385705908853     
  0.199496761817533     
  0.200002538595981     
  0.201288096984333     
  0.199611279936803     
  0.199623220102717     
  0.199513213808052     
  0.199631397069150     
  0.198748360953714     
  0.198501072488404     
  0.198946583299647     
  0.199268788173702     
  0.200595313596180     
  0.200463055748060     
  0.199154243974773     
  0.199832087235801     
  0.199782386615551     
  0.200632950243892     
  0.198739762520445     
  0.199923576329254     
  0.199024858460547     
  0.198960540015232     
  0.198905657462115     
  0.200061800703083     
  0.199385170611641     
  0.198531374147865     
  0.199841395428077     
  0.200428666940716     
  0.199497508165113     
  0.200578440554032     
  0.198869168712119     
  0.198034755546379     
  0.198214395015509     
  0.200100263660534     
  0.199176550839657     
  0.199777901620966     
  0.198980925370616     
  0.199265124146041     
  0.199498067979521     
  0.200037931216628     
  0.199864359165670     
  0.200417993522475     
  0.199178320437439     
  0.199442342479642     
  0.198795153913790     
  0.200005284644601     
  0.199567595672454     
  0.200155045117412     
  0.198182592002643     
  0.199668027989618     
  0.199912599755953     
  0.200670852581752     
  0.198525343117493     
  0.199077507305772     
  0.199698484504556     
  0.200121475384107     
  0.199941882091969     
  0.198922560714304     
  0.200185057701077     
  0.200300648043936     
  0.201248039644236     
  0.199988865188243     
  0.198838717853697     
  0.199438288038062     
  0.199359312524931     
  0.199956532242819     
  0.199448368819004     
  0.197790891587802     
  0.200043796474832     
  0.199378547179081     
  0.199902535447595     
  0.199012110384237     
  0.200055218855730     
  0.199784838518801     
  0.199737315512556     
  0.198109891949195     
  0.200228568174276     
  0.200466942895714     
  0.198877932794862     
  0.199244327312636     
  0.198898203967705     
  0.199392697821100     
  0.199289608502181     
  0.198453506595044     
  0.199632799931030     
  0.199480481384222     
  0.199396507677104     
  0.199425155882831     
  0.200253233519796     
  0.199923848299234     
