          99
  0.199111061296409     
  0.199439910096929     
  0.199749276578545     
  0.199734199569678     
  0.199020163457255     
  0.198704543703255     
  0.198707166049241     
  0.199643234619750     
  0.200043565059005     
  0.199572440978735     
  0.199108292136261     
  0.198833922134067     
  0.200687566462439     
  0.199361262097295     
  0.199109872935436     
  0.200186403318161     
  0.199306203352428     
  0.200753551236099     
  0.199642818006826     
  0.200585786004291     
  0.199825788460062     
  0.198872569260199     
  0.199389778919913     
  0.198906472443966     
  0.198327076857793     
  0.200542486036050     
  0.198380702986892     
  0.199031330239287     
  0.199582186428416     
  0.199102837535807     
  0.200390644933587     
  0.198620680115759     
  0.199690366045178     
  0.199766330715265     
  0.199645920640654     
  0.199569436591165     
  0.198480691836096     
  0.199965309868196     
  0.199505778371805     
  0.200661503676353     
  0.200640655464617     
  0.199285962110173     
  0.198927685812403     
  0.199448528161281     
  0.198982410981082     
  0.199475434710153     
  0.198746440121218     
  0.199595479447440     
  0.199121288567186     
  0.199847541287113     
  0.198220317289303     
  0.200327206206580     
  0.199336280025869     
  0.199374817786274     
  0.199649495851061     
  0.199176987200786     
  0.199068447299951     
  0.199727943955990     
  0.200048011627280     
  0.199900659558378     
  0.199410316761885     
  0.199903660468958     
  0.198621979429648     
  0.199049298144255     
  0.198504664969318     
  0.200402745204565     
  0.198957304936327     
  0.199722260234512     
  0.198569157492746     
  0.200784074372369     
  0.199292417680236     
  0.199972323908274     
  0.199654608355345     
  0.199695930297234     
  0.199975128526784     
  0.199318334148099     
  0.199003127101434     
  0.200229121037645     
  0.199121131423542     
  0.199377989875089     
  0.199218604875617     
  0.199434474901810     
  0.200206809871460     
  0.199487458519197     
  0.199471056348978     
  0.198698829020072     
  0.199244304364024     
  0.199719109285067     
  0.199055357920779     
  0.199302597067392     
  0.200251218235541     
  0.199197239753100     
  0.199466141762386     
  0.200362939229487     
  0.200115426256401     
  0.199595976635118     
  0.199756448050760     
  0.200896694777212     
  0.199967498949323     
