         127         118
          21
           3  1.159188965530022E-015  5.489502585378173E-018
          11  8.095651241099715E-005  4.187168470127131E-007
          13  1.767229745689420E-005  8.998550855420743E-008
          16  4.330845132040011E-006  2.197197859527398E-008
          17  1.433861940234383E-003  7.478049541450129E-006
          18  4.870922373022692E-004  2.509122114357991E-006
          28  3.770326906190052E-004  1.947584965351239E-006
          32  2.240159680323319E-005  1.151482776496319E-007
          39  1.495760682525405E-012  7.293477518042677E-015
          42  1.073271057065107E-019  4.995050242210103E-022
          47  1.481548702180351E-012  7.191442490965071E-015
          48  9.539888008527267E-015  4.544194341507076E-017
          49  4.949914570861712E-006  2.550167417970666E-008
          64  2.083149469508806E-006  1.079310017052021E-008
          65  7.124637558104577E-005  3.652363751826865E-007
          78  7.155453222776062E-011  3.571455270646897E-013
          81  1.735929176335703E-006  8.763382661537968E-009
          89  2.206745530262119E-010  1.091702001442397E-012
          95  1.057932283296612E-015  5.054452570248134E-018
         102  3.743328867379618E-020  1.743398314479542E-022
         113  4.853549142762879E-006  2.500925140404765E-008
           5
          22  3.504369285770510E-019  1.610047390745588E-021
          36  1.697754516288506E-017  7.838816901081466E-020
          60  5.855594238003165E-014  2.697268671479963E-016
          90  2.564994998879383E-017  1.182406751330665E-019
         101  3.683397268282726E-018  1.699108345244176E-020
           9
           9  5.418025882731114E-019  2.499474305063350E-021
          22  2.856407981183504E-009  1.319032039829317E-011
          36  2.632515151972920E-015  1.216614285818281E-017
          56  8.852717438342545E-014  4.094336192114715E-016
          60  2.626848097901550E-020  1.210600365382601E-022
          68  5.286299776884457E-019  2.436570718022890E-021
          73  1.211397765350239E-008  5.611248586024347E-011
          77  2.167988210901957E-020  9.967412645941748E-023
          79  1.085183882369243E-008  5.019443949141513E-011
          24
           4  2.306611621865815E-008  1.258961632207826E-010
          11  6.890430065294927E-014  3.524216266049743E-016
          17  6.450462277818615E-010  3.458555510831395E-012
          21  2.369843657296561E-006  1.316303603859397E-008
          24  6.173777442976380E-013  3.174246099241643E-015
          32  4.979683469906615E-027  2.302518675458743E-029
          38  1.088857160151712E-006  6.040914584327101E-009
          39  3.462739301975801E-021  1.644660913689157E-023
          49  2.967554408750952E-010  1.584403323200922E-012
          55  2.422379349674235E-006  1.351055057919858E-008
          58  1.610050820733921E-009  8.664706345576193E-012
          59  7.175614428247578E-019  3.474572524488069E-021
          63  1.151496961727267E-006  6.385288081724374E-009
          64  1.581443917135629E-005  8.893746641842601E-008
          70  6.674171963598045E-005  3.763045320677634E-007
          78  3.080184508887273E-005  1.728545078093337E-007
          80  3.020609281531055E-005  1.697658049627863E-007
          82  1.408837795732978E-012  7.315050523240111E-015
          83  1.435417127588551E-010  7.608549008352782E-013
          91  5.270397884330262E-005  2.974223311482970E-007
          95  2.982848655741477E-007  1.646295847268231E-009
         113  2.080150086481931E-009  1.120926839029368E-011
         115  4.874497911842837E-008  2.666088109968244E-010
         116  6.143886651284940E-014  3.131535096380852E-016
          11
           3  1.097519945121632E-011  5.082002109561969E-014
           5  1.740483975545729E-012  8.055034730411341E-015
          25  4.842838877082079E-009  2.250632055534495E-011
          30  2.579339045216860E-012  1.197613563463746E-014
          41  2.541163920508877E-009  1.178345541074296E-011
          47  2.924119848195260E-014  1.358463488392918E-016
          69  3.557713473801102E-020  1.646909890171780E-022
          93  4.686919656622286E-010  2.174157785440988E-012
         102  5.043698236572102E-011  2.344374315112778E-013
         110  2.473158986020676E-009  1.147632436936824E-011
         118  4.974530872327488E-012  2.304456475532611E-014
          21
           4  3.601246393167430E-005  1.973458821654813E-007
          17  7.998796045171839E-025  3.715586798917466E-027
          21  1.344997914574626E-003  7.466558779068780E-006
          24  3.004532714564905E-007  1.611919831204430E-009
          27  2.829389071911832E-027  1.308553084931663E-029
          38  1.810649807734614E-007  9.804097872593689E-010
          39  3.729111467611622E-014  1.869518227915320E-016
          49  6.004321596532015E-012  3.095703472879082E-014
          53  8.728506673499211E-009  4.611300412772702E-011
          55  1.349538772387381E-009  7.181924485902711E-012
          63  1.425840558796718E-022  6.671225638729223E-025
          64  5.197760243329063E-013  2.663319766179481E-015
          70  4.830098752495932E-011  2.537313529228618E-013
          78  6.989326413939036E-005  3.866296771707499E-007
          80  2.735230059103938E-003  1.524479341551530E-005
          82  3.565038075051836E-005  1.947397790764430E-007
          83  1.303017285579857E-004  7.130341669623948E-007
          91  3.031454503182796E-003  1.694924216047358E-005
         113  6.020165887130258E-011  3.144541572191645E-013
         115  6.197099107052519E-017  3.028820717945495E-019
         116  1.324012077964846E-005  7.198018776662992E-008
          15
           6  5.903547693613633E-028  2.733274833847413E-030
          34  6.348051528109697E-005  3.149275110606722E-007
          38  3.286428645006345E-009  1.626959262386202E-011
          40  5.030257579329422E-005  2.499180519557753E-007
          46  2.622995376357193E-007  1.294912281122710E-009
          55  5.476849704369973E-007  2.753150074747521E-009
          56  2.176086867269830E-019  1.013482567619609E-021
          58  3.288599930308163E-005  1.659112512214135E-007
          63  2.247782000845429E-016  1.058463844512859E-018
          70  3.933770033785800E-013  1.896997731104524E-015
          76  5.057777932820942E-020  2.355053017826422E-022
          87  1.319058340280917E-021  6.131127637681911E-024
          88  1.844918892446998E-004  9.186646189446373E-007
          98  4.771035084527763E-005  2.369196475901279E-007
         115  9.309271044825063E-006  4.697473120110066E-008
          19
          11  5.435861471269172E-004  2.772545511903769E-006
          13  2.241604484815420E-006  1.117483984614273E-008
          16  1.875712201654528E-004  9.417348858199167E-007
          17  9.286527819870249E-008  4.646837538406304E-010
          18  1.203875500830808E-009  5.908888354182392E-012
          28  3.884149489710583E-012  1.878919582455363E-014
          32  1.128385905080940E-003  5.741302185590323E-006
          33  1.873389630365771E-013  8.918476998380310E-016
          44  4.419236266464659E-007  2.182586591292827E-009
          48  6.873991391502811E-006  3.414313937260175E-008
          59  8.485428167425968E-013  4.088727133967017E-015
          63  5.985249575163957E-017  2.813547350416225E-019
          64  3.562193777261739E-007  1.802561423608637E-009
          65  4.752310652578488E-004  2.400714559119543E-006
          74  1.322510432140658E-014  6.260520487076082E-017
          81  1.505739680802689E-007  7.434363451657925E-010
          95  9.306390868220097E-010  4.609448507962180E-012
          97  6.900713921700130E-007  3.442928539650596E-009
          99  7.359150155082538E-010  3.576129897225544E-012
          17
          15  2.839994887870261E-016  1.314648473615509E-018
          27  5.268252266429078E-018  2.433353360271429E-020
          31  2.973365861891389E-014  1.372707190536606E-016
          43  1.184525558495017E-009  5.540114271531426E-012
          53  3.029406330173035E-010  1.424031044192884E-012
          67  2.666168411861491E-014  1.236543643035562E-016
          68  2.571389770745247E-029  1.185425836339114E-031
          75  8.991772311859711E-014  4.170970879877521E-016
          77  2.531292922584926E-024  1.164138017457757E-026
          82  5.636278610646370E-012  2.648519914060865E-014
          83  3.822089972312628E-014  1.776800742697406E-016
          94  8.052438693579954E-016  3.712589268311752E-018
          96  3.999630910798797E-014  1.850314663616257E-016
         111  1.257375290496410E-020  5.798914977041171E-023
         112  9.388818505737980E-009  4.400880069580486E-011
         116  1.130097123557453E-011  5.295460463533631E-014
         117  4.664504891330146E-007  2.194031757302149E-009
          20
           3  6.117530145489914E-007  2.918321195513111E-009
          11  1.201682298885785E-013  5.649065848254803E-016
          13  7.640539528665440E-006  3.685503078840114E-008
          16  6.139793989360046E-009  2.923919102800477E-011
          17  1.186333812951755E-008  5.726661613890253E-011
          18  5.187741428146280E-005  2.519383948781613E-007
          20  5.120026255370093E-009  2.424195906727379E-011
          25  8.397591026213529E-014  3.914296597341736E-016
          28  3.157643639343738E-006  1.534017427507828E-008
          32  6.415017574933902E-014  3.004742570593417E-016
          33  1.082752953566028E-014  5.033426904862682E-017
          47  1.517861560897195E-009  7.213683146668505E-012
          49  2.305076451286362E-012  1.089396829310367E-014
          65  1.220988906815611E-008  5.835080693908418E-011
          69  1.915132095822417E-012  8.949596082278689E-015
          81  7.699971699532568E-006  3.705223842496995E-008
          89  1.091885424576655E-015  5.072393057273772E-018
         102  2.221335734103603E-010  1.049847838214949E-012
         110  7.773161337555535E-016  3.601992057775348E-018
         113  3.709498747861248E-013  1.746859530389496E-015
          11
          15  5.860171884502852E-013  2.712679503187535E-015
          31  1.319087917077973E-012  6.077854842724124E-015
          43  3.392361678071931E-015  1.569577444153559E-017
          57  1.144955353469639E-023  5.279140641604449E-026
          62  2.935113866065229E-018  1.353698188198880E-020
          67  4.477824985950457E-025  2.071464850212659E-027
          75  4.198624128204225E-016  1.941623059928774E-018
          96  7.167551639149260E-013  3.308110977640935E-015
         111  1.435333329574047E-018  6.627027707746958E-021
         112  3.420823776957449E-019  1.582632781539199E-021
         117  8.996661475889555E-015  4.156946785932866E-017
           4
          12  1.533182121408231E-013  7.079964505528540E-016
          23  1.819111289331253E-021  8.401900819980342E-024
          71  6.972356747557704E-018  3.239556986800991E-020
          87  1.347849266477727E-013  6.254650084430498E-016
          10
           9  2.105753811021047E-009  9.799672736874912E-012
          12  7.224989476738464E-010  3.345291427533289E-012
          34  1.086084225105125E-009  5.047867068134955E-012
          46  9.436924363124567E-010  4.407732721324914E-012
          56  7.879678957016626E-012  3.661643259247750E-014
          71  1.849309276868093E-013  8.587302877917681E-016
          76  1.541915776057353E-007  7.203107453482697E-010
          87  5.964084669287716E-010  2.775634085389992E-012
          88  5.619373198297379E-012  2.607103003141611E-014
          98  7.815971500490439E-016  3.616646868803492E-018
          19
           9  8.216912902696143E-013  3.940777531894075E-015
          22  4.116753429104003E-018  1.917800134877569E-020
          24  2.103612428283527E-004  1.071599183808795E-006
          27  8.117189348170428E-008  4.033211612868281E-010
          34  2.850507015142654E-018  1.327895156417023E-020
          36  1.171638149891777E-023  5.429194487125491E-026
          38  1.447154993261789E-005  7.417319183062001E-008
          46  1.185710477496782E-007  5.903337336652284E-010
          55  1.349928199345776E-008  6.788341383920671E-011
          56  1.481868195814883E-007  7.359681325959851E-010
          58  5.267133907663639E-016  2.495796451641072E-018
          68  1.175858922870734E-008  5.796006530721340E-011
          77  9.880638346925845E-009  4.859817665090468E-011
          79  1.140478401556309E-011  5.487389964854673E-014
          80  1.546174743126938E-008  7.798858242237158E-011
          82  6.915247959930673E-017  3.266967226453445E-019
          83  2.398717780922664E-016  1.131103823770476E-018
         115  3.271895633363546E-014  1.569499292071878E-016
         116  6.224609024816273E-012  3.025651266215104E-014
          18
          21  2.706362614727435E-010  1.371334964880026E-012
          24  2.698651463956511E-003  1.417900058907623E-005
          27  2.108631185526376E-006  1.080702027726411E-008
          36  4.662222738404023E-028  2.162267740931088E-030
          38  3.053421307946656E-005  1.607383038643638E-007
          46  1.385573902608457E-015  6.653838531113171E-018
          53  2.937921215860765E-026  1.361257619740350E-028
          55  1.979697468578588E-008  1.022396818488590E-010
          56  1.956717999025949E-016  9.332802438081268E-019
          58  5.214539509579876E-020  2.447317710095302E-022
          68  8.691297726470079E-008  4.407084457675809E-010
          77  9.649955159485309E-008  4.883355444061599E-010
          80  1.188642240124249E-004  6.294938285035598E-007
          82  5.000319362240987E-007  2.588126813172858E-009
          83  7.307189672979140E-007  3.779624340130287E-009
          91  1.127729190133608E-009  5.778025838618695E-012
         115  1.971865475048731E-015  9.531649674159786E-018
         116  7.042463133722784E-006  3.657846654818270E-008
          18
           6  3.145594130677203E-009  1.550708100916186E-011
           8  1.085678614917039E-010  5.295586152407423E-013
          11  7.307436257857185E-014  3.525218126848813E-016
          14  4.160944893469501E-010  2.041674854827022E-012
          29  2.261845817752265E-015  1.073445799085284E-017
          32  1.101896505351630E-014  5.270349127126533E-017
          52  8.174919358363117E-019  3.811144362622689E-021
          55  1.498548174090224E-015  7.151853717764435E-018
          58  3.518015067519796E-009  1.762935980465612E-011
          59  1.839374985930343E-003  9.487422599992493E-006
          61  8.000172930608753E-012  3.865030304049627E-014
          63  1.000704569585140E-004  5.180660968263213E-007
          64  5.941735679340269E-010  2.978543595434747E-012
          70  1.585170720643615E-006  8.173028643989039E-009
          95  1.015903560740056E-004  5.259381076678120E-007
          97  2.881413274906518E-005  1.467444184914477E-007
         104  2.310096610143785E-010  1.129154862907551E-012
         115  2.550338988774074E-009  1.278535095135813E-011
          21
          21  1.350325870465398E-012  6.834764068729896E-015
          24  6.541602496071111E-006  3.493217021067368E-008
          27  1.108067394469643E-030  5.105514941320992E-033
          34  1.567698471952248E-015  7.615149950151053E-018
          38  4.775149665949181E-003  2.611549057086965E-005
          46  1.301485437035016E-010  6.640939522910376E-013
          55  1.627195358031914E-003  8.922500928473716E-006
          56  2.092464617463883E-021  9.815319833842965E-024
          58  1.425001879486812E-005  7.671955593750096E-008
          63  7.239549636539951E-010  3.779498163906268E-012
          64  1.144266745800973E-022  5.333019679533741E-025
          70  1.483559472555561E-006  8.023333113370455E-009
          78  1.943876766528829E-019  9.216260847133601E-022
          80  2.653186490441418E-005  1.442671159659128E-007
          82  1.532591601245134E-014  7.588973657881270E-017
          83  1.048711926680962E-012  5.272366567205185E-015
          88  1.884250024116374E-017  9.028642223524181E-020
          91  5.415025654662480E-010  2.843560771743167E-012
          95  4.013438924314098E-015  1.976756686628962E-017
         115  5.501685125776692E-005  2.980733819313615E-007
         116  1.406308182869192E-012  7.084908340783032E-015
           7
          33  6.750021546090886E-011  3.126169515017732E-013
          44  1.089053268600176E-019  5.036463218337773E-022
          48  1.843078684796789E-015  8.516016393591738E-018
          54  2.294223417153407E-025  1.059084979771994E-027
          74  6.001849054235103E-010  2.781424368566459E-012
         103  4.539470850868335E-010  2.092981682967256E-012
         108  1.342389752657779E-021  6.225528912207326E-024
           1
          79  5.324249757375931E-024  2.451015324073978E-026
          13
          22  9.008528614501876E-007  4.243447131759962E-009
          24  2.383531363274221E-009  1.127614375171372E-011
          27  1.849393792517837E-006  8.800292640341223E-009
          36  3.934573126456894E-007  1.861441275523330E-009
          56  3.839764361661340E-013  1.785924434010834E-015
          60  6.834484834148933E-011  3.186966515811924E-013
          67  1.025173363773354E-009  4.812971865660563E-012
          68  5.891190425646174E-006  2.800079988283566E-008
          73  5.031378440568853E-009  2.359731489723785E-011
          75  4.874557287462297E-014  2.260940991133702E-016
          77  4.801309125060648E-006  2.274900563366426E-008
          79  3.921698195330779E-010  1.830585542807162E-012
         101  9.884898637492928E-011  4.621026049570662E-013
           3
          10  1.047625942044514E-020  4.839856694448497E-023
          86  3.260588433091575E-012  1.507867509045335E-014
         100  3.039322279294535E-015  1.404883533534882E-017
          12
          15  1.072848076090530E-019  4.958418970756115E-022
          22  2.125533325393023E-013  9.775331410004397E-016
          36  1.309231141147556E-010  6.056729893733819E-013
          60  1.724944419970719E-010  7.955134270322232E-013
          67  7.203076481402588E-012  3.330765061412195E-014
          68  5.845664809989749E-017  2.695443391297484E-019
          73  1.228020679536943E-025  5.661259087369608E-028
          75  1.895985393200649E-012  8.759321929323529E-015
          77  3.387989833060591E-017  1.558418661687962E-019
          90  2.647868119998895E-016  1.221339877118148E-018
          96  4.647916403640071E-018  2.141713931376409E-020
         101  2.081283753514185E-010  9.616200161750642E-013
          19
           4  1.199316958905657E-004  6.141683849028318E-007
          17  3.378983579468844E-024  1.559153084863863E-026
          21  5.838658073502429E-007  2.957566919755969E-009
          26  8.628366700448267E-006  4.320216847965122E-008
          28  1.925047010742695E-015  9.132734805216555E-018
          39  2.600833755266824E-004  1.323044970826677E-006
          42  1.890297530380071E-005  9.481543501010763E-008
          47  2.057141640526573E-012  9.898089654479544E-015
          49  5.276737630573585E-007  2.664058205266886E-009
          53  9.395580423783165E-008  4.680016938209101E-010
          78  1.494588841538650E-006  7.613334009514452E-009
          82  4.272458693608923E-013  2.063592324563993E-015
          83  6.016929515299255E-012  2.918435470989091E-014
          89  2.031183986837071E-005  1.024505442702390E-007
          91  5.649942115740052E-008  2.857183583217563E-010
         102  9.295593195649736E-024  4.297157182838513E-026
         107  2.109100205143471E-006  1.048739839358958E-008
         113  4.969936515384624E-007  2.509500460211949E-009
         116  2.222699354976776E-024  1.025357141239546E-026
          16
           6  4.027389841904911E-006  1.976972294531121E-008
           8  2.383563598898262E-011  1.137919161205224E-013
          14  1.494957651560510E-006  7.331993257108828E-009
          29  3.795446642141968E-009  1.835651273571145E-011
          40  4.735167880515893E-018  2.198019031472397E-020
          50  5.706647289604952E-011  2.724794191418287E-013
          52  1.045614142229053E-009  5.031169796121214E-012
          58  1.516589519170224E-010  7.370275010281363E-013
          59  9.582605605370920E-005  4.805737493049185E-007
          61  5.527167917184118E-012  2.623740465223019E-014
          63  3.454983235938620E-007  1.722187550663358E-009
          70  5.367080384965873E-010  2.638631606543832E-012
          95  8.533787381587120E-008  4.242548713474104E-010
          97  8.122005007830132E-008  3.990635200331243E-010
         104  5.116262437882434E-007  2.496752395111231E-009
         115  2.274601411945088E-011  1.100688129366599E-013
          17
           8  4.807890843306518E-008  2.310341202141493E-010
          11  1.781874195186566E-007  8.714095877916229E-010
          13  3.964661960674059E-017  1.841654833050119E-019
          16  2.514269526868725E-008  1.211497320181467E-010
          32  2.061614455685674E-006  1.010405754366008E-008
          44  5.443466509075488E-006  2.640841439614534E-008
          48  1.487631327603818E-006  7.191011764351434E-009
          59  3.241079693994004E-009  1.565653323920181E-011
          61  3.760191867014589E-009  1.793267931372125E-011
          63  4.342600756451352E-020  2.004302828750699E-022
          64  1.695215545327819E-013  8.043666314978307E-016
          65  3.080074106109184E-008  1.488068020463826E-010
          74  3.322785524036055E-019  1.537316231123250E-021
          81  8.744967733148945E-030  4.028798711383656E-032
          95  3.929241825603344E-011  1.887722668287554E-013
          97  4.812182035246065E-005  2.362686334434443E-007
          99  1.380388187415789E-005  6.691048698023144E-008
          16
           6  8.363288976488256E-006  4.077721028251888E-008
           8  1.004388578615575E-010  4.781457438434211E-013
          14  3.701702139292662E-006  1.803231803578281E-008
          29  5.210469475161762E-008  2.515742659054429E-010
          40  5.549555595770262E-022  2.562005105461576E-024
          50  5.441767607325909E-010  2.596516576135476E-012
          52  1.587107690103903E-008  7.626811710326196E-011
          58  2.114926472652329E-013  1.003297705128783E-015
          59  1.941088905125535E-005  9.601363150778431E-008
          61  4.118865951180064E-011  1.954027001748325E-013
          63  6.975784314412814E-009  3.412378592661006E-011
          70  4.423946976083447E-013  2.112225774803504E-015
          95  1.422043644729352E-009  6.931045095961382E-012
          97  1.274387560291731E-008  6.181746118238661E-011
         104  2.584490818600872E-006  1.255348400348471E-008
         115  5.423033947262426E-015  2.553575472647722E-017
          10
           6  8.040477742131971E-010  3.724268162611893E-012
          14  1.128599978687786E-009  5.234198107690888E-012
          19  1.250724724746638E-010  5.783200545526563E-013
          29  1.406033331476575E-007  6.535514411321854E-010
          50  8.583814092444157E-012  3.957046697613440E-014
          52  4.912859600399552E-008  2.275511130571708E-010
          61  4.740288370397774E-022  2.178341631165707E-024
          66  1.301194199704391E-017  5.988735236985581E-020
          85  2.356843724210409E-012  1.088139747140872E-014
         104  1.082475811743493E-007  5.021626815579630E-010
          16
          15  2.302231440608929E-015  1.068956234054337E-017
          22  3.259786627614477E-008  1.532039644882334E-010
          24  4.461751576669212E-010  2.108537752543485E-012
          27  2.020569451979015E-005  9.661790550306339E-008
          36  3.214698260460807E-006  1.527388291780828E-008
          60  1.358453694975723E-009  6.370802634687259E-012
          67  2.360424935603487E-006  1.120986934875156E-008
          68  3.446249171641588E-005  1.643719354382423E-007
          73  6.260179704900720E-014  2.906275030427759E-016
          75  6.345693803425634E-008  2.997551288699044E-010
          77  3.441019163063584E-005  1.637568323619948E-007
          82  8.983277414797699E-025  4.161320623803109E-027
          96  4.068665667712635E-013  1.890709551553917E-015
         101  1.740974848363252E-007  8.228504039314047E-010
         116  7.621648715197868E-014  3.558141913301034E-016
         117  9.290013676985495E-021  4.292808724194300E-023
           1
           1  1.307589355619399E-026  6.041605915379178E-029
           5
          43  5.996025024640521E-014  2.769878026629378E-016
          94  2.098666174843679E-012  9.660972459153216E-015
         105  1.281085323827617E-014  5.899479488718629E-017
         112  2.544722201992260E-011  1.176390697829389E-013
         117  1.554859647616439E-013  7.173866617992338E-016
           7
          15  6.690845706587664E-028  3.093535607314297E-030
          36  2.032026399910804E-021  9.390988746317484E-024
          60  1.445075642314936E-016  6.662755318980783E-019
          67  6.764793753731284E-022  3.125955399593488E-024
          75  4.581857014109517E-019  2.116356570504816E-021
          96  1.767958379458099E-026  8.149762438880587E-029
         101  1.160683946222357E-015  5.359683123626126E-018
          10
           6  2.434622391491065E-005  1.156077377483320E-007
          14  2.214526614972586E-005  1.051832828700859E-007
          19  5.631118740114419E-023  2.602033148229068E-025
          29  2.867465426049142E-007  1.354957803469412E-009
          40  1.878525085517053E-014  8.709481642955640E-017
          50  2.061250308370396E-006  9.728897913258049E-009
          52  1.160484867479779E-006  5.474733130809097E-009
          59  4.804770154060035E-015  2.235188361726044E-017
          85  8.116610867170686E-014  3.767312691901115E-016
         104  1.542905698536934E-006  7.292779733319646E-009
           7
           7  4.085305462839375E-012  1.886690615789115E-014
           8  8.223714925034393E-009  3.818553969091802E-011
          44  2.571284983832677E-010  1.192337505683474E-012
          48  2.501749777449630E-015  1.152313613960401E-017
          61  3.585110033318141E-009  1.660425318882921E-011
          97  3.908167366189105E-015  1.806374075194482E-017
          99  2.909522697640820E-007  1.353932830213932E-009
          14
           4  5.001603062249871E-005  2.579583012122308E-007
          21  1.277967383569254E-004  6.626404288002811E-007
          24  2.131960215675777E-014  1.020497277881923E-016
          27  1.071811840679107E-028  4.956511567702545E-031
          39  1.960458654601611E-012  9.549735293114880E-015
          53  1.163468024931045E-003  5.972018451166840E-006
          78  1.421723764243759E-008  7.206084767325957E-011
          80  1.717838455270496E-007  8.785849602678617E-010
          82  3.927972563321657E-004  2.030427080219025E-006
          83  4.046519784313095E-004  2.087085110769002E-006
          91  1.273486463661473E-005  6.613901975941325E-008
         107  6.065310202592145E-014  2.898912564726974E-016
         113  5.636391657145136E-025  2.606547358958233E-027
         116  6.077037277154799E-005  3.116851563022982E-007
           2
          37  1.394282658117201E-016  6.459009882061405E-019
          92  2.641963222809072E-017  1.222686051856828E-019
           6
          33  1.567474931193654E-012  7.234423094481293E-015
          48  2.881146184082680E-020  1.326584819645822E-022
          54  7.118256940079685E-025  3.276667598752040E-027
          74  5.007733307245493E-011  2.312612397479719E-013
         103  4.162510931408914E-011  1.912699808137403E-013
         108  1.288759201639592E-027  5.959974652058147E-030
          13
           6  6.002379132969862E-011  2.828417362096455E-013
           8  8.221826554888801E-006  3.945544877287083E-008
          14  1.187633778036469E-011  5.587128286402269E-014
          19  1.556186081979061E-022  7.193042385421070E-025
          29  9.385757489636454E-010  4.446151488769877E-012
          52  1.081288439928716E-012  5.054485611147432E-015
          59  1.036797392300092E-006  5.026202285253936E-009
          61  5.279289025345217E-006  2.525254610209116E-008
          63  8.937516222841770E-016  4.166338546774965E-018
          95  4.864042415620496E-013  2.296414135476311E-015
          97  1.506009507262341E-006  7.277116359064132E-009
          99  5.019773613724734E-011  2.361582546233973E-013
         104  5.865394400085329E-008  2.792830144418947E-010
           8
           9  9.617067574452957E-006  4.567584705872641E-008
          34  9.020070045000767E-010  4.231487302929700E-012
          38  5.084005713466294E-022  2.343294217506764E-024
          46  9.562422712126945E-006  4.569394703135096E-008
          56  3.604071723445575E-005  1.719305919752040E-007
          76  3.091765880078523E-007  1.463417663162946E-009
          79  1.370944044965904E-007  6.455325723848546E-010
          88  5.689494497372472E-014  2.639671324709031E-016
          20
           4  1.233064775540633E-015  6.013899906985083E-018
          21  4.058798208815421E-008  2.137522604365981E-010
          24  1.105372494195465E-003  5.923736003946230E-006
          27  9.089246724556232E-009  4.666372544822063E-011
          38  3.487838133321873E-004  1.882482657101955E-006
          46  1.287474252149996E-016  6.200455812017054E-019
          53  1.269403375393924E-022  5.920886309333307E-025
          55  3.010693503178215E-006  1.609733654073453E-008
          56  3.946534160799392E-030  1.825946315274683E-032
          58  7.492802947786897E-012  3.790728019814949E-014
          68  3.225068849504847E-011  1.621436731846167E-013
          70  1.041845094860856E-012  5.258960869688175E-015
          77  4.088964956327658E-011  2.052200949514288E-013
          78  8.014630178352117E-015  3.942976762074949E-017
          80  9.184038556627575E-004  4.981033218423662E-006
          82  6.298072137011654E-007  3.325828045883237E-009
          83  1.583665878922362E-006  8.361074437494742E-009
          91  2.522028829110495E-007  1.342447108489740E-009
         115  3.750895733509358E-010  1.932582925620675E-012
         116  4.145126829011632E-006  2.194676452914254E-008
           2
          10  1.757764342729711E-016  8.118716526253936E-019
          86  2.977880136246766E-015  1.376593942938485E-017
           8
           9  1.634009194141444E-006  7.656971557557094E-009
          34  8.774316738969065E-020  4.032278856490232E-022
          46  1.179974151739397E-008  5.530544371178206E-011
          51  8.863499524778915E-016  4.082509714495426E-018
          56  2.604648033420757E-006  1.224068375409332E-008
          73  1.158492530216633E-020  5.337739814153812E-023
          76  1.496812606210042E-008  6.992719349516413E-011
          79  3.656192819201691E-007  1.705236232875325E-009
           1
           7  4.387920350628478E-019  2.027067024976802E-021
          15
           6  1.058628780848416E-018  4.963861984254485E-021
          14  4.726337300187210E-023  2.194985673112609E-025
          34  1.083242884106466E-006  5.473500560422221E-009
          38  2.028404910010535E-006  1.050323806565760E-008
          40  3.151437749101490E-006  1.598732191076595E-008
          46  3.817135221131216E-009  1.908158355290386E-011
          55  1.469312785770026E-004  7.703580674738010E-007
          58  1.662268398829410E-003  8.695931308076094E-006
          59  8.625051935921783E-014  4.180188552068505E-016
          63  6.293729051251769E-008  3.226156430348657E-010
          70  7.597896693624285E-007  3.941093989714691E-009
          88  6.220628507034990E-006  3.161417613445334E-008
          95  2.701673443364114E-012  1.332202680600232E-014
          98  8.090220987743466E-007  4.091178438170228E-009
         115  1.014502868450312E-003  5.316979807983147E-006
           8
           1  4.721611603181469E-030  2.175530504226715E-032
           8  4.269558138284903E-007  1.990473370317899E-009
          19  8.286689133646194E-018  3.823868201927166E-020
          29  1.179597426216833E-015  5.452358643177956E-018
          61  6.345763306236415E-007  2.951636057315556E-009
          97  1.421977005205992E-015  6.573970485941066E-018
          99  9.462317881368987E-013  4.370155265440371E-015
         104  6.861276259658263E-014  3.166668417205496E-016
           1
         106  1.314556495668756E-014  6.071799622944922E-017
           2
          94  4.938719664537654E-019  2.271697609766361E-021
         100  7.228784679345123E-016  3.332574491078725E-018
          16
          15  5.383307970704697E-020  2.492266553888219E-022
          27  1.673915396481005E-015  7.767879692259411E-018
          31  6.091356112073824E-017  2.810970305683113E-019
          43  1.376817137057005E-010  6.455424759900830E-013
          53  3.125699929956318E-008  1.487332886539298E-010
          67  1.077346686141536E-014  5.006902097454674E-017
          68  3.966942866339336E-022  1.830975649564432E-024
          75  8.988868553649554E-015  4.174367873787407E-017
          77  4.649742744195521E-020  2.141467236668803E-022
          82  1.801985052419659E-009  8.593405644035268E-012
          83  9.104096410492490E-011  4.300760029484678E-013
          94  2.394362019555475E-014  1.108949507594182E-016
          96  3.172299418777760E-016  1.467347713892653E-018
         112  2.152387858994929E-009  1.013145648312578E-011
         116  2.037319123153448E-009  9.678552706162461E-012
         117  2.397589834265979E-007  1.133596539160043E-009
           5
          53  1.146823146696829E-025  5.303217539909885E-028
          94  2.797370367403960E-008  1.296372638836923E-010
         100  8.629753987229048E-014  3.991777517582530E-016
         105  5.897774165284576E-012  2.726792425254657E-014
         112  6.083123952468374E-022  2.817305646848029E-024
          13
           9  9.273347787624143E-016  4.282910896645934E-018
          22  1.197312007683299E-007  5.572125823953650E-010
          24  1.059744808386763E-024  4.872098185609171E-027
          27  1.284171709795415E-012  5.959126127919707E-015
          36  1.143462680773204E-010  5.320816536458786E-013
          56  6.040355422382003E-011  2.811018459383892E-013
          60  1.263189536506465E-014  5.830933513883224E-017
          67  3.028179373071924E-027  1.398835607614649E-029
          68  1.210145628418144E-010  5.629622006010298E-013
          73  5.061061806418734E-008  2.359230583634226E-010
          77  6.067839616716535E-011  2.814336312020184E-013
          79  7.126578276470970E-008  3.318285049887562E-010
         101  1.967982145574937E-023  9.083966992869678E-026
           1
          51  3.787552336209591E-019  1.745450372051267E-021
          18
           8  6.318912223619812E-011  2.992151116047550E-013
          11  6.716361189489099E-007  3.289347030849658E-009
          13  5.359873729127912E-011  2.547785430997135E-013
          16  1.755345600558215E-006  8.513080470740384E-009
          32  8.047432096663228E-006  3.944732880637795E-008
          33  1.150325316676194E-015  5.355581424654056E-018
          44  2.594147356940406E-005  1.258157397614868E-007
          48  2.271705372715308E-005  1.101570933940715E-007
          59  5.207484216221897E-013  2.461781496149021E-015
          61  7.101154510979125E-013  3.326833263463348E-015
          64  3.676591120605644E-014  1.736250761067641E-016
          65  1.181628493330666E-006  5.741374924863125E-009
          74  5.463751135321364E-012  2.575845469734213E-014
          81  5.720383800182373E-013  2.687122451826511E-015
          95  2.374722890018745E-014  1.118306051755367E-016
          97  2.704210695392767E-006  1.319153981815315E-008
          99  5.180625320969924E-006  2.504741941500598E-008
         103  5.297828714613662E-023  2.436463329432536E-025
           0
          14
           9  1.811052318680194E-029  8.349164599894808E-032
          22  6.993694788090761E-007  3.301335571056130E-009
          24  7.946990395772316E-009  3.779033619001289E-011
          27  1.837327343140117E-006  8.756789546548812E-009
          36  2.029322927264514E-007  9.609806638657030E-010
          56  1.046964111596363E-011  4.896433497657220E-014
          60  1.289699563044355E-011  6.010842227883979E-014
          67  2.739187337797667E-010  1.286182759896240E-012
          68  5.271927900239507E-006  2.510103413987458E-008
          73  4.539264378533259E-009  2.132360520252757E-011
          75  1.624125095436965E-015  7.521345521687595E-018
          77  4.238335616486001E-006  2.013985495099922E-008
          79  1.594322646798297E-009  7.469855763310278E-012
         101  1.637601414322145E-011  7.647620773127166E-014
          21
           4  3.149639984317373E-017  1.549194758044262E-019
          11  1.477816380714850E-008  7.978639186824492E-011
          17  4.081109329832646E-009  2.193690639716721E-011
          21  4.686013375434162E-012  2.447218288405554E-014
          32  6.620493452166081E-011  3.479405918715967E-013
          38  3.097196739480888E-008  1.687972876894771E-010
          49  1.834952531597739E-013  9.398480326473888E-016
          55  2.705052750399297E-006  1.501139136216603E-008
          58  1.752682101669962E-007  9.569612540722118E-010
          59  4.283820461904145E-008  2.313821063881710E-010
          63  4.620442055887876E-004  2.584654988265122E-006
          64  5.550909540627132E-004  3.126269140232515E-006
          65  2.166561726188890E-029  9.976756767313852E-032
          70  1.819336132858429E-003  1.029832352809775E-005
          78  6.632440098009325E-008  3.631427943948491E-010
          80  3.398034637357850E-009  1.837178060229516E-011
          91  7.198145679695467E-009  3.920225623300246E-011
          95  3.223006446911006E-004  1.807028773052249E-006
          97  3.975667167626936E-012  2.053363551184420E-014
         113  3.661958239832789E-012  1.904063216023824E-014
         115  1.532208789378047E-006  8.441659384009950E-009
          22
           8  2.586068009067695E-024  1.194119917420032E-026
          11  1.108229274977469E-003  5.866727342738943E-006
          13  2.983183835575000E-011  1.481308398568145E-013
          16  2.078414257680257E-007  1.062736746561649E-009
          17  6.539977219452172E-007  3.408221282867659E-009
          18  5.533449279983626E-013  2.715019539628787E-015
          28  1.456053380467706E-013  7.130944495142164E-016
          32  6.214721331306597E-004  3.271794309413273E-006
          44  2.911011022063840E-012  1.428188803203530E-014
          48  1.121861975324239E-010  5.573033482419396E-013
          49  7.219721477887333E-019  3.402752985625574E-021
          59  2.749809743501845E-006  1.430789453152835E-008
          63  3.056293831942508E-006  1.605322966732410E-008
          64  5.623581756388602E-004  3.006386362901985E-006
          65  7.655121377919058E-006  3.968114335689912E-008
          70  7.942377542109187E-008  4.146245074047574E-010
          78  1.112517794398883E-026  5.106452780989540E-029
          81  2.165751598496507E-015  1.037704210906788E-017
          95  1.678471986550272E-004  8.906808977606312E-007
          97  5.196314970868598E-005  2.709713965032208E-007
          99  8.048607607855201E-014  3.898604582358867E-016
         113  4.467037818635868E-017  2.129479972997165E-019
          20
          11  2.687542586848513E-004  1.358550196814810E-006
          13  1.854568046034080E-006  9.173658587927364E-009
          16  1.882877866110352E-004  9.386313601170971E-007
          17  1.319957735304991E-008  6.529635687162154E-011
          18  2.127043358983258E-010  1.032203686299648E-012
          28  1.168890152885416E-013  5.572815770281697E-016
          32  7.147026199246082E-004  3.608917361287593E-006
          33  1.903380133022763E-012  9.061020448452782E-015
          44  1.287927189149337E-006  6.330390855321684E-009
          48  1.459444377097099E-005  7.212431639316681E-008
          59  1.040002969533309E-013  4.951905956989576E-016
          63  3.972864588708572E-021  1.835383380093073E-023
          64  5.358930437153206E-008  2.679697429757146E-010
          65  3.602992032692644E-004  1.804083474982066E-006
          74  5.093825688872960E-013  2.419355315250519E-015
          81  1.433868712748541E-007  7.034230962282595E-010
          95  1.004781763016182E-010  4.911941677087129E-013
          97  5.093828077674558E-007  2.525431738774042E-009
          99  3.247247859249674E-009  1.573695156479538E-011
         103  2.016737187780966E-021  9.289636997734223E-024
           6
           5  2.392696718341202E-019  1.103785103096917E-021
          25  4.445124348415862E-028  2.054722018296888E-030
          30  7.446559085701891E-021  3.446284128925084E-023
          41  8.767065443529755E-019  4.046509472738817E-021
         110  9.469348245767725E-022  4.373188019034565E-024
         118  3.641163891292463E-019  1.681132591013828E-021
           9
           6  2.990741688351990E-010  1.384914421146408E-012
          14  7.730010050475861E-010  3.584559673250898E-012
          29  7.161106151256248E-012  3.316746507590033E-014
          50  1.320532310322791E-008  6.106618179839086E-011
          52  8.814592013145520E-010  4.075165010807023E-012
          84  2.948765001410344E-023  1.364922633718085E-025
          85  3.094989372100704E-012  1.430269585726271E-014
         104  1.963767670021013E-012  9.071415054249471E-015
         106  1.589932836136726E-019  7.344797083958925E-022
          12
           3  3.877463138175135E-011  1.796797551831234E-013
          13  6.978819166645313E-010  3.258802360740298E-012
          16  3.404419156896179E-017  1.572780576494586E-019
          18  9.326232122620708E-014  4.331679367652701E-016
          20  1.959962762691012E-007  9.131135550245831E-010
          33  7.428909618749342E-012  3.445770717957504E-014
          45  5.526029348884500E-024  2.549116268378236E-026
          65  4.034404282480021E-025  1.861305210699144E-027
          69  6.575224583367634E-011  3.048613602609923E-013
          81  1.032974961953849E-008  4.819992748885616E-011
         103  1.979543074386665E-021  9.110865882850315E-024
         108  4.449578287433338E-022  2.062021150737214E-024
           0
           9
           7  8.904826828720511E-014  4.127206023066261E-016
           8  3.821520540868413E-011  1.778140766547253E-013
          16  3.735555300418659E-024  1.726100962215788E-026
          44  2.630455492172947E-007  1.233793469657943E-009
          48  3.945750830531253E-009  1.842785806471268E-011
          61  3.598962053370113E-012  1.668396739540033E-014
          74  8.112132212282948E-016  3.759190854351374E-018
          97  2.627229089268448E-014  1.221168407981009E-016
          99  1.377203624602961E-006  6.457693140277619E-009
           9
          31  1.090380350820204E-017  5.021460100426842E-020
          43  6.895154044027985E-010  3.201435812645989E-012
          53  5.124654806060802E-023  2.366521459223132E-025
          94  3.874940320512975E-014  1.786238052056636E-016
          96  2.455586444507285E-023  1.132673416542937E-025
         105  3.111559703586344E-022  1.434630944851576E-024
         111  1.405800500584360E-016  6.488267280940005E-019
         112  9.173197340312135E-009  4.264075985547270E-011
         117  1.232276709353540E-008  5.725185899065157E-011
          20
          21  1.669643657142045E-013  8.444185029149215E-016
          24  2.076058906110631E-008  1.098113084468680E-010
          34  2.710184063421229E-017  1.306407894642515E-019
          38  2.043809467611989E-003  1.130245815215519E-005
          46  6.087362932546704E-014  3.034251901064244E-016
          55  3.708042473202103E-003  2.054135715586278E-005
          58  1.738338324929611E-004  9.520387047390037E-007
          59  5.332440661329845E-018  2.571816913609151E-020
          63  1.585099053483970E-006  8.606605229478638E-009
          64  1.902250513781557E-011  9.899821251175941E-014
          70  1.427964881427873E-004  7.891661751194746E-007
          78  2.693623003756062E-015  1.336698940737989E-017
          80  3.856844176381918E-006  2.108529977098283E-008
          82  2.014575818697610E-026  9.342022862659835E-029
          83  7.145392903414864E-018  3.442059446074005E-020
          88  4.299957645969454E-017  2.080117771855308E-019
          91  3.871233556620006E-010  2.044532280306727E-012
          95  5.881533116143399E-009  3.126229325358476E-011
         115  5.430417675661639E-004  2.986607636331038E-006
         116  1.831829360061088E-020  8.669583060416496E-023
           0
           9
           8  2.469151754869206E-006  1.157849593428240E-008
          19  6.325693990254860E-017  2.920756298993830E-019
          29  7.656005221839623E-013  3.551904887110466E-015
          52  5.776507804246614E-022  2.660968856937905E-024
          59  1.959842162255680E-015  9.085988243683339E-018
          61  2.917639984709842E-006  1.365699177256146E-008
          97  1.699792087541939E-011  7.926834672979006E-014
          99  1.799240353046051E-011  8.344069089978988E-014
         104  2.768808939833599E-011  1.285089074345932E-013
           0
          21
           3  1.644346057343472E-010  7.890621275693012E-013
           4  2.205054964588960E-010  1.077161081457868E-012
          17  7.422695303517840E-008  3.685625895434757E-010
          18  5.137922095389418E-007  2.539238403602918E-009
          21  2.385779719022845E-025  1.095323024596940E-027
          25  7.558117381672922E-012  3.604512656290051E-014
          26  1.151229125769611E-004  5.728891123156712E-007
          28  2.686724658093127E-005  1.346596736413869E-007
          39  1.734000490211699E-004  8.706628522117073E-007
          41  8.012846796884894E-027  3.686952999323808E-029
          42  2.166257555895583E-004  1.079606790848429E-006
          47  9.636721398850178E-005  4.790611083441831E-007
          49  1.047367286688147E-004  5.284983142511130E-007
          78  6.783731381940723E-009  3.362990369890283E-011
          89  7.388719936904019E-004  3.709287264008350E-006
          91  3.243990124213474E-025  1.492532123801714E-027
          93  1.622157700104124E-011  7.742286748955203E-014
         102  3.956982955763396E-006  1.948910239677168E-008
         107  7.823616578835573E-017  3.638708528305373E-019
         110  2.476458635275542E-020  1.144079852950540E-022
         113  6.143252449966644E-005  3.102247061779145E-007
          14
           7  3.933779999340041E-020  1.812600146578509E-022
           8  2.886793671507472E-012  1.338906924277505E-014
          11  1.169539090852795E-017  5.413984108363029E-020
          16  4.517029148109615E-011  2.105523961148905E-013
          32  2.056783672823988E-012  9.603176121887683E-015
          33  1.481944951788495E-018  6.833265543406211E-021
          44  7.911531678090593E-006  3.731498455280443E-008
          48  1.230143265740636E-006  5.786207039868795E-009
          61  4.824172060745340E-014  2.225876153242142E-016
          65  3.842754456963913E-013  1.784017741466170E-015
          74  6.897810358983768E-011  3.210038837406061E-013
          97  2.379305063224952E-011  1.111754984143630E-013
          99  3.469882691712688E-006  1.632879172745021E-008
         103  1.148171994246205E-018  5.271080008905810E-021
          19
          11  5.244106861576766E-005  2.618625893106570E-007
          13  7.408277665137398E-005  3.659385172115868E-007
          16  5.318324152788152E-004  2.633769538432694E-006
          17  5.899801429819632E-008  2.907584838423105E-010
          18  1.077085390094528E-007  5.270525307636506E-010
          20  1.926680927637968E-024  8.885983004817167E-027
          28  3.490879632243869E-010  1.691139408750092E-012
          32  1.545932850605065E-004  7.705403365097638E-007
          33  4.516087781304063E-009  2.175117938815112E-011
          44  1.169548293511903E-007  5.681691723406810E-010
          48  8.420752654026683E-006  4.120768244610292E-008
          64  3.419475985636348E-010  1.671187798128232E-012
          65  6.185390317008697E-004  3.073932699718105E-006
          74  6.587810572920393E-011  3.143238235064126E-013
          81  1.798133683262173E-005  8.822817326099202E-008
          95  4.759515055835436E-021  2.199343187699400E-023
          97  1.921835136609704E-011  9.201051021931094E-014
          99  1.785866574119123E-013  8.408258203663506E-016
         103  1.507683020435239E-013  7.070141282256666E-016
           1
           1  1.641100768509721E-030  7.576175783741595E-033
           2
          37  4.750156140984392E-020  2.194543217002423E-022
          92  6.854480449107476E-025  3.163599618411884E-027
           3
          10  1.575681996907117E-015  7.256738626045211E-018
          86  1.728844685954229E-014  7.969207694660999E-017
          92  2.920654933828915E-020  1.346563128049196E-022
           0
           0
          16
           4  3.553596457928346E-008  1.747468359259939E-010
          21  5.818904109460741E-015  2.740931706126190E-017
          26  2.296402278607723E-004  1.131438828608125E-006
          28  7.905345908189964E-013  3.761609223179490E-015
          39  1.322135912416121E-004  6.569314300757226E-007
          42  2.620420602310011E-004  1.291933576237677E-006
          47  1.204772798454399E-007  5.858141179498714E-010
          49  1.078586762333352E-007  5.304604962000439E-010
          53  2.420847320551720E-018  1.124564215748892E-020
          78  1.617890868999097E-010  7.849140986542511E-013
          89  7.669343646009488E-005  3.796222030527246E-007
          91  1.031214316536241E-018  4.798812539789477E-021
          93  1.784830990751661E-015  8.333806108534270E-018
         102  7.605742018346564E-010  3.647662620861348E-012
         107  1.655133487656860E-006  8.049822290868876E-009
         113  5.619280969571781E-008  2.764666597127830E-010
          11
           5  1.670237305743612E-017  7.718114328830459E-020
          25  3.739975599117407E-011  1.734355193524191E-013
          26  3.804715068003355E-022  1.758740763805683E-024
          30  2.451242724221695E-012  1.136997274830149E-014
          37  4.298857599295215E-022  1.991556643722674E-024
          41  4.281020274258976E-011  1.981606902507476E-013
          47  3.932220542331428E-014  1.824939181135734E-016
          93  5.748335896417224E-009  2.665451138054995E-011
         102  1.606126825131594E-011  7.455145530253067E-014
         110  2.171152293337159E-013  1.004833123208092E-015
         118  1.952924761241471E-018  9.031933902376821E-021
          25
           4  6.606697822332972E-016  3.200037595677247E-018
          11  2.205183318506750E-004  1.174721677379699E-006
          13  1.019893362418305E-007  5.258399571084612E-010
          16  1.078702407384879E-007  5.563206818679560E-010
          17  3.263418224061953E-003  1.754875465843107E-005
          18  3.526260546181489E-005  1.854426611946356E-007
          21  8.532498662714091E-025  3.936757796001023E-027
          28  1.153955410530556E-004  6.111862363312902E-007
          32  3.006646912307725E-005  1.588214715048869E-007
          39  7.902190147710766E-011  3.997853860367235E-013
          42  4.519499171624562E-020  2.117735100433109E-022
          47  1.702042398111311E-017  8.111973537499589E-020
          48  7.924066424758827E-025  3.660954564915807E-027
          49  3.170859646029433E-005  1.686125837697962E-007
          63  4.100411482219741E-013  2.040431205602989E-015
          64  2.468935832838681E-004  1.328546259166714E-006
          65  9.690708061514018E-006  5.070661126306141E-008
          70  2.211026020469959E-013  1.101347876069570E-015
          78  2.949308763352696E-007  1.557653089883987E-009
          81  1.407225439005006E-009  7.129335878721184E-012
          89  4.569457051692654E-010  2.318862815771444E-012
          91  6.009425153163377E-015  2.943287740495160E-017
          95  3.032932583940292E-009  1.568981759788221E-011
          97  2.786960011195237E-016  1.339773078200979E-018
         113  4.253605046876734E-005  2.262700218474966E-007
           9
           3  1.382857673016536E-009  6.422131459756296E-012
          13  8.343159029832068E-012  3.882957170746523E-014
          18  2.259888268374708E-014  1.049340992942500E-016
          20  7.792865971703708E-008  3.628382165231151E-010
          25  5.294686432636042E-024  2.450051811649612E-026
          33  7.532750939049648E-017  3.484975197996417E-019
          69  1.454024200864505E-009  6.753641863991616E-012
          81  2.993420933976717E-010  1.392690971776894E-012
         110  5.724465777633808E-019  2.646580614431471E-021
          13
           9  3.926131898220165E-010  1.840787610111205E-012
          12  1.478979911516527E-011  6.873862724633927E-014
          34  4.938597596201285E-005  2.353544210933755E-007
          40  6.562515698240647E-008  3.104931791316654E-010
          46  2.474890977718838E-006  1.181061972725146E-008
          55  3.466263923403454E-024  1.595652280734121E-026
          56  1.143678725956947E-010  5.362734169691220E-013
          58  3.635153100164692E-015  1.690169448644556E-017
          76  3.694139161256341E-008  1.744219336511759E-010
          87  3.969195004807297E-009  1.867778090602967E-011
          88  1.879885807462265E-005  8.964801830487781E-008
          98  1.794635166202404E-006  8.532767267487805E-009
         115  1.211807651702679E-018  5.597499788656382E-021
          25
           3  3.507588827080781E-010  1.714961781546098E-012
           4  2.468732431302653E-011  1.216734334728664E-013
          11  3.139959302059597E-011  1.547052821001231E-013
          13  2.948374374165141E-010  1.450530484661033E-012
          16  3.366551322990742E-016  1.590525551959455E-018
          17  1.322467627780760E-004  6.814685285641024E-007
          18  1.624885027932046E-004  8.299658800289022E-007
          21  8.800784338717789E-024  4.060951750569206E-026
          25  1.838629888846739E-016  8.671587266700722E-019
          26  5.755123665242626E-007  2.887975111586136E-009
          28  1.275834172655541E-003  6.571114009896019E-006
          32  4.162346215562078E-014  1.999757428740212E-016
          39  1.847114811998776E-005  9.422589660447906E-008
          42  2.574419719173447E-006  1.298157901920563E-008
          47  7.886468110931005E-006  3.985820606338322E-008
          49  7.100574970201909E-004  3.676504956222207E-006
          64  1.253891432318019E-011  6.193627364296861E-014
          65  1.806729095696270E-011  8.816230115542265E-014
          78  1.486846095639371E-007  7.585757389537145E-010
          81  6.522288361184971E-012  3.160136006110543E-014
          89  1.173384740532541E-004  5.993785686206522E-007
          91  1.647981726520223E-018  7.740619834365316E-021
          93  3.174965896267815E-024  1.467563617673290E-026
         102  9.399102872861293E-008  4.680518882218383E-010
         113  5.335732272058745E-004  2.760394739312602E-006
          16
          15  1.190197498747517E-009  5.529008178506521E-012
          27  1.417559262296996E-013  6.556541759892979E-016
          31  1.180807844503098E-009  5.459271678421740E-012
          36  4.238691334473101E-017  1.956200802451312E-019
          43  1.653663500745704E-009  7.680573925606589E-012
          62  1.326765276401384E-023  6.102314004620857E-026
          67  4.236029413677350E-009  1.971083816764136E-011
          68  3.335672975378467E-014  1.539463104384333E-016
          75  1.172705666859623E-008  5.453425738040093E-011
          77  9.391084478702464E-014  4.325761630826251E-016
          96  5.743402030573419E-009  2.662762784617136E-011
         101  6.052557252437820E-012  2.799912063229954E-014
         111  1.950060786561164E-015  8.984268153624966E-018
         112  6.206417012628661E-010  2.880682514129410E-012
         116  4.467119922730644E-024  2.055664873479093E-026
         117  2.726765930030304E-007  1.269872398186141E-009
           3
          33  2.220254672924156E-025  1.028274963556940E-027
          74  1.557067447719622E-016  7.215126730649914E-019
         103  2.648526618202694E-016  1.221372759912797E-018
          19
          15  9.640322770822881E-017  4.481134323401144E-019
          22  4.454327914082818E-014  2.075030570953119E-016
          24  8.260139916074045E-007  4.029460983820378E-009
          27  1.384588109733962E-004  6.763959923631463E-007
          31  3.885891545736120E-026  1.787586714807665E-028
          36  2.261801687378019E-008  1.083820227120310E-010
          53  2.196572250292810E-014  1.029669925110187E-016
          60  7.436772729011432E-018  3.440458147712820E-020
          67  9.847725375863089E-007  4.751714501743897E-009
          68  4.045536682315852E-005  1.967004100358957E-007
          75  1.939684400121711E-008  9.287238618365136E-011
          77  4.911800638165405E-005  2.383898673632387E-007
          80  7.222859894845536E-012  3.455284090283505E-014
          82  1.368870953142090E-007  6.691995721677345E-010
          83  2.570626145070970E-008  1.246490494017332E-010
          96  1.278306813286628E-013  5.975547910976664E-016
         101  1.434052526231479E-009  6.828510744355821E-012
         116  3.151831940355540E-006  1.543242519317080E-008
         117  1.139779345045291E-011  5.376307468229739E-014
          15
           6  5.969098870688976E-015  2.893860894143090E-017
          11  2.741818204810305E-013  1.361739097611671E-015
          14  9.777479546346636E-018  4.650505595255241E-020
          32  1.496969404219409E-016  7.204075288717751E-019
          38  2.252774743604058E-010  1.156344719264088E-012
          40  1.121825953437274E-019  5.269126103129675E-022
          55  2.799250821716115E-006  1.494416583853854E-008
          58  6.158029997217282E-005  3.292766110027742E-007
          59  2.152585009566149E-004  1.144828063663316E-006
          63  3.660421975615525E-003  1.981050418091913E-005
          64  6.718606308157512E-007  3.582814042696867E-009
          70  1.693142067692832E-003  9.213785230644846E-006
          95  9.691873704598689E-004  5.230468593537428E-006
          97  5.565882679398133E-008  2.886385319747553E-010
         115  9.062513752052139E-005  4.861825219304390E-007
          17
          22  2.100465833301327E-007  1.000095736619405E-009
          24  7.422646074950071E-007  3.594977277204412E-009
          27  1.587357783879436E-005  7.671571089471703E-008
          36  1.673085740841363E-007  8.000230756617868E-010
          38  3.212428512298724E-022  1.483682151355508E-024
          46  4.567127256043345E-028  2.112967530550913E-030
          56  2.277936877966086E-011  1.074777099138958E-013
          60  6.416394906782064E-013  2.999344615101170E-015
          67  9.070813740806241E-010  4.303948940156538E-012
          68  2.298840794360925E-005  1.109326255422881E-007
          73  2.231955978100088E-010  1.052958654789279E-012
          75  9.977988150539268E-015  4.650972878789396E-017
          77  1.980518151164497E-005  9.534757071224818E-008
          79  3.153049710425098E-010  1.486250113542673E-012
          80  1.322202778779167E-028  6.087139394585870E-031
         101  1.126752016167901E-011  5.299424657448119E-014
         116  3.294676272207323E-015  1.538297681830811E-017
           6
          43  1.951859215579896E-012  9.031258379848540E-015
          94  9.554747751375561E-014  4.402119622658156E-016
         105  2.865958791204496E-016  1.321307858301284E-018
         111  2.265487524777357E-022  1.045408595859166E-024
         112  1.655978760645719E-010  7.667478557559113E-013
         117  5.049890144252634E-012  2.334233441160584E-014
          11
           9  2.438963326825841E-008  1.135713581672090E-010
          12  1.160683341182203E-010  5.363253471429295E-013
          34  3.012350428377727E-010  1.397309914841471E-012
          46  3.242789016313364E-009  1.514706306398686E-011
          56  3.764010493271198E-010  1.751357017166883E-012
          71  3.699112456272304E-014  1.714965136566411E-016
          76  3.628135953813588E-007  1.693953081470012E-009
          79  1.137175564661919E-020  5.235009467838209E-023
          87  2.977186170221627E-011  1.381726877993216E-013
          88  2.425293916743196E-013  1.121960057078889E-015
          98  1.143605804038415E-020  5.279515462276177E-023
           8
          10  2.709746039702811E-018  1.250657809444845E-020
          26  1.431042183507325E-010  6.684127109039788E-013
          39  2.110520369307322E-015  9.797032422796161E-018
          42  2.431285754520440E-011  1.133059404866922E-013
          86  1.278170895307563E-009  5.961385658995647E-012
          89  1.359804034948699E-018  6.282794944700059E-021
          92  1.176291463906896E-013  5.450383968776272E-016
         107  4.240232995934821E-006  1.995188114395275E-008
           3
           7  1.475879968120000E-016  6.836197457566868E-019
          44  2.366654417986612E-015  1.096987550008461E-017
          99  9.831149252907549E-015  4.551072079286781E-017
           0
          18
           6  1.479521299738717E-005  7.284856357955250E-008
           8  8.186416944415684E-018  3.808417257110760E-020
          14  6.278688282387514E-006  3.088172639889404E-008
          29  1.634266116524599E-009  7.901012407455527E-012
          40  3.690474327745124E-011  1.769176804957649E-013
          50  3.470423762222531E-009  1.674603942450467E-011
          52  2.001461368421365E-009  9.651021096270283E-012
          55  2.733190425615947E-018  1.275452004290082E-020
          58  1.291583030077177E-008  6.365297946587871E-011
          59  1.504597022052432E-005  7.516880243848066E-008
          61  1.810803410629526E-019  8.378893193038633E-022
          63  1.799532399054372E-007  8.968105278067643E-010
          70  7.900409266748106E-010  3.890969909305399E-012
          95  8.577524101234178E-009  4.240336384785147E-011
          97  1.921986011962362E-010  9.298036603118704E-013
          98  2.723496048014106E-018  1.266553938806708E-020
         104  2.461952557180625E-007  1.200580759492448E-009
         115  2.116332852576458E-009  1.039849162322885E-011
          16
           4  1.378555318856042E-007  6.769165344292488E-010
          21  1.423051183521235E-011  6.817361190018881E-014
          26  7.904318881518315E-008  3.821234845479849E-010
          39  3.141476410170299E-007  1.533274092473011E-009
          42  9.333822679419496E-008  4.514364303571228E-010
          49  9.839755788675291E-016  4.610719806082842E-018
          53  5.821564037598303E-008  2.824569150858457E-010
          78  1.052801850625458E-013  4.987024623049139E-016
          82  3.031334902434993E-020  1.408434969083183E-022
          83  7.959403776164692E-019  3.687031804553491E-021
          86  2.940290251797942E-012  1.386675536492930E-014
          89  4.208358076320317E-009  2.029036415501019E-011
          91  2.128924353360825E-015  1.002249267515073E-017
          94  1.114343566609564E-021  5.140815181274397E-024
         107  5.879769232349646E-005  2.860325310444074E-007
         113  4.496158882358897E-016  2.104636361327744E-018
          12
          13  2.097712026497047E-011  9.738209290709925E-014
          16  2.858271773606567E-010  1.327443875708099E-012
          20  2.561712808844819E-019  1.179582257204877E-021
          33  1.970107233898029E-007  9.162592934098535E-010
          44  7.467314606766754E-011  3.459928881965948E-013
          45  3.286193401477898E-024  1.511845018437860E-026
          48  8.034069969885835E-009  3.730092864693232E-011
          65  1.002340801823294E-013  4.634213135416562E-016
          74  1.175740199553460E-007  5.466405434666905E-010
          81  1.309692549867315E-010  6.070815411616687E-013
         103  5.942339292242520E-008  2.747406348098797E-010
         108  4.821336067943142E-017  2.228566035564971E-019
          14
           6  1.569141453459201E-007  7.497616742796743E-010
           8  2.370360329658920E-007  1.132320094295277E-009
          14  6.676350283323558E-008  3.188796731114392E-010
          19  7.859378789584356E-017  3.647448569781254E-019
          29  1.294011281543611E-007  6.183193276755719E-010
          50  7.141721951105487E-014  3.326425352079396E-016
          52  5.997929513209675E-009  2.845028413059985E-011
          59  1.276257320832691E-006  6.196097393586973E-009
          61  1.797913413856087E-007  8.572625260201516E-010
          63  4.346626048062728E-014  2.041943812981805E-016
          95  2.190472418848961E-013  1.033341185114192E-015
          97  4.651875663412448E-008  2.235715861903835E-010
          99  1.401674018568283E-021  6.469194593018208E-024
         104  2.820712284022343E-006  1.352244256399388E-008
           1
          12  3.064853009280236E-025  1.412883218335254E-027
          17
           6  8.855575521001071E-012  4.285299087732024E-014
           8  8.227445554933153E-009  4.059523364529162E-011
          11  2.829062214067327E-010  1.402349621751314E-012
          14  3.868921411092089E-013  1.857679522075843E-015
          29  3.868026295979393E-019  1.806004572684391E-021
          32  2.080894181963440E-010  1.026982332755532E-012
          58  1.704567148695134E-012  8.294777115840302E-015
          59  1.880215811500319E-003  9.683531188219452E-006
          61  8.989480685148620E-010  4.398608342637705E-012
          63  3.869162091853483E-005  1.992625045968944E-007
          64  7.537220732457182E-009  3.808703163494127E-011
          70  2.469694802040805E-007  1.263564729355094E-009
          95  1.258641781692466E-004  6.514175719698563E-007
          97  2.830800544726671E-004  1.444421199773268E-006
          99  6.600461167927143E-014  3.146352107205760E-016
         104  8.406123133318103E-012  4.064014848428535E-014
         115  1.841975200015499E-012  8.985701060285491E-015
           3
          10  6.261808374804932E-016  2.891382361986144E-018
          86  6.132386176853709E-013  2.834369698710783E-015
         100  2.855318625093679E-030  1.319154011512338E-032
           4
           7  9.267022878827112E-016  4.270836002655467E-018
           8  3.896222370385705E-015  1.795410700575147E-017
          61  2.027175841919319E-014  9.324891685034597E-017
          99  1.807675654803529E-020  8.321100226879258E-023
          11
           9  2.715031137889877E-006  1.287811670098113E-008
          12  2.054413590745882E-013  9.524757576205752E-016
          34  5.512707258411527E-007  2.609138887165919E-009
          40  8.698589235369856E-021  4.017562981189915E-023
          46  1.642248662035605E-005  7.851612589534898E-008
          56  2.206080871724701E-006  1.048945749916172E-008
          76  2.383046917978916E-006  1.130925272795996E-008
          79  1.645594590233609E-011  7.668662012623939E-014
          87  4.926020097437765E-013  2.296455556924226E-015
          88  7.234466061228467E-009  3.412462404732061E-011
          98  1.091299937399593E-012  5.092144388078513E-015
           6
          53  4.246535575034085E-010  1.989838751171753E-012
          86  6.353171491562078E-014  2.940516604157652E-016
          94  3.234559707706937E-007  1.510567885429494E-009
         100  2.038458087251570E-011  9.460807248713915E-014
         105  2.009162129816295E-014  9.280707916065931E-017
         107  2.530727448218490E-013  1.171197379899715E-015
           6
          31  7.191914650354511E-020  3.323713162610485E-022
          43  5.295030021289105E-017  2.457332181765242E-019
          57  1.111188339762638E-028  5.139154874676460E-031
         111  7.101003560529453E-019  3.288603337992119E-021
         112  2.269592232796166E-019  1.053216516705156E-021
         117  3.840837854999205E-021  1.779815489841916E-023
          24
           4  1.237026867900616E-008  6.737794459072256E-011
          11  4.338736579789924E-014  2.215115088695813E-016
          17  3.405712613922220E-010  1.818275434886777E-012
          21  1.670556280553756E-006  9.270247590821429E-009
          24  9.450823352608689E-013  4.878043300779506E-015
          32  7.758030042787007E-029  3.574645543869602E-031
          38  1.629760377077224E-006  9.044508077108279E-009
          39  1.554118806181959E-024  7.244476871712580E-027
          49  1.177997689541235E-010  6.270291487653828E-013
          55  3.777619547970184E-006  2.109949348332622E-008
          58  3.546808957455078E-009  1.917257802372179E-011
          59  5.577589715498498E-018  2.723080070676138E-020
          63  1.594108252870164E-006  8.860862084059988E-009
          64  1.481116151567073E-005  8.325209374460699E-008
          70  8.674142994639194E-005  4.901362018514657E-007
          78  2.120571190816915E-005  1.192399599772823E-007
          80  2.976653249108436E-005  1.673770064186729E-007
          82  8.297234388152331E-013  4.295308626962158E-015
          83  9.611042170246461E-011  5.087067573241747E-013
          91  4.063647733383912E-005  2.288681254624686E-007
          95  3.792356533321758E-007  2.097316737102086E-009
         113  9.361208534294084E-010  5.036937555208262E-012
         115  9.065738298395737E-008  4.971870231151977E-010
         116  3.945442093959684E-014  2.002712301987803E-016
          13
           4  8.770958434710422E-011  4.175920431509882E-013
          21  1.208669627719082E-016  5.612046820186282E-019
          26  9.292399655301978E-015  4.319435128816695E-017
          39  4.253971537666054E-013  1.996243502282480E-015
          42  8.910370923214773E-015  4.139359124899321E-017
          53  1.793515851303532E-007  8.604847000968312E-010
          82  3.593070006573282E-020  1.664949433911445E-022
          83  7.875210103059679E-021  3.627689595906857E-023
          86  5.740435993826073E-010  2.704439595984388E-012
          89  1.789697334293617E-022  8.251230443305270E-025
          94  1.285028169954181E-010  6.024755584129268E-013
         100  2.080361892829475E-014  9.664341364316971E-017
         107  1.023017124305907E-005  4.895295692557966E-008
          16
           8  1.245260563462282E-006  6.117295244930162E-009
          11  1.565724972196592E-008  7.737992059638080E-011
          16  5.946021828555778E-016  2.785571657479228E-018
          32  5.865394336638578E-008  2.899920952453844E-010
          44  8.848211101712641E-011  4.257818466030736E-013
          48  9.178491589906274E-013  4.358834384043255E-015
          59  1.000804422333189E-004  5.031654675440070E-007
          61  2.115036995104601E-007  1.032994675701578E-009
          63  3.565121729789358E-008  1.773720707308857E-010
          64  2.991703279086354E-010  1.471587913981492E-012
          65  2.824733932766529E-013  1.343179846189703E-015
          70  8.779639462916989E-013  4.233680852029722E-015
          95  2.193407367030435E-006  1.104269021612190E-008
          97  9.780969023546766E-004  4.909839151781532E-006
          99  1.076470325057943E-007  5.258781931134988E-010
         104  6.079628639993703E-017  2.835744305486459E-019
           3
          10  1.342547567926656E-018  6.208988788891872E-021
          86  5.415160454527143E-029  2.506458420327366E-031
          92  1.167507645826334E-014  5.405323811590045E-017
          16
           6  5.067452117273773E-007  2.492998024316190E-009
           8  4.352629148673753E-010  2.102809439593232E-012
          14  1.459459810323143E-007  7.168077372963825E-010
          29  2.808369053405472E-010  1.357145556053341E-012
          50  8.117273516769425E-014  3.833255960799571E-016
          52  2.394745032941826E-011  1.147186272553128E-013
          58  1.311891121010814E-010  6.408064443215796E-013
          59  3.931332852420820E-004  1.984638338599377E-006
          61  8.923635991903729E-011  4.286962874252900E-013
          63  2.497048873055726E-006  1.259418524614478E-008
          64  1.189418741371997E-017  5.568510779511847E-020
          70  7.230636562804167E-009  3.607541168962050E-011
          95  1.420108019295375E-006  7.144401797920389E-009
          97  1.882441357099496E-006  9.372251470976990E-009
         104  1.034256577249679E-007  5.061687892215988E-010
         115  3.329624423869928E-011  1.621660653955623E-013
           5
          10  3.469607223646007E-017  1.599474217053825E-019
          37  9.158083887091278E-017  4.230661514514081E-019
          86  6.846725652075512E-016  3.159090680438530E-018
          92  4.154240079484589E-011  1.919154800958513E-013
         107  2.596132584053717E-012  1.198078511786257E-014
          19
          22  5.561493003911753E-010  2.659337016964479E-012
          24  1.773735568419345E-004  8.856419730472959E-007
          27  1.609333316454164E-004  7.966924810130806E-007
          36  1.083243962333980E-008  5.242555895110205E-011
          38  6.440703919309132E-011  3.124210425919427E-013
          46  1.575031448778802E-027  7.276047271385005E-030
          56  8.666993141241233E-014  4.088975020143153E-016
          60  5.285911870902260E-021  2.440769482100058E-023
          67  1.133264980736381E-009  5.457493963907668E-012
          68  6.611864852578632E-005  3.259459136513940E-007
          73  5.355513928872589E-018  2.485312687008639E-020
          75  9.014717168926034E-015  4.230507938081107E-017
          77  6.525547537247511E-005  3.213205430387361E-007
          79  2.254738122075047E-015  1.052286795527098E-017
          80  1.587032148319474E-009  7.792753718146475E-012
          82  2.668418812862789E-010  1.297564607446785E-012
          83  8.798527752012385E-011  4.247472806670759E-013
         101  1.905765896069991E-013  8.991330748483410E-016
         116  6.384667468896960E-008  3.138438550501660E-010
           9
          10  8.221863825108030E-019  3.795429304391019E-021
          26  1.748886292137928E-010  8.155128783552597E-013
          37  2.376805283182799E-020  1.099432149517040E-022
          39  1.427804374871657E-018  6.607387185693943E-021
          42  1.865140246344004E-011  8.676888206463506E-014
          86  8.396985959482958E-012  3.895554226674770E-014
          89  3.647339823615226E-020  1.684548451508674E-022
          92  1.480586754197691E-011  6.870455427724186E-014
         107  2.422682360482627E-007  1.133534228189418E-009
          10
          13  5.975998968925763E-018  2.767323645602930E-020
          16  9.047796851081590E-015  4.187838321556922E-017
          33  1.056169975693112E-008  4.905850137517481E-011
          44  4.581060846999190E-013  2.122214249448257E-015
          45  4.092874356630147E-029  1.889631393572311E-031
          48  7.387978705001095E-011  3.424973625806427E-013
          74  2.194905223473209E-008  1.019989438804265E-010
          81  1.519372628504507E-015  7.026029764499533E-018
         103  1.205431163527669E-008  5.571775465126103E-011
         108  3.005167321732368E-018  1.393838210357164E-020
          19
           4  4.973469128202699E-007  2.495492814918499E-009
          17  1.209087625010603E-011  5.862704278850238E-014
          18  1.975948056899383E-012  9.481382381604519E-015
          21  6.902730519005291E-012  3.347603641472550E-014
          25  1.162762581636325E-025  5.374277148519456E-028
          26  4.019508479100028E-004  2.012407138723848E-006
          28  3.854582159087924E-008  1.909204606042209E-010
          39  9.155795499084426E-004  4.637161238584537E-006
          42  6.503022465305289E-004  3.260332192496556E-006
          47  2.512027722950613E-006  1.244845950598471E-008
          49  2.395817614383566E-005  1.210558093542837E-007
          53  4.044797433900896E-022  1.871149722630490E-024
          78  1.115249009220949E-007  5.590754847194743E-010
          89  7.796844236419005E-004  3.932385526995348E-006
          91  5.951649345711116E-013  2.875580950503407E-015
          93  2.985541173774287E-015  1.403740505028219E-017
         102  2.064395352640495E-008  1.009937339264031E-010
         107  1.974017778215671E-008  9.630692945613314E-011
         113  1.571994583780084E-005  7.947770388613434E-008
           5
          22  1.488531279769744E-020  6.864056665445415E-023
          36  8.997489613953506E-028  4.169231854908314E-030
          60  9.419955647523739E-017  4.354817971589762E-019
          73  3.749349061693827E-027  1.733767685068117E-029
          90  5.848335529079360E-018  2.705814042923489E-020
          15
           6  3.093143722061834E-026  1.424624764317376E-028
          34  3.054141945261754E-007  1.543393249233972E-009
          38  1.274552686826080E-005  6.657729610543328E-008
          40  4.908080246656115E-007  2.487063212924518E-009
          46  2.750830739224529E-009  1.377716823065996E-011
          55  5.006271129691637E-004  2.642995798778312E-006
          58  2.615986269095781E-003  1.376109149763566E-005
          59  5.188435170602979E-013  2.536209669526230E-015
          63  3.449889075958145E-007  1.784029764483386E-009
          70  4.715011238301623E-006  2.470384657881036E-008
          80  6.255670802466279E-029  2.870459069809880E-031
          88  1.576159132890010E-006  8.023352614412486E-009
          95  6.971904299472600E-011  3.495334056516843E-013
          98  1.057973295877598E-007  5.342657292819593E-010
         115  1.996649501435594E-003  1.053384899765358E-005
           9
           6  4.341177797555636E-009  2.022250842431245E-011
          14  8.114031451330044E-009  3.784788173047777E-011
          29  6.165157427771901E-014  2.860977306304008E-016
          40  1.611676035790850E-015  7.457293472573008E-018
          50  1.513203189593755E-007  7.041712718999796E-010
          52  1.609676222777676E-010  7.468115881837802E-013
          85  9.636007931703688E-016  4.461670416830210E-018
         104  1.018479254542705E-013  4.715802650727187E-016
         106  1.095883307844321E-012  5.081698175551704E-015
           4
          30  1.214030154432459E-019  5.621897231524950E-022
          37  3.902222049185975E-022  1.805838791768644E-024
          41  1.888781838391740E-030  8.723029038692936E-033
          93  3.492381785978710E-016  1.613461251842998E-018
          16
          24  4.922920941585607E-016  2.378728366883592E-018
          34  4.943466773032015E-010  2.503010135736544E-012
          38  1.639032403797453E-004  8.831706525833767E-007
          40  3.618953674035685E-010  1.833129749946224E-012
          46  1.609547499752594E-011  8.085054303652233E-014
          55  2.790060545449282E-003  1.515966758401878E-005
          58  3.226292391829812E-003  1.740318533162925E-005
          59  5.126058078080572E-011  2.605693190563043E-013
          63  1.319049951364514E-005  7.064613789942886E-008
          64  1.565633728555515E-014  7.735225748660900E-017
          70  1.863420404922940E-004  1.009804182693517E-006
          80  7.164448101206158E-012  3.635983642893852E-014
          88  3.470300967104253E-009  1.772698951708570E-011
          95  4.541932270600393E-008  2.390829856803408E-010
          98  1.858310276988540E-011  9.309406731409040E-014
         115  4.236638084953498E-003  2.292559523812667E-005
          17
           6  2.782413110535545E-007  1.355817970528291E-009
          14  1.292398141984046E-007  6.283738352004768E-010
          29  1.287813626989992E-025  5.980745336918399E-028
          34  1.791858496437566E-009  8.629681671697027E-012
          40  4.416756017545732E-005  2.170900490051190E-007
          50  4.208684710216309E-009  2.025518242106620E-011
          52  7.746025759166495E-016  3.623514618965558E-018
          55  1.610994872604872E-011  7.795211645713265E-014
          58  1.709971279990050E-006  8.490148290787625E-009
          59  7.303863350146988E-013  3.484305340750927E-015
          63  4.880505335219228E-012  2.349047176321608E-014
          70  3.622624387656904E-013  1.735881989103294E-015
          88  3.639581919622213E-007  1.776008614609560E-009
          95  5.206668297204802E-023  2.410435362509911E-025
          98  2.824538066562852E-006  1.382480707700580E-008
         104  7.715502928192814E-015  3.622818819699859E-017
         115  2.175472396524086E-007  1.077491855012665E-009
          10
          15  3.699245771709834E-013  1.713530190383555E-015
          31  3.752844019971649E-012  1.730444446441526E-014
          43  2.129715275622683E-012  9.861527066296138E-015
          57  1.280629592093082E-019  5.908669884776678E-022
          62  1.552161200771425E-019  7.163496721365558E-022
          75  5.267933761184107E-017  2.437660710525818E-019
          96  5.775543500834065E-013  2.667459496753775E-015
         111  3.936661538207370E-015  1.818803288369232E-017
         112  7.798815382030391E-014  3.610786098070943E-016
         117  3.481928075072426E-012  1.610472598714466E-014
           1
          51  1.687598692560757E-024  7.776840429487610E-027
          11
           4  6.015230351851604E-010  2.898963123278962E-012
          21  4.859303132357289E-011  2.326932606144091E-013
          53  7.351830523995610E-005  3.596076815232503E-007
          82  1.516061708404247E-008  7.351096414768922E-011
          83  5.508471453887287E-009  2.655322999245731E-011
          86  2.170886242006728E-020  1.003977969700219E-022
          91  9.579884193767359E-016  4.493487682788346E-018
          94  6.718926766601747E-009  3.192493603547481E-011
         100  8.124211262408659E-022  3.754435110019327E-024
         107  1.387430663347047E-009  6.596668926851359E-012
         116  2.016636179747240E-010  9.643895668151452E-013
           1
          69  1.653789924978081E-021  7.630796549533050E-024
          15
          15  1.139782895829290E-021  5.268424557952886E-024
          22  2.168600168958058E-007  1.009881410002658E-009
          24  7.689382925745380E-019  3.542407002163658E-021
          27  9.060751890231066E-008  4.250555826108996E-010
          36  1.498002281965383E-006  7.024870303075683E-009
          60  1.483786670831323E-008  6.906715374913593E-011
          67  7.577548070947972E-008  3.544178121344752E-010
          68  7.111030504018196E-007  3.335364890894224E-009
          73  1.462649606747201E-010  6.787718328262307E-013
          75  1.275106141563125E-009  5.938873320132801E-012
          77  6.123043350563122E-007  2.865041741683404E-009
          79  3.500892661964029E-026  1.610447746547409E-028
          90  5.794796145431471E-016  2.675150850067041E-018
          96  1.916771484376021E-017  8.835484307406912E-020
         101  4.671541933653302E-008  2.180586413927632E-010
          17
           4  2.575516974942101E-005  1.299349737304574E-007
          21  1.219269622698801E-007  6.083077387075993E-010
          26  2.888007572707563E-007  1.418233268759460E-009
          39  1.011211369876002E-005  5.049133252888967E-008
          42  5.674379969575347E-007  2.795561386323207E-009
          47  6.154933331515361E-024  2.844110708253024E-026
          49  2.773333006633791E-010  1.353629732662057E-012
          53  1.721406695931331E-006  8.534755221738043E-009
          78  1.319485699031255E-008  6.550011838890601E-011
          82  9.151488716389561E-012  4.420213130696620E-014
          83  3.648241654338005E-011  1.763895066707156E-013
          86  1.302560433701417E-019  6.034679032320194E-022
          89  2.028562985109355E-007  1.000989813937851E-009
          91  3.181968217920438E-009  1.578622647032051E-011
         107  1.282225873317504E-005  6.316066900557678E-008
         113  2.650828981689114E-010  1.294985762673692E-012
         116  2.358800089204505E-018  1.096890137572940E-020
           6
           1  2.449235061611456E-027  1.132553981425474E-029
           7  8.517470232060749E-019  3.940028409215303E-021
           8  2.368623675808997E-011  1.097092029328812E-013
          61  7.387802743401929E-011  3.415946947937372E-013
          72  2.559630553137797E-022  1.183793180604141E-024
          99  2.247408780602362E-018  1.038486534161408E-020
          12
          10  6.420404745119991E-030  2.954982625273276E-032
          26  5.442476478073245E-010  2.530670377670797E-012
          37  4.749112326920264E-015  2.192034903622273E-017
          39  8.681486490041894E-020  4.003316579676472E-022
          42  5.432038676248640E-011  2.519381944475526E-013
          47  1.023190527672699E-021  4.719420434095763E-024
          86  1.647843471234714E-016  7.592692559385527E-019
          89  1.333811636186822E-018  6.145837833519000E-021
          92  3.840696159390619E-011  1.776917766047407E-013
          93  6.450095571373065E-018  2.969856059476479E-020
         102  3.713116551464276E-027  1.711501353733017E-029
         107  8.640167632857411E-009  4.014146530653333E-011
           7
          20  3.207713127142174E-015  1.478410383216246E-017
          33  1.598985327757365E-011  7.383666084978781E-014
          45  1.638484402250716E-014  7.544575059091882E-017
          74  5.678422803851224E-016  2.621506006510134E-018
          81  5.605740449721382E-024  2.582622501831545E-026
         103  2.259971498648508E-012  1.038562485976573E-014
         108  2.222040960299210E-013  1.027940207767073E-015
           8
          15  2.404809947911686E-021  1.113824678912398E-023
          31  2.588332118772415E-015  1.193444353095818E-017
          43  8.785157631442865E-010  4.076657524993788E-012
          94  1.817434890657026E-025  8.380278031349241E-028
          96  4.645520781192946E-019  2.145230361594072E-021
         111  1.982376153659473E-014  9.160689574903534E-017
         112  4.757540984929289E-009  2.208363314701334E-011
         117  4.420497007276674E-009  2.050250030054557E-011
