         143
  0.199102900102488     
  0.201178278025538     
  0.200584213513278     
  0.198533791091229     
  0.200020179475638     
  0.198630587697714     
  0.200032356969155     
  0.199955120989878     
  0.199969252833808     
  0.199817790380819     
  0.199926655689748     
  0.199009109518171     
  0.200990878257651     
  0.199351688779005     
  0.198452297566998     
  0.199546242834457     
  0.200065001770441     
  0.200003802532178     
  0.200138052932009     
  0.199619157805215     
  0.200216938357722     
  0.200365409626343     
  0.199686660888644     
  0.199682250913517     
  0.199623821037995     
  0.199102646247334     
  0.199624116659746     
  0.200147090612917     
  0.198913782991872     
  0.199004852350938     
  0.199570896725233     
  0.199098200909737     
  0.198637113508073     
  0.199542014229563     
  0.199216157050693     
  0.198944654875013     
  0.199708302472409     
  0.199789545956154     
  0.197784042452187     
  0.199786215627233     
  0.200242548441115     
  0.200267452988513     
  0.199674145388342     
  0.199927202377790     
  0.199329622235465     
  0.199275726539302     
  0.199409255558927     
  0.200125259333167     
  0.199745699925118     
  0.200622347082133     
  0.198879318502119     
  0.200134999643613     
  0.199975758547845     
  0.200239943204060     
  0.199595026755842     
  0.200171540625098     
  0.201041154576561     
  0.197762408187010     
  0.198762366448206     
  0.199736337474366     
  0.199321477722743     
  0.199213925874991     
  0.198476816818659     
  0.200061539468260     
  0.200313822591271     
  0.199789916929912     
  0.198703785767854     
  0.199766767301342     
  0.200513148363984     
  0.199835390857860     
  0.200600459980699     
  0.198995864336125     
  0.199346530246078     
  0.200262363216469     
  0.199462446886294     
  0.199185177385757     
  0.198739510966759     
  0.199773969320393     
  0.198449562057624     
  0.199697662007824     
  0.199518043730786     
  0.199787397884443     
  0.199961835338713     
  0.198951264170959     
  0.199687694192639     
  0.198633133910390     
  0.200130824437687     
  0.199866766956402     
  0.199442585280560     
  0.199497324554055     
  0.200485016042072     
  0.198634993519622     
  0.200087906779125     
  0.199831582356401     
  0.198458965552033     
  0.199080973237276     
  0.199740017243151     
  0.200076846422536     
  0.199235463004264     
  0.199331789505920     
  0.199898706306606     
  0.199563945838421     
  0.199769194424392     
  0.200553282082626     
  0.199869242732845     
  0.199302338799728     
  0.200524420298711     
  0.199500082868903     
  0.199141593999998     
  0.199152801022120     
  0.199645125076651     
  0.198136262620562     
  0.199817648802201     
  0.200101644518044     
  0.199006136584259     
  0.198070445064341     
  0.200146074694382     
  0.200369218249114     
  0.199705292345006     
  0.199456452782527     
  0.200118458164614     
  0.198737390263239     
  0.200489207049853     
  0.198862625767909     
  0.199258392823184     
  0.200230427519255     
  0.198353518914140     
  0.199900389291669     
  0.199061321288993     
  0.199418476616630     
  0.200226711061267     
  0.200825142398150     
  0.198703946476694     
  0.199991625867023     
  0.199599081805305     
  0.199548949292448     
  0.199032236924796     
  0.198800613721300     
  0.199484846879520     
  0.198320147261400     
  0.198727553549625     
  0.199636187042582     
  0.199282012455040     
