         113
  0.199280098916438     
  0.199616366034504     
  0.199891155398073     
  0.199172078869878     
  0.199744130020107     
  0.198931143953950     
  0.198856870550882     
  0.199868916206282     
  0.199243817677932     
  0.200049089777790     
  0.199492823050023     
  0.199542557452508     
  0.199592903361500     
  0.199338672418320     
  0.199272644790780     
  0.198870866427331     
  0.199321698882589     
  0.199907222436646     
  0.200936871728654     
  0.200829381123551     
  0.199208724410499     
  0.199498315842375     
  0.199055190922206     
  0.198615570878815     
  0.198328247337535     
  0.199586398581745     
  0.199878627355792     
  0.199508960062862     
  0.198133851935236     
  0.200038290192570     
  0.199448302225272     
  0.199077050914722     
  0.200894855091481     
  0.198470218620001     
  0.198792413416468     
  0.198994874562265     
  0.199568636615825     
  0.198813660099027     
  0.200659434780934     
  0.199418772708119     
  0.199929383959045     
  0.199843031250831     
  0.199889233892031     
  0.199978933229331     
  0.199554953420332     
  0.200499913557428     
  0.199229472820067     
  0.200125751294839     
  0.199278757946670     
  0.198818315354290     
  0.198922549376972     
  0.200407668420445     
  0.199527944952165     
  0.200193308490238     
  0.200384648374402     
  0.199051779653011     
  0.199313762739189     
  0.199513669210154     
  0.200403981281608     
  0.199840153986387     
  0.200586287865484     
  0.199722472075207     
  0.199330774839570     
  0.198880329238204     
  0.198599500976490     
  0.200318215130543     
  0.199558867382793     
  0.200199696982530     
  0.199638089143632     
  0.199340512767824     
  0.199086366741544     
  0.200171444665190     
  0.197895431224480     
  0.199075977852234     
  0.198911811271040     
  0.199238351939903     
  0.199358844290215     
  0.200159617197875     
  0.200116416341584     
  0.198847827456271     
  0.199274828492607     
  0.199627255681448     
  0.199103493721594     
  0.199417983202844     
  0.199782667732722     
  0.199355276917028     
  0.198477937448901     
  0.200394256090566     
  0.200484629816545     
  0.200038732714993     
  0.199573693997950     
  0.199671725349743     
  0.199134401275725     
  0.199634372017924     
  0.199322982336944     
  0.199325909634376     
  0.199296095872195     
  0.199353079955179     
  0.199569305070317     
  0.199637787075620     
  0.200201435019148     
  0.199313837851929     
  0.200005758308013     
  0.200180364167144     
  0.199552486733481     
  0.198959607458160     
  0.199117112044412     
  0.199503656372459     
  0.200290097995708     
  0.200227391945506     
  0.198985739625794     
  0.199030391620581     
  0.198611010483353     
