         162
  0.199311168414211     
  0.200080527631360     
  0.200070086538396     
  0.199434926413397     
  0.122032487211691     
  0.198947501738816     
  0.197863733739569     
  0.199720331107494     
  0.199198824988630     
  0.200681107719790     
  0.159929189389381     
  0.196828213924571     
  0.199686448947858     
  0.199117710857882     
  0.176052420075851     
  0.200022600070816     
  0.199862264893231     
  0.185660322389287     
  0.198918262880784     
  0.198524878767545     
  0.200440356917649     
  0.199827399452102     
  0.185224535930192     
  0.191824486836618     
  0.199734822215635     
  0.199469933724032     
  0.198864282569585     
  0.200385656061894     
  0.170407034446515     
  0.198807608277917     
  0.200877070089683     
  0.199442316680885     
  0.199907059066541     
  0.199343103378954     
  0.198287201834787     
  0.193955741983111     
  0.198370800384308     
  5.288955474334398E-002
  0.199140521298715     
  0.199356278459629     
  0.199953902635348     
  0.199174312982189     
  0.200600460041888     
  0.199875704398373     
  0.199752672282411     
  0.198734523578478     
  0.200338325381610     
  0.198889016243340     
  0.200650264985960     
  0.199086545572865     
  0.198406486703472     
  9.492767394028937E-003
  0.199300815678795     
  0.179677602301821     
  0.199507044955983     
  0.199074206709315     
  0.199597682025467     
  0.146472165281348     
  0.200288306048640     
  5.659025612255539E-003
  0.199524883023334     
  0.200401177883047     
  6.286098507716011E-002
  0.199954476555489     
  0.198868914819211     
  0.200000315150707     
  0.200748679821866     
  0.200000786140180     
  0.199222736776279     
  0.198631613075606     
  0.200127243692430     
  0.200179535845666     
  0.198786055896579     
  0.198665878930761     
  0.200731027857496     
  0.199978233185390     
  0.200092069310324     
  0.199755603489410     
  0.199679525197926     
  1.280609046562886E-002
  0.200456447782831     
  0.198919216745184     
  0.154566109054002     
  0.199971953665972     
  0.200766488767902     
  0.196950572997290     
  0.199873144025382     
  0.199677653987638     
  0.199317103437532     
  0.200004068194828     
  0.198616928944007     
  0.199507817406435     
  0.200057675527137     
  0.185553060567460     
  0.199435919752534     
  0.144374787034193     
  0.199818757398446     
  0.198014244671906     
  2.879827794106586E-002
  0.200561125470215     
  0.198928424103060     
  0.188363649093144     
  0.200695995396959     
  0.199385392501376     
  0.198761297594727     
  0.199384033480405     
  0.199115150879152     
  0.199353299947908     
  0.198507530384468     
  0.135560755632725     
  0.199689994178252     
  0.193376742443604     
  0.200176063376538     
  0.200325074599852     
  0.199116695194937     
  0.199715258931173     
  0.198899911086308     
  0.198775802258083     
  0.198876898385593     
  0.199440395990648     
  0.192236941468330     
  0.199387140657326     
  5.527116846297672E-002
  0.199960348322073     
  0.199470520961574     
  0.200189418770298     
  0.199237192303645     
  0.199434289040835     
  0.200071213274595     
  0.200290847012257     
  0.197264725304263     
  0.198286445961620     
  0.199845058684336     
  0.199753261920725     
  0.198992527064037     
  0.199866135600752     
  0.198789724109710     
  0.199918087951491     
  0.198941396221906     
  0.183576671568445     
  0.199919153326642     
  0.198090710229465     
  0.199580851693715     
  0.199538562713255     
  0.198622287912105     
  0.199755085455031     
  6.209729389788076E-002
  0.199115181488120     
  6.865349555533218E-002
  0.200008902311055     
  0.199624287106213     
  0.199871927177207     
  0.198927353699763     
  0.199520788561024     
  0.199993046115360     
  0.199655774260361     
  0.199390823319021     
  0.199840862485855     
  0.200341794426886     
  0.198962730611695     
  0.199554102100878     
  0.199727639811592     
