         129          96
           4
           4  1.062438798077253E-008  4.957228448121068E-011
           5  6.570497092649843E-009  3.047979152212888E-011
          14  9.555281502521409E-009  4.437331295436831E-011
          62  5.006304730791736E-008  2.326253450548638E-010
           4
          34  3.467326439936464E-019  1.600206529162083E-021
          50  4.137636805428772E-018  1.904624183543945E-020
          54  4.956661064088796E-017  2.287067046417948E-019
          61  7.372810135267710E-021  3.408598011559766E-023
          12
          15  4.044357214310080E-011  1.904116530812673E-013
          16  1.394395943351683E-028  6.438304720695591E-031
          22  1.052439467335966E-025  4.867206993910854E-028
          25  7.371153162190420E-005  3.552708261801831E-007
          32  2.383637110291659E-012  1.118469824002762E-014
          35  2.599330013637631E-006  1.249080462771830E-008
          43  7.838021453470999E-013  3.678001529381574E-015
          59  1.081901281549883E-016  5.005251050713016E-019
          77  2.176395545140977E-011  1.019138308317530E-013
          84  1.632631072207332E-010  7.688815789454517E-013
          88  8.547953558622684E-009  4.055783043609549E-011
          89  7.161445219430872E-013  3.344252042563948E-015
           7
          11  2.856841608540965E-017  1.318918161369719E-019
          17  1.728965737025904E-010  8.017039893567702E-013
          31  9.924589030722082E-012  4.594593624084577E-014
          52  4.555448360561678E-020  2.109392674296750E-022
          53  6.337729457643696E-010  2.927358114498655E-012
          58  2.783111960111360E-009  1.294308988783983E-011
          86  1.984141153259788E-026  9.160270875503117E-029
          10
           2  1.205035354551854E-009  5.575518852042817E-012
           3  1.021115384261968E-013  4.721038509551880E-016
          12  2.914776963139502E-010  1.346994097519079E-012
          19  2.737700844873232E-009  1.267213813762829E-011
          39  4.296638135874885E-013  1.984443031340308E-015
          49  4.796485876938513E-010  2.214317257394432E-012
          50  5.454595110204805E-012  2.514916832122435E-014
          51  1.904161196222607E-018  8.821046896844331E-021
          54  2.616185744731049E-016  1.208089212398517E-018
          79  8.296481098329462E-023  3.830346160529312E-025
          17
           1  1.219984204632691E-008  5.979972494992645E-011
          10  4.077475414853110E-015  1.918509614899997E-017
          13  3.659620689670656E-005  1.822057298546302E-007
          19  8.515943603109880E-025  3.931147818127115E-027
          22  9.457300879806734E-012  4.557458811649372E-014
          30  1.724866154969082E-013  8.202989509054123E-016
          40  3.240302473136911E-009  1.575974066209810E-011
          51  4.363164961658806E-011  2.095695864629595E-013
          64  3.629472852587613E-004  1.804931952481074E-006
          66  2.609704760416170E-004  1.297281355992508E-006
          74  1.604338908264838E-024  7.421460374508816E-027
          75  1.189266558606850E-004  5.908560596551131E-007
          76  4.446293500563302E-006  2.206161476932575E-008
          79  3.286367919952142E-005  1.624783857672666E-007
          83  5.108762254214477E-004  2.553436130271005E-006
          85  2.183716740600896E-007  1.071968522089134E-009
          95  4.438424314740005E-006  2.189950042158373E-008
          14
           1  6.810339711620873E-008  3.371319551676681E-010
          11  7.431349986644875E-010  3.597682148294712E-012
          13  3.982835984467761E-006  1.986857228288188E-008
          22  1.824782484054087E-006  9.148598871015146E-009
          32  9.113055599955854E-013  4.359069687186625E-015
          43  3.831115232099896E-008  1.891758036892736E-010
          63  5.021088141139928E-005  2.509649380068778E-007
          64  6.355985612467682E-023  2.934457683804397E-025
          65  1.367051345851791E-007  6.721916139817784E-010
          72  6.646934751802425E-008  3.272935660000582E-010
          75  2.915971761216142E-015  1.374744912252761E-017
          83  2.427848035840217E-018  1.133484368964140E-020
          92  2.729559983754562E-004  1.366154036724252E-006
          95  8.732704816432434E-013  4.166585996679314E-015
           8
           9  1.826009745257003E-009  8.492806180400300E-012
          15  6.611909515679049E-013  3.069157521499361E-015
          16  2.600318787029708E-009  1.211721736795717E-011
          33  1.352217925581470E-011  6.274028787259514E-014
          46  1.326703600853229E-007  6.158749847573130E-010
          71  1.562399178098730E-007  7.283535461345966E-010
          74  3.393882177725330E-019  1.570303077385360E-021
          81  1.730293445899785E-007  8.071952040985396E-010
           5
          47  5.319395546024091E-012  2.448012759139125E-014
          77  2.310957873146355E-014  1.064836880404431E-016
          88  1.486933514707966E-021  6.870372187907467E-024
          89  1.690361325034444E-024  7.801262230426902E-027
          91  5.481711507875410E-024  2.536618567273115E-026
          15
           4  3.220051543282821E-016  1.496703035382901E-018
          22  1.193365030648489E-030  5.524207877586853E-033
          25  2.603523415346964E-009  1.235183869188614E-011
          32  3.218654178130581E-006  1.546279839121514E-008
          35  2.250799890396942E-009  1.069122906230425E-011
          43  5.560899715725257E-008  2.662776750102388E-010
          44  1.151427767842345E-007  5.457456998531122E-010
          47  1.772064300788986E-018  8.170595876750936E-021
          57  2.456093288258150E-008  1.162739642568581E-010
          59  5.540146305824947E-006  2.650629789891459E-008
          72  2.264691821289785E-009  1.073687704950986E-011
          77  1.643623124769215E-006  7.824813577646505E-009
          78  3.501196580093403E-008  1.657210396483429E-010
          88  3.183891223745668E-005  1.528735846825853E-007
          89  5.356800857868434E-006  2.560489920518475E-008
           7
           9  1.454319620344526E-019  6.719913197243725E-022
          15  4.996681582047610E-011  2.325210473346200E-013
          16  2.856074983179149E-014  1.322452971189823E-016
          25  3.260092052287231E-009  1.522992663058483E-011
          26  3.573315722168493E-019  1.652063627686288E-021
          55  9.256536737834545E-022  4.268258318750119E-024
          84  4.225503258201635E-007  1.974115085570511E-009
          12
           2  2.409255302643443E-012  1.116063011839623E-014
          12  2.405665796105207E-007  1.121257869606087E-009
          19  2.863951885569383E-012  1.326642785584821E-014
          34  1.492687982771056E-018  6.897316372242865E-021
          49  1.931613978133756E-019  8.903440233924058E-022
          50  2.591532112118744E-009  1.202282503699123E-011
          54  3.692242001584081E-011  1.712555896775898E-013
          61  1.393367776570879E-009  6.489141473311121E-012
          66  1.620739473272927E-015  7.493102235704600E-018
          73  3.231390683952662E-013  1.495894008599570E-015
          79  1.204794975429855E-011  5.599350622300635E-014
          82  8.277841556003511E-009  3.864332662151800E-011
           1
          56  1.823766901687081E-014  8.403183333807384E-017
          11
          25  1.131121239993024E-022  5.226852654309209E-025
          44  2.333485698413924E-018  1.072836041711349E-020
          47  1.116164365840999E-009  5.149313035227220E-012
          57  2.029957151212060E-015  9.354762964617112E-018
          59  5.401001070415349E-022  2.488084358685733E-024
          77  2.655497145472027E-008  1.229477824464790E-010
          78  3.131030573886827E-011  1.444989477645218E-013
          88  2.259630680105482E-009  1.049240822754809E-011
          89  8.671456243054581E-010  4.017971096782616E-012
          91  4.253669485194231E-015  1.967583686738560E-017
          93  1.240729324446925E-020  5.715581783343034E-023
           8
          12  4.428220836358271E-012  2.047383655996653E-014
          34  2.656226299533457E-017  1.229003504598219E-019
          50  1.883081624878427E-012  8.693304893971954E-015
          54  1.762867363110261E-012  8.157221403860550E-015
          61  6.031713325983368E-010  2.798385431000970E-012
          73  1.995115209555267E-014  9.230245582607800E-017
          82  3.643411099309940E-010  1.692010957092038E-012
          94  1.467696901789191E-023  6.793819069843243E-026
           5
          18  3.800731225969719E-020  1.758209814111359E-022
          41  3.179306677118950E-030  1.469416504584035E-032
          53  4.397896201669986E-023  2.028919165300874E-025
          68  3.110394374730971E-018  1.437433057036243E-020
          70  1.069803353404002E-022  4.943114258536608E-025
           7
          47  1.321774109399699E-011  6.089121764869276E-014
          77  5.559540787590289E-015  2.564303509253610E-017
          78  2.333475419874704E-018  1.075977204639657E-020
          88  2.784282347790344E-029  1.287912410200444E-031
          89  1.163943798109314E-020  5.377846964677496E-023
          91  2.832311222820150E-014  1.312106270975076E-016
          93  5.332073937686153E-017  2.460639731306044E-019
           6
           3  1.543756651006016E-018  7.118652765848241E-021
          19  5.805738441016387E-020  2.673168214197647E-022
          39  6.427220759392729E-013  2.960314135514069E-015
          48  1.569269761752993E-021  7.225676731806872E-024
          49  7.918849986478895E-015  3.640036633002766E-017
          51  3.648863818976280E-029  1.686286912086059E-031
           3
          46  1.199371912556383E-016  5.517546592010284E-019
          71  1.716484520806939E-022  7.926207141853247E-025
          80  5.042496398797130E-030  2.325856497050200E-032
          16
           1  8.568095408080985E-009  4.158258687886442E-011
          15  1.519798826536340E-008  7.346635881948358E-011
          16  1.583589967909121E-014  7.425286428027012E-017
          22  4.244525462687428E-008  2.077019516501824E-010
          25  1.307813787456319E-005  6.413147690469436E-008
          30  2.631471928424542E-009  1.275152836513494E-011
          32  1.007818107752151E-009  4.850786653815188E-012
          35  4.975114567496346E-004  2.461453391282431E-006
          40  3.029447213755531E-021  1.398837833069398E-023
          43  4.408931273089675E-008  2.146279730321875E-010
          59  7.145516647244329E-019  3.307078518835350E-021
          72  6.324986380291843E-015  2.961152413897311E-017
          77  1.008956338828684E-026  4.647814004378605E-029
          84  2.341764971695159E-013  1.103469972774646E-015
          88  3.333913123727300E-012  1.581397419231936E-014
          89  1.458106121468478E-026  6.730180756990196E-029
          14
          10  2.895847590140544E-006  1.366274575230311E-008
          19  3.492880813165907E-028  1.612442079811443E-030
          28  5.233086950246083E-008  2.454793614533446E-010
          45  6.891546199292890E-011  3.199964735286886E-013
          51  4.137701108627481E-008  1.945763451169136E-010
          56  6.485893468487254E-009  3.024106518010992E-011
          64  6.828973544912625E-013  3.174425439371714E-015
          69  7.227993244518988E-011  3.365922987716389E-013
          70  4.519499813976513E-020  2.085190747026736E-022
          75  6.402735577138097E-010  3.000202587684366E-012
          79  7.856120130907157E-026  3.627873758335801E-028
          83  4.506653783065031E-014  2.097135492450007E-016
          85  8.573673665511626E-007  4.053301985823600E-009
          95  2.755603666166125E-008  1.295392236656162E-010
           6
          17  1.745253487577239E-013  8.065877356363849E-016
          31  1.605689747726703E-014  7.410321932540789E-017
          53  2.562969610221007E-019  1.179109989402484E-021
          58  3.056320136281494E-013  1.415712359700980E-015
          60  4.139824235140616E-021  1.906888632995223E-023
          86  9.593166475041701E-021  4.418493772764216E-023
           1
          52  5.951612407276124E-029  2.751538357404211E-031
           6
          17  3.393755268803690E-013  1.567541210375587E-015
          24  7.871310596629686E-021  3.622147831424264E-023
          41  9.513116038451417E-021  4.381908625634436E-023
          52  5.013935254118253E-016  2.314844276878309E-018
          53  1.361149506220255E-011  6.260396137105199E-014
          58  4.682009457734420E-014  2.167327904345254E-016
           3
           5  5.647193387128172E-019  2.606019223498667E-021
          31  4.323149633847368E-017  1.997984449156743E-019
          62  1.673890629573162E-028  7.728281336394783E-031
           3
          26  3.013054694070730E-019  1.391141040191165E-021
          29  8.532144025584216E-017  3.937691775186110E-019
          90  3.387677649643064E-016  1.560324132110195E-018
          15
           1  8.488603220112531E-012  4.029538525418712E-014
          13  1.816980059175549E-015  8.469176631473901E-018
          22  6.133074875411705E-031  2.838726812555283E-033
          30  7.169994544293673E-006  3.507232079551811E-008
          40  1.901185528471195E-004  9.323672221096629E-007
          64  5.559892672878368E-016  2.588238828893484E-018
          66  7.475070510476997E-009  3.588507664843173E-011
          71  2.808166512278549E-013  1.317371964236947E-015
          73  1.504242223068334E-010  7.135039561827079E-013
          74  9.691960513727183E-005  4.734219471783311E-007
          76  5.673989020223833E-005  2.787646291659145E-007
          79  2.706881880885486E-011  1.283652894274075E-013
          81  8.477018576078368E-010  4.038298299327087E-012
          82  1.731956699150244E-015  8.086083792230914E-018
          83  1.684390320119404E-014  7.905660920007232E-017
           3
          18  3.384233462191546E-017  1.558423340914599E-019
          68  1.431186958198064E-015  6.583973005899861E-018
          70  5.643746464229006E-020  2.595838858516485E-022
          19
           1  3.035413555666381E-008  1.494390229338625E-010
          10  3.103269996419604E-010  1.500220761181433E-012
          11  1.450316975979743E-018  6.720775768943088E-021
          13  2.328271680726767E-004  1.165282190468890E-006
          22  4.007604988127658E-009  1.969160398556846E-011
          40  2.054176886246147E-022  9.480987270539270E-025
          51  4.969846593191709E-017  2.324599943577111E-019
          63  3.524090109247503E-014  1.667133709063274E-016
          64  1.402515157068736E-005  6.962822524541909E-008
          65  1.854293926755734E-008  9.043691703898654E-011
          66  1.787067284902207E-007  8.783227778089100E-010
          69  3.451376928864305E-016  1.613853892547497E-018
          75  6.088271057682139E-005  3.034095574361177E-007
          76  2.169244916642303E-010  1.053071479938021E-012
          79  1.521105477210908E-009  7.383297219459107E-012
          83  2.491040210066466E-005  1.241874763137098E-007
          85  1.130916165146062E-007  5.558792521187680E-010
          92  2.057546159391820E-009  9.992080742599194E-012
          95  6.141750445322354E-005  3.055219900534278E-007
           3
          28  1.348477969902481E-017  6.236253976691324E-020
          45  2.407477315839439E-017  1.108882848748431E-019
          56  1.697533223196064E-012  7.823362992747354E-015
          18
           2  2.565201782191334E-018  1.185297996958560E-020
          12  5.720124207270091E-008  2.688936637112841E-010
          19  2.482567532602332E-012  1.154977485837214E-014
          40  3.648698244754163E-014  1.696646642377639E-016
          49  7.741014844404894E-030  3.566494984195470E-032
          50  4.397511286168612E-012  2.042499833162392E-014
          51  1.264457764224855E-027  5.857228377917153E-030
          54  1.442853462996876E-016  6.672060342161120E-019
          61  2.137529104404099E-011  9.987171308258996E-014
          64  3.265706668675000E-012  1.524291301046020E-014
          66  4.478967521875952E-008  2.117857379720661E-010
          73  3.692122495243260E-010  1.727822578197031E-012
          74  4.616996785052169E-012  2.157869549471342E-014
          75  2.424688452886807E-023  1.120021002805157E-025
          76  1.510535732264869E-011  7.095239903122586E-014
          79  2.758428758126108E-007  1.306415088211059E-009
          82  3.511222333987672E-008  1.656049965630277E-010
          83  2.061215114545956E-012  9.648501352419443E-015
           7
           7  4.977259562305608E-020  2.287696544258707E-022
           9  3.798903034256519E-014  1.753210533331815E-016
          15  1.927191919863571E-017  8.903466709091064E-020
          16  1.223791645626128E-016  5.650244204445691E-019
          23  9.679968995833741E-018  4.464464709104072E-020
          55  1.746023661143838E-016  8.038994264779523E-019
          84  3.987229591620795E-010  1.844695194100034E-012
          19
           2  1.071924773214150E-015  4.968798479281688E-018
          12  4.095585860151423E-008  1.931351816276146E-010
          19  1.814499957556101E-009  8.531892973004895E-012
          40  7.015602394105918E-015  3.262201316424811E-017
          49  5.472776338559607E-015  2.533615334092660E-017
          50  4.453394919457821E-013  2.068231456126366E-015
          51  1.769004681587810E-012  8.280018314368070E-015
          54  1.969642619329894E-021  9.101856240137460E-024
          61  1.572686477330119E-014  7.315704463358503E-017
          64  1.018418679536692E-008  4.824828593296322E-011
          66  1.588247233724749E-006  7.573760397632014E-009
          73  2.636158963046534E-014  1.224302509968024E-016
          74  2.123700045981726E-015  9.871603169821932E-018
          75  4.187516791926225E-012  1.961931875128655E-014
          76  7.917712427219978E-011  3.738802534396161E-013
          79  8.285899594021533E-006  3.960171719710455E-008
          82  2.721975739967270E-010  1.280222664782464E-012
          83  6.665116038549942E-009  3.165215948726031E-011
          85  2.912332257839342E-016  1.354501823732480E-018
          17
           1  1.715327895109589E-009  8.328847283426922E-012
          10  3.000878577916922E-014  1.414049940886256E-016
          13  1.603194998728621E-005  7.942414326479426E-008
          19  6.542772131799767E-019  3.030032244727750E-021
          22  2.657247532349749E-013  1.265263180149560E-015
          30  4.745649316201630E-015  2.234871668776593E-017
          40  9.735625662763910E-010  4.709837393954600E-012
          51  3.253876507631477E-010  1.565587775201869E-012
          64  4.304697221223202E-004  2.133237474448929E-006
          66  2.968077433253239E-004  1.469583879098365E-006
          74  2.745862135106409E-029  1.268609063018207E-031
          75  1.404847081606352E-004  6.967946217664224E-007
          76  2.267007316498436E-006  1.119652974369833E-008
          79  5.132789647283588E-005  2.534878268627192E-007
          83  5.672081369968628E-004  2.821846233435015E-006
          85  4.744385778426024E-007  2.325017890126958E-009
          95  5.335493290953581E-006  2.623465212737683E-008
           3
           4  1.565400826152325E-014  7.261287999618076E-017
           8  1.015168567380646E-021  4.698031544239651E-024
          14  1.244598132328942E-013  5.753632227932967E-016
           3
          18  1.211170334789222E-013  5.586074758325149E-016
          68  5.145168752677678E-013  2.370545297614492E-015
          70  1.270788966469328E-014  5.854195923755497E-017
          12
           4  5.210106933579244E-022  2.418350679039365E-024
          32  3.704196283297191E-012  1.728020521942950E-014
          44  1.225019949867053E-007  5.729961602828479E-010
          47  1.009680697262900E-010  4.688171211581073E-013
          57  1.956592027205780E-007  9.164822002514107E-010
          59  5.054283549895919E-008  2.370720148158930E-010
          77  1.520635858326730E-006  7.132007770168666E-009
          78  7.032612484325707E-007  3.293982966459291E-009
          88  1.399286128062052E-006  6.590105363599259E-009
          89  2.572776838468612E-006  1.209866810089663E-008
          91  1.429629089984784E-013  6.652094181320231E-016
          93  2.415467569432370E-015  1.118252091053515E-017
           3
          28  1.253406498493175E-024  5.796678256713009E-027
          45  4.034793561956945E-030  1.858471793206150E-032
          56  3.885395626611739E-013  1.790655807100912E-015
           5
           4  3.742454225316727E-018  1.732260445196627E-020
           5  1.447786226127402E-009  6.685703565731250E-012
          14  2.197965810505415E-010  1.015483294114779E-012
          36  2.090880301771852E-025  9.639759362016512E-028
          62  3.800457842748266E-009  1.756195779713017E-011
          16
          10  1.581474485439176E-006  7.502468145143017E-009
          11  3.144640373499496E-011  1.467359406080300E-013
          18  5.540483941634459E-009  2.600054720579812E-011
          27  1.599740996426592E-016  7.425599196361299E-019
          28  3.308734746450042E-009  1.554963583256750E-011
          38  2.292907283363985E-018  1.061440478282869E-020
          45  2.439078681758244E-013  1.130214812486115E-015
          56  1.546879870322010E-018  7.134486381825689E-021
          64  9.286503174125349E-031  4.285024254172778E-033
          65  1.780519805779946E-007  8.417806716510210E-010
          68  3.022579027878649E-011  1.408383850608133E-013
          69  1.071677459667777E-005  5.078157816827728E-008
          70  1.247910385140547E-007  5.873120251884877E-010
          75  1.096120738533690E-012  5.114706505843957E-015
          85  2.129163478498947E-010  1.001438671863761E-012
          95  2.353783992409221E-008  1.111571057046020E-010
           6
          47  9.943787822236202E-012  4.583615963775387E-014
          77  3.669362925987238E-015  1.693460657513993E-017
          78  1.720056442080237E-017  7.936251445271448E-020
          89  2.507164437559535E-020  1.159111442966091E-022
          91  7.740277393533817E-014  3.587973858861228E-016
          93  4.809774123627498E-016  2.220965356388246E-018
          15
           2  4.740665215860214E-014  2.189151183037661E-016
           3  1.709527451263243E-015  7.893943224350330E-018
          10  8.400461055076524E-021  3.881751836995630E-023
          12  2.423056143937446E-016  1.116164142606589E-018
          19  3.880207191003112E-007  1.809671770355219E-009
          39  2.124527787334303E-009  9.863503232537542E-012
          49  5.043989892936034E-008  2.343153876239850E-010
          51  7.636696853340488E-007  3.580949082684813E-009
          64  3.933434677171490E-012  1.824470180300337E-014
          66  4.583003258832281E-014  2.118032479732640E-016
          75  4.622840711688657E-013  2.143028172998130E-015
          79  4.896680248115251E-010  2.280012226001655E-012
          83  2.134118598013628E-013  9.911448094076263E-016
          85  1.609145291049009E-009  7.521243851785107E-012
          95  3.081163487694229E-017  1.421008309777365E-019
           6
          17  1.827363823868264E-012  8.464078940636927E-015
          31  4.126085320244935E-013  1.908524756865601E-015
          53  7.620452630856320E-016  3.513609646714497E-018
          58  7.575756918200559E-012  3.517302189828948E-014
          60  1.292128288198613E-020  5.964801432009342E-023
          86  3.434820087439605E-020  1.585489333786518E-022
           7
          10  1.978034859933625E-011  9.202357918045003E-014
          28  2.219879200873996E-010  1.031853137585703E-012
          39  9.453661644722993E-028  4.374705251168349E-030
          45  4.283953656443440E-012  1.980901733897469E-014
          51  1.109331956742314E-011  5.162602525951264E-014
          56  4.753534011075440E-009  2.203171644090817E-011
          85  4.118411100271486E-013  1.916834995825002E-015
           6
          17  3.757086936511817E-022  1.739019141295787E-024
          21  2.510384612076957E-029  1.162153394701737E-031
          24  2.094230365222045E-019  9.657940927089131E-022
          41  7.584536385981591E-018  3.501133835146282E-020
          52  2.621093053446131E-017  1.212718797282865E-019
          53  8.183822569957784E-014  3.771285308539416E-016
           0
           4
           7  7.154214514030649E-021  3.282021217504708E-023
          23  5.946371450127332E-022  2.737310161804520E-024
          55  5.572818631751756E-017  2.560924019130096E-019
          84  4.752596607545758E-016  2.190417982710397E-018
           2
          73  1.240735365426701E-017  5.730218783358195E-020
          82  1.159239943077723E-022  5.368134464768943E-025
          11
          10  8.387453467437004E-010  3.893842985522798E-012
          18  5.078927982096961E-012  2.344964625275866E-014
          27  1.336234661151252E-011  6.192348953860482E-014
          28  3.141012027145997E-008  1.457346684298262E-010
          38  2.802764061028573E-012  1.296089705205311E-014
          45  3.949627344438895E-009  1.822937134760877E-011
          56  8.878877124746605E-011  4.095503247177345E-013
          68  4.866136795860019E-014  2.242374627490810E-016
          69  2.917796018500677E-010  1.350099491227740E-012
          70  2.240284785977259E-011  1.033828921520376E-013
          85  8.928041445769483E-022  4.130864139324209E-024
           4
          61  1.790974599611573E-020  8.280409733761734E-023
          73  4.955608068291349E-011  2.288744713303561E-013
          80  2.452512107847170E-016  1.130311976194106E-018
          82  9.033525306585301E-013  4.180801847254711E-015
          11
          12  4.985611299225652E-010  2.327193217257941E-012
          40  3.993306629867422E-012  1.863978144060693E-014
          50  1.618792170562064E-015  7.471340123060941E-018
          54  2.752092674920697E-021  1.270767510190996E-023
          61  5.754888663679689E-011  2.687291896458763E-013
          66  2.357186597307366E-011  1.100764446931925E-013
          73  2.693849127830597E-007  1.267358556048940E-009
          74  1.020371297790230E-008  4.807116582421488E-011
          76  6.157915383387761E-012  2.885280114127450E-014
          79  8.164891932091978E-011  3.818570521947861E-013
          82  4.677429093321625E-007  2.207323755445906E-009
           6
           9  1.141476632458747E-013  5.261339797605966E-016
          16  4.588620690017215E-018  2.115436718157808E-020
          33  3.457373156585912E-012  1.595085967961488E-014
          46  1.365909870567774E-009  6.275171618862971E-012
          71  5.750233400040742E-011  2.651439227942920E-013
          81  6.867855692457811E-013  3.163451175491166E-015
          13
           1  6.674811479361916E-010  3.237076824323701E-012
          11  3.897764001710605E-008  1.894094338241434E-010
          13  4.237675119446286E-007  2.087239949882807E-009
          22  5.849133607326163E-008  2.883677820664338E-010
          32  8.934952836526093E-016  4.182896712667928E-018
          43  1.174149068138123E-009  5.708004067348472E-012
          63  1.098520519974144E-004  5.459120459782429E-007
          65  1.285899434863917E-006  6.317621781975649E-009
          72  9.436265701865130E-009  4.592181277928911E-011
          75  6.192013564279764E-017  2.884695232238415E-019
          83  1.745567208754314E-025  8.054517553176498E-028
          92  4.930362061051263E-004  2.449080455006034E-006
          95  6.440179033027692E-013  3.052606605337564E-015
           3
          73  2.228939947990172E-011  1.031378898753279E-013
          80  2.162909379742588E-012  9.991070405794153E-015
          82  5.512231742527614E-016  2.555242595179174E-018
           7
          46  1.945584213081183E-024  8.935807544185120E-027
          71  8.724734366236868E-015  4.024283482188351E-017
          73  7.433625275270042E-010  3.437620275964662E-012
          74  6.005777119399389E-014  2.778191140037106E-016
          80  3.429158159134137E-009  1.583810795246111E-011
          81  3.060689579621560E-029  1.409966222346673E-031
          82  1.014507069859310E-016  4.689785033913202E-019
           4
          39  1.755051120216484E-014  8.090629957067395E-017
          48  3.163918311677975E-020  1.458154927137104E-022
          49  1.310927939423364E-018  6.031103788267023E-021
          51  7.576907850230459E-027  3.504777106283771E-029
          15
           1  6.468723590218320E-008  3.155657049357627E-010
           9  2.616894531799338E-017  1.215866494621587E-019
          13  1.108997298779816E-020  5.111514183185839E-023
          15  1.542852635918102E-006  7.523027238551528E-009
          16  4.836417556334644E-008  2.339506140118937E-010
          22  5.364975357465550E-010  2.596615079562443E-012
          25  3.112673057526507E-013  1.471113041157078E-015
          30  2.368559672271853E-004  1.174635424637325E-006
          35  4.828212452494594E-007  2.358329949790196E-009
          40  5.338082555806159E-006  2.622407652285862E-008
          71  2.180608575051006E-013  1.025657360137218E-015
          74  9.345449317341330E-009  4.515259183446673E-011
          76  6.541450637532561E-008  3.193911693125650E-010
          81  8.590780369294059E-008  4.156475376704061E-010
          84  3.055710459007206E-022  1.412107241825427E-024
          12
          25  1.672388288329706E-013  7.753685840625241E-016
          32  4.058345036889870E-017  1.873955498388874E-019
          44  4.752006234166216E-011  2.197676821513508E-013
          47  7.221017174022051E-010  3.341794969061145E-012
          57  1.797781954674666E-010  8.336208404788344E-013
          59  5.520780566866406E-011  2.561482912731767E-013
          77  1.214354091943249E-006  5.664626621860767E-009
          78  1.126638100598317E-008  5.235000501698606E-011
          88  7.791901515181445E-007  3.649684715279936E-009
          89  2.889222733638470E-007  1.349904333369686E-009
          91  1.608180095026713E-015  7.440865047533572E-018
          93  5.704856313005661E-021  2.627539277183760E-023
          12
          10  7.336661036471968E-009  3.417299516753458E-011
          18  5.255117329179582E-018  2.426911694415585E-020
          27  5.070167015810994E-015  2.350680589993186E-017
          28  6.529490555338706E-008  3.037899043741659E-010
          38  1.368549544511132E-016  6.332758545039584E-019
          45  4.631968152564013E-009  2.142891788607168E-011
          51  3.947275186421110E-017  1.828908412750091E-019
          56  6.062864353669519E-009  2.806659093533416E-011
          69  4.357306351402082E-012  2.016657396349265E-014
          70  8.110138531407197E-016  3.741789927455306E-018
          85  1.965924930670820E-013  9.129567824957912E-016
          95  1.415112197532785E-019  6.532614610912896E-022
           1
          31  6.780104488633084E-026  3.127985989894683E-028
          15
           1  5.982750219753686E-009  2.897569405110295E-011
          13  9.344406640176995E-016  4.357960503316258E-018
          15  7.709332830119670E-011  3.678133451052245E-013
          16  5.466812326976595E-012  2.589885335139535E-014
          22  2.193865434248024E-013  1.040045456944439E-015
          30  2.691789310937958E-004  1.332337164931761E-006
          35  2.058693821392144E-013  9.710262927630745E-016
          40  2.624936299040486E-004  1.295144326254030E-006
          46  1.260275272089824E-020  5.800323364400362E-023
          66  2.882617378860361E-014  1.351741620373493E-016
          71  1.617953723444695E-010  7.704517855369945E-013
          73  1.547906016642595E-021  7.146034248016714E-024
          74  2.573099608218993E-005  1.260843868811996E-007
          76  1.817036126274490E-005  8.956505538872085E-008
          81  3.479578574332702E-007  1.683924724562606E-009
          12
           9  2.733204327032669E-016  1.268411524334986E-018
          15  4.551220288671172E-013  2.127324990746255E-015
          16  1.009208338486884E-010  4.739484348294932E-013
          30  3.913558435786890E-009  1.858918963827589E-011
          40  8.907287389689236E-009  4.222186188128245E-011
          46  2.201551098315288E-008  1.034369422874035E-010
          71  2.631602960783241E-006  1.248870521881388E-008
          73  1.842667537773887E-014  8.562949658954113E-017
          74  2.402856969999916E-006  1.145635482768241E-008
          76  6.443678301617273E-014  3.014320223612802E-016
          80  6.301797649036774E-013  2.932919585220485E-015
          81  1.133544940897951E-005  5.394688702156118E-008
           6
           2  3.419604484068262E-014  1.581044348535745E-016
          12  1.126773510070122E-014  5.203234180428132E-017
          34  7.247014432575055E-018  3.350899340585749E-020
          50  2.125455446037712E-013  9.802908475690571E-016
          54  8.389234513118646E-015  3.878248231085416E-017
          61  1.489736807028098E-022  6.900338011329517E-025
          10
           9  5.972869749968012E-007  2.808784712304360E-009
          15  1.710522710372550E-006  8.081076868117429E-009
          16  7.853821591832130E-006  3.708780698630252E-008
          30  1.165467439506110E-014  5.422352149288187E-017
          33  1.580113517384766E-012  7.343124736600332E-015
          46  2.889698364074742E-010  1.342208771726584E-012
          71  1.283402429183589E-009  5.996737252253979E-012
          74  1.357329586007765E-028  6.276701109343389E-031
          81  2.077676752943026E-007  9.764507875429134E-010
          84  2.461673465597190E-011  1.147422759993070E-013
          15
           1  1.278608205565591E-011  6.073416090377331E-014
           9  7.025889208205743E-028  3.247642997521478E-030
          15  6.475893577688770E-010  3.093267382652495E-012
          16  2.951004170042379E-010  1.404463751736966E-012
          22  2.961267966975410E-021  1.373326365907390E-023
          30  7.952345010895293E-005  3.903394702581989E-007
          35  2.499831089483183E-016  1.164032074164729E-018
          40  6.435849368853608E-005  3.148257287715093E-007
          46  9.628090088895657E-014  4.491005977072914E-016
          66  4.900122181948794E-024  2.260123384302939E-026
          71  1.155918923874254E-008  5.527980905719562E-011
          73  4.375530683882329E-019  2.024824441528374E-021
          74  2.725789732348982E-005  1.327863118566425E-007
          76  1.245985216278983E-006  6.073061327916879E-009
          81  3.203120384297471E-006  1.548272968877280E-008
           5
           9  6.523713479655930E-013  3.016539813163613E-015
          16  4.006940321685716E-021  1.853003481791841E-023
          33  1.729847184559067E-011  8.003877562916910E-014
          46  9.609480100117799E-015  4.421777283225877E-017
          71  1.725578079447278E-023  7.969410248377823E-026
          19
           1  5.111764987947722E-005  2.587070522640667E-007
          13  1.671189542827517E-003  8.511316225243940E-006
          22  1.647131777520039E-005  8.356432275176698E-008
          30  1.268652909549835E-011  6.167610961092679E-014
          35  1.168239740863915E-021  5.410951854333295E-024
          40  7.422564985356599E-011  3.618157593652964E-013
          43  4.975860822785325E-013  2.393886141105567E-015
          63  1.072162016982315E-012  5.162401319050003E-015
          64  1.199018565620836E-006  5.989900596056574E-009
          65  5.587640789771324E-012  2.696304933533200E-014
          66  1.204659835685999E-007  5.990595108370163E-010
          72  5.951033612818861E-021  2.757649369147700E-023
          75  1.659764717514452E-006  8.306872821270540E-009
          76  2.622709377169562E-007  1.314020472907350E-009
          79  7.741225008929956E-011  3.766512013469693E-013
          83  3.633364518139397E-006  1.828094980586651E-008
          85  2.675011592720659E-012  1.291392307223972E-014
          92  4.666423788557851E-009  2.296860522737088E-011
          95  3.289474819398922E-007  1.637292780860875E-009
           1
          56  4.045126279376394E-026  1.866750465347675E-028
           9
           9  3.553199825553961E-008  1.650657764166231E-010
          15  1.819687303797103E-011  8.453188385067778E-014
          16  2.772020191462009E-009  1.288839678591933E-011
          23  9.548767987037159E-017  4.415447015367107E-019
          33  1.979536592230071E-011  9.177358012477009E-014
          46  1.618732177306184E-018  7.453241974336356E-021
          71  9.578040524909167E-031  4.426758714545659E-033
          81  1.003693702624487E-017  4.635952290948235E-020
          84  3.800026378598606E-013  1.760858915236855E-015
           5
           7  1.213815297401476E-018  5.584937948874933E-021
           9  1.804829691185191E-018  8.335699081293816E-021
          23  1.582997578543925E-016  7.308525384973214E-019
          55  2.923688467444930E-020  1.347518763976451E-022
          84  1.421416584504589E-015  6.570657885847943E-018
          12
          10  6.233463994700885E-009  2.902617710863218E-011
          18  5.308986453249267E-013  2.454321101312565E-015
          27  2.103202497096910E-012  9.760258070456599E-015
          28  7.528944561096154E-008  3.502750480915655E-010
          38  2.814541539143029E-013  1.303284711163841E-015
          45  6.452108039242370E-009  2.985307906972758E-011
          56  7.655370713762591E-010  3.541176784938699E-012
          68  7.467545543015382E-016  3.445503378348696E-018
          69  2.959246940107292E-010  1.371915062944115E-012
          70  4.806121766692994E-012  2.220988294594611E-014
          85  9.610836619397367E-016  4.457433290955088E-018
          95  1.348175688722928E-021  6.222046090165161E-024
           5
          61  2.587006353575709E-024  1.197556387946581E-026
          73  9.597097687030727E-009  4.449034418625052E-011
          74  1.657101747059041E-016  7.672662471559498E-019
          80  4.019714493468564E-011  1.857548265899319E-013
          82  2.389224576887489E-011  1.108466708896420E-013
           0
           1
          47  4.039605966206586E-023  1.859448129752517E-025
          15
           1  6.777685577417974E-015  3.175414491189424E-017
          10  4.657921342933669E-009  2.240044226931792E-011
          13  9.171361574569529E-007  4.480878681492098E-009
          19  2.696189304683752E-014  1.261525355801709E-016
          40  6.541946361105417E-019  3.029282284874603E-021
          51  1.035966386304290E-007  5.015979393488387E-010
          64  4.132763534181367E-004  2.034886696786584E-006
          65  1.429186082196784E-021  6.592916136343885E-024
          66  4.739360164230389E-005  2.321987570136729E-007
          75  4.079457198992342E-004  2.009128237553560E-006
          76  1.112678032780068E-009  5.366785948151585E-012
          79  1.977835757981000E-005  9.670579726825929E-008
          83  4.118029876876013E-004  2.032710287473381E-006
          85  2.318667283380296E-005  1.135908662138189E-007
          95  7.176067484770608E-005  3.517835753641657E-007
           3
          61  4.041166346162693E-013  1.867783714568575E-015
          73  1.078243988713506E-010  4.978273614398961E-013
          82  1.587523160653565E-010  7.349113023636644E-013
          12
           4  4.908642226376657E-006  2.340427458693196E-008
           5  6.543694569458375E-009  3.077307182562345E-011
          14  2.446676192153540E-011  1.143590622878988E-013
          32  3.979948117357070E-010  1.878246554993743E-012
          43  7.489864176783206E-013  3.508630708114231E-015
          44  3.578297550742336E-012  1.666527284775927E-014
          57  1.142861753633861E-016  5.291913779345102E-019
          59  4.185948526005625E-010  1.967582095235204E-012
          62  3.010611579825648E-008  1.418857254450731E-010
          63  3.189075365421593E-010  1.503825826761226E-012
          72  9.050764995016408E-008  4.297139039748081E-010
          92  8.287851447440600E-015  3.843313533125468E-017
           2
          14  1.890505536571148E-014  8.722585492152586E-017
          62  1.737957417271415E-027  8.012134933543842E-030
          10
          15  1.037483476127889E-009  4.890266263733437E-012
          16  8.547066311265066E-017  3.954054025547951E-019
          25  6.246084046647222E-005  2.993279584948357E-007
          32  2.961374668773059E-021  1.366581007421826E-023
          35  2.519139869470420E-007  1.200424052074387E-009
          43  1.277633936505687E-022  5.898234525365013E-025
          77  1.434404820729591E-014  6.640366741201947E-017
          84  1.322401532900064E-008  6.242226995682177E-011
          88  4.175631426191159E-011  1.958107109747757E-013
          89  4.464574097224899E-019  2.060612436285958E-021
           7
           9  4.800726830387142E-009  2.221523164629516E-011
          15  1.769824094178616E-014  8.185698306813897E-017
          16  5.457850615015256E-011  2.526176603025052E-013
          23  4.593146903886761E-016  2.119265518692950E-018
          33  9.409434821548266E-012  4.349924019685617E-014
          46  7.950288808511709E-025  3.652523972828719E-027
          84  7.553236973214017E-016  3.489347414517844E-018
           3
          26  9.994060395959077E-019  4.618038827525317E-021
          29  1.673966199012962E-020  7.731824361582479E-023
          90  3.166143542867003E-017  1.459474509386898E-019
           0
           6
           9  3.805072958060616E-011  1.759388574702126E-013
          16  3.002130082701087E-014  1.388117721819933E-016
          33  8.817152273922197E-011  4.078969303580942E-013
          46  1.416657277625482E-010  6.520990187083312E-013
          71  1.239081675150268E-012  5.722635036206816E-015
          81  6.619811236804997E-014  3.055041230024457E-016
          12
           9  2.679586940928582E-017  1.243155640084430E-019
          15  6.756658449801086E-011  3.190281523867314E-013
          16  6.058906241166411E-010  2.866877450583294E-012
          30  1.062900987708199E-006  5.127185745983193E-009
          40  1.359609758859806E-006  6.541910526102168E-009
          46  9.783624315367754E-010  4.603373120010736E-012
          71  7.220831617474273E-007  3.445129802055020E-009
          73  4.899909036800462E-015  2.279298617084805E-017
          74  1.505405958646297E-005  7.248897137479369E-008
          76  1.591994003370027E-009  7.595421364411347E-012
          80  3.127499257248323E-017  1.448427173827117E-019
          81  1.489198530232394E-005  7.141542438658770E-008
           1
          23  3.306795042530542E-026  1.527516623992036E-028
           4
          29  1.294039176552150E-016  5.984974039512378E-019
          47  9.179121395617540E-021  4.231693197792582E-023
          77  1.329372033890650E-026  6.135402193725977E-029
          90  9.656365712744083E-023  4.457173974263151E-025
           5
           4  2.958924144297467E-017  1.369555952328495E-019
           5  5.215551204662985E-011  2.406118433404238E-013
          14  4.101727878051314E-010  1.894371549554583E-012
          36  9.723911595100556E-024  4.482706407766437E-026
          62  4.763403148919587E-010  2.199323321772504E-012
           6
           9  1.056263625074594E-014  4.883484072586951E-017
          16  7.192276761736144E-027  3.326357553985226E-029
          33  4.087173921149465E-012  1.891280958419403E-014
          46  8.236960126987383E-012  3.792132977582808E-014
          71  4.555354693204515E-015  2.104548342182123E-017
          81  1.525941763093726E-019  7.042843408147924E-022
           1
          90  8.224723387410411E-028  3.782257912195112E-030
           8
          11  1.199232155327120E-017  5.534804392940581E-020
          17  6.265979274145066E-012  2.903035070047140E-014
          24  1.683585098816432E-020  7.768452168676613E-023
          31  6.586738079165220E-021  3.045978661962851E-023
          41  8.462886219029857E-020  3.908742348257741E-022
          52  1.577191658274727E-015  7.301443125367195E-018
          53  1.113701514051676E-009  5.141017205939573E-012
          58  1.579212380683268E-011  7.334147450360151E-014
          16
           1  4.082604017733320E-004  2.072313490816796E-006
          13  2.675486554645626E-005  1.349206689151511E-007
          22  2.336282447754234E-005  1.183250984567414E-007
          30  1.203251036652542E-004  6.084185270967515E-007
          35  4.739905518673094E-009  2.332796341991446E-011
          40  8.986371265958939E-005  4.523494982681159E-007
          43  1.651635713991535E-014  7.853671087843071E-017
          64  4.922852601259239E-010  2.401748664399625E-012
          66  4.709201678159488E-008  2.327724448195934E-010
          74  1.304981104362196E-009  6.382228353507870E-012
          75  1.381826064225975E-012  6.636532573564906E-015
          76  2.945470260044723E-004  1.491470928442381E-006
          79  3.773995976196273E-012  1.814565468905375E-014
          81  4.160264778270414E-030  1.916005757291776E-032
          83  4.179398204338200E-009  2.059389606042600E-011
          95  7.261003005254723E-024  3.347497010974527E-026
           2
          61  3.475472594050926E-028  1.607670990534090E-030
          82  2.001950452358779E-028  9.265783154122444E-031
          11
          15  2.601179792564976E-016  1.206975515915226E-018
          16  2.716876802466317E-013  1.266711055420762E-015
          30  2.876131891118360E-008  1.370963738679908E-010
          40  2.336091834151659E-007  1.113994939247003E-009
          46  9.087986864635728E-010  4.253785740325978E-012
          71  6.970038587960848E-007  3.304848859839322E-009
          73  3.698596748804038E-011  1.730821456913435E-013
          74  2.018791185480061E-005  9.660724076308695E-008
          76  1.457707219574960E-010  6.891233777735760E-013
          80  1.510187706678123E-012  7.029651177600804E-015
          81  4.006596353563940E-006  1.904783299627545E-008
          10
          30  3.604049500583642E-010  1.704356776257287E-012
          40  6.104611166471294E-008  2.899188278586500E-010
          46  6.063516064781451E-012  2.817715837471864E-014
          71  5.044981829152808E-008  2.380499731995782E-010
          73  1.753287627197758E-008  8.258057118989870E-011
          74  2.308524627592053E-005  1.102119948799304E-007
          76  7.837418938989532E-011  3.697473079662071E-013
          80  6.471835200569102E-011  3.022453410389594E-013
          81  1.145879844018147E-007  5.414104882351753E-010
          82  1.839172452509383E-014  8.558899387784700E-017
          16
           2  5.047403606935425E-028  2.335351649036526E-030
           3  2.972048935142052E-021  1.376297036452896E-023
          10  1.337985076226310E-012  6.228610029788707E-015
          19  2.609341854284842E-008  1.218954955756333E-010
          28  1.532558316668914E-022  7.103714611487623E-025
          39  5.920082746599654E-010  2.755618909076394E-012
          49  4.383638193831779E-009  2.040004792154951E-011
          51  1.730443024791995E-006  8.146605329019928E-009
          56  2.787914130980360E-014  1.289491305488305E-016
          64  2.475451929803422E-012  1.151893505531736E-014
          66  3.506891785954321E-017  1.621982243838901E-019
          75  5.080617509652432E-012  2.367998490939292E-014
          79  9.634958410993076E-012  4.486723052441666E-014
          83  1.071684850437082E-013  4.992056844336268E-016
          85  2.880686886237345E-008  1.354475299875236E-010
          95  2.023768685356311E-013  9.398249773588188E-016
           7
           6  1.598838460423624E-022  7.360989255008535E-025
          18  3.781840787960864E-011  1.740275692200487E-013
          27  1.961862546408111E-016  9.056617689619737E-019
          38  2.708683565846278E-016  1.248224957607047E-018
          68  5.352541592172182E-011  2.460201418044647E-013
          69  1.258112390461280E-016  5.786336396921094E-019
          70  1.186896835709655E-011  5.455653240699555E-014
           9
          11  5.080646226802740E-005  2.438315416146276E-007
          31  6.949475215124788E-018  3.214544414344853E-020
          53  4.372913137990579E-011  2.048077594322887E-013
          58  7.033850500160440E-012  3.306518280066769E-014
          63  3.994840639316250E-006  1.923443454607350E-008
          65  1.443003568352821E-005  6.937153938285441E-008
          69  9.246064783980382E-014  4.308230356384566E-016
          70  4.371382653004026E-024  2.015216344343478E-026
          92  1.004701754732882E-005  4.827140195804977E-008
           1
          80  2.809691799441933E-013  1.295316083060667E-015
           5
           2  1.486384009634687E-017  6.873488654668927E-020
           3  6.922513600270567E-015  3.203921614171638E-017
          19  1.224020097728608E-018  5.656714494731495E-021
          39  2.135527729081350E-015  9.871798396716944E-018
          49  6.144634491633565E-015  2.834949901373082E-017
          12
          10  1.746077422198381E-012  8.130290000405160E-015
          11  9.955172196393364E-007  4.687502674206179E-009
          18  4.145942783776389E-009  1.939124986876978E-011
          28  1.713834301280527E-024  7.919600302511913E-027
          53  1.634090982806338E-012  7.564266479162951E-015
          63  5.127016532517454E-021  2.367723917319869E-023
          65  3.273851218157555E-006  1.547713964353425E-008
          68  6.968405621689526E-011  3.241559218624560E-013
          69  7.945518205252699E-007  3.741305114830435E-009
          70  7.620934598188418E-008  3.573005041916774E-010
          92  4.112154083469567E-014  1.901940219746764E-016
          95  1.405166767233927E-016  6.490385133763482E-019
           0
           0
           2
          31  5.167673938679568E-017  2.390845832819505E-019
          60  3.040400463389339E-025  1.404051839255601E-027
           3
          26  5.804751284752100E-027  2.684669343293864E-029
          29  3.241901244377218E-020  1.498742346803760E-022
          90  2.464156638271097E-019  1.136914216823485E-021
           3
           5  1.755596367064531E-015  8.073100132522353E-018
          31  4.897972885349102E-014  2.255706884034638E-016
          62  1.573226186958721E-019  7.237418151681179E-022
          16
           1  5.687212235028561E-007  2.821778442175756E-009
          10  1.597015168968984E-021  7.406302548430222E-024
          13  1.458671587889456E-004  7.314491116821685E-007
          22  3.301186603443312E-009  1.624627225327135E-011
          30  1.935015346024590E-010  9.406818164015131E-013
          40  7.752778263557940E-008  3.817607988075014E-010
          51  1.768677487282432E-014  8.372124894542919E-017
          64  1.553690530471748E-004  7.771671077290078E-007
          66  1.700583042333809E-004  8.490046165953009E-007
          74  1.994661941663207E-017  9.324052246338899E-020
          75  4.048036534316846E-005  2.019369261014205E-007
          76  2.528927452119043E-005  1.264676956158149E-007
          79  9.493801600375003E-006  4.710875171365568E-008
          83  2.697779204836479E-004  1.352659655937734E-006
          85  9.866651258105221E-009  4.829974656975303E-011
          95  1.012942591830354E-006  5.004038686436254E-009
          18
           1  3.875788599582699E-004  1.979363128005169E-006
          13  9.433741997450855E-005  4.804365897525456E-007
          22  1.144982461637984E-003  5.888185117949631E-006
          30  8.106948044234464E-011  3.982296000093503E-013
          32  3.134613749333400E-009  1.550823733053897E-011
          35  2.234112624391793E-008  1.113012679852028E-010
          40  7.163311006413697E-014  3.435299322016487E-016
          43  9.236146954584470E-006  4.682035948352201E-008
          63  7.044692750763451E-009  3.494730770383884E-011
          64  2.181616532800125E-016  1.028917074633865E-018
          65  2.140904143301464E-019  9.973706322424794E-022
          66  1.166451694901390E-019  5.427644383052386E-022
          72  1.916575544440465E-007  9.583124849244521E-010
          75  7.822871742004404E-016  3.704896095800207E-018
          76  2.887941980160311E-010  1.423534058857188E-012
          83  5.353734748071628E-014  2.568503312714902E-016
          92  1.637014214996953E-007  8.171544368352243E-010
          95  2.549407418766627E-018  1.192790916680412E-020
          14
           1  3.430980768183825E-009  1.659745320965302E-011
          15  1.939561054055777E-006  9.449650614169165E-009
          16  1.582265957310227E-009  7.586387960901850E-012
          22  2.521490332316318E-009  1.224208672938813E-011
          25  5.012619627559599E-006  2.450238474272698E-008
          30  1.851490251416918E-007  9.043804438302366E-010
          32  5.569813251799318E-016  2.601772997361721E-018
          35  1.695717067905526E-004  8.364358712882323E-007
          40  2.092548632518179E-013  9.871197054635779E-016
          43  1.787351550861738E-011  8.534576360954708E-014
          76  2.726501859082372E-021  1.263112116907437E-023
          81  2.837258901094287E-018  1.314463614304125E-020
          84  8.987096256870379E-011  4.280794690129210E-013
          88  1.328887602356402E-026  6.146715062478578E-029
          18
           1  1.783322140594325E-008  8.757622410752530E-011
           4  3.021184709388608E-012  1.444514815976550E-014
          13  3.180955280796988E-016  1.489692414497579E-018
          22  4.462074561777076E-006  2.228256962803082E-008
          25  7.370868618370206E-015  3.480847799307100E-017
          32  3.350770598819895E-004  1.671183703006308E-006
          35  1.267228639863250E-006  6.263618724327229E-009
          43  8.751410654016600E-004  4.388468364738958E-006
          44  1.625575659178569E-011  7.758863371994651E-014
          57  1.209706681157681E-015  5.673794612507069E-018
          59  9.424866421938326E-007  4.626879650325930E-009
          63  1.839143252344251E-011  8.837202587067014E-014
          72  1.953124659611286E-004  9.735838647197108E-007
          77  1.991069713508664E-016  9.305219802025110E-019
          78  5.061484835651810E-023  2.340203430970659E-025
          88  1.453364150108160E-009  7.043801886757630E-012
          89  1.177274674490994E-011  5.633080844351811E-014
          92  2.293720863209650E-012  1.092181353899378E-014
           6
          17  3.286533026844983E-016  1.517123971449371E-018
          24  2.718035750855635E-020  1.250075288646262E-022
          41  7.714530060876527E-020  3.551504295805885E-022
          52  1.150631009857030E-016  5.309362156554895E-019
          53  1.442416665428256E-013  6.629028453650244E-016
          58  4.257262278512030E-020  1.969412165236835E-022
          12
           9  1.094904948266473E-010  5.108076557242677E-013
          15  8.238070649853577E-010  3.863926064985747E-012
          16  3.528804974198322E-008  1.659984687253022E-010
          30  4.577903536330858E-010  2.155335662128490E-012
          33  1.595102009021423E-019  7.365624809420147E-022
          40  4.863464429490680E-011  2.275526173298523E-013
          46  1.213483650823327E-007  5.680220871965795E-010
          71  3.103412459140126E-006  1.464230867375555E-008
          74  3.371065154330281E-008  1.589367334976584E-010
          76  3.493075168748004E-025  1.613847127829685E-027
          80  1.707789424770661E-017  7.868465954068362E-020
          81  1.907718758326266E-005  9.026009196111223E-008
           3
           7  5.662679564506770E-028  2.610162964249312E-030
          55  1.234468646080280E-016  5.699818674888978E-019
          84  1.954575765791847E-018  9.050085020260206E-021
          13
           1  1.546531599560439E-006  7.640031861893455E-009
          13  2.544140613457506E-011  1.219539181994730E-013
          15  1.792106860443867E-009  8.671443184557803E-012
          16  1.301894483025809E-011  6.209393371436502E-014
          22  8.837480752967734E-009  4.331629257640324E-011
          30  8.457864166132810E-004  4.226163971064703E-006
          35  1.110133821348029E-008  5.408884951477312E-011
          40  2.158825076106841E-004  1.072795408026799E-006
          66  7.976124024732998E-015  3.742255415458394E-017
          71  2.682287765463154E-014  1.260566467118204E-016
          74  1.142995220963068E-006  5.602941553343226E-009
          76  2.527551905030762E-005  1.255539977663039E-007
          81  1.916679116289287E-008  9.288058307337292E-011
          15
           2  2.162667234750543E-021  9.987106424199945E-024
           3  2.781589212048924E-018  1.285684315433308E-020
          10  1.889938698100229E-014  8.762422652156268E-017
          19  3.733378876866006E-008  1.739031259017676E-010
          39  1.250028398015151E-009  5.806530997659200E-012
          49  8.381773985246813E-009  3.892107202835115E-011
          51  9.524315569654203E-007  4.468553339436156E-009
          56  1.195653774016805E-015  5.514854849871811E-018
          64  1.736635600055579E-013  8.048067860744634E-016
          66  4.795144941679762E-019  2.212087980923388E-021
          75  2.257943185911348E-013  1.047617313013250E-015
          79  2.947954942874392E-012  1.368186989563428E-014
          83  3.350029682850393E-015  1.554651760534514E-017
          85  5.788610221816229E-009  2.709978552468899E-011
          95  1.558938952140560E-015  7.207640051965620E-018
           7
          47  5.602231503247410E-011  2.576055280816869E-013
          77  8.474911772938234E-013  3.902691939079086E-015
          78  6.424497016010825E-019  2.956160385318686E-021
          88  8.082159901473966E-018  3.731338312543801E-020
          89  1.767507036241998E-017  8.150336895900365E-020
          91  2.543081805911082E-016  1.175676506157501E-018
          93  2.208378674705127E-023  1.016995558470058E-025
          16
          12  1.760271410198225E-012  8.264454097261770E-015
          13  1.455783643941177E-010  6.933928053316015E-013
          19  9.584766848577394E-010  4.553302192568038E-012
          40  1.313460551619673E-011  6.222010141001265E-014
          49  1.878657718665091E-016  8.713915879855153E-019
          51  1.267016161048083E-008  6.075460946973430E-011
          64  4.567136533821439E-005  2.223295647487520E-007
          66  1.819457772905983E-004  8.875189654807690E-007
          74  7.277756983255052E-019  3.377687231568735E-021
          75  2.793018129810402E-006  1.353926225939958E-008
          76  6.841138384431364E-008  3.308216257634629E-010
          79  2.230741215597375E-004  1.086811677429395E-006
          82  3.227961389214263E-024  1.496666663723392E-026
          83  4.100601270478286E-005  2.002678249196947E-007
          85  3.608316583804158E-008  1.735540580425384E-010
          95  5.173497820806340E-009  2.477939306439818E-011
          16
           1  2.857312897466257E-020  1.319088754956794E-022
          10  3.276508958689238E-007  1.584986667044681E-009
          13  2.662660329853344E-007  1.293849775877359E-009
          19  2.765406303103908E-017  1.281823657058505E-019
          28  3.152567638100304E-021  1.458503223545383E-023
          51  1.285031562448399E-007  6.207678920431649E-010
          64  1.427366874217349E-004  6.991832755822613E-007
          65  2.337732588393095E-013  1.097968022854297E-015
          66  2.932836682833453E-006  1.425906324374468E-008
          69  1.270116516970128E-014  5.932773064087177E-017
          75  3.826810847622825E-004  1.878144196165763E-006
          76  2.027831270760540E-013  9.570513366700087E-016
          79  1.221563423682571E-006  5.927868960152366E-009
          83  1.307270285830735E-004  6.423452282026541E-007
          85  6.154203307558592E-005  3.009146387025046E-007
          95  2.343535746296800E-004  1.147230470960777E-006
          12
          11  1.368151021898190E-006  6.401816504271084E-009
          17  2.259013639226035E-014  1.044506566886128E-016
          18  2.776215961627978E-018  1.279364931894397E-020
          31  2.238160208838275E-017  1.031897599407432E-019
          53  7.276278124247323E-008  3.382459511392635E-010
          58  5.502259507701221E-010  2.565133413345742E-012
          63  2.782686839925561E-015  1.286979746802825E-017
          65  1.054604768367250E-008  4.923484367064336E-011
          68  5.103255496555468E-026  2.349098674928554E-028
          69  1.450842024730988E-014  6.697055172231901E-017
          70  9.864367660701204E-015  4.546873173374937E-017
          92  3.044331052041021E-014  1.404169523845199E-016
          16
           1  1.001488277526409E-006  4.967501718390622E-009
          13  9.252505888597033E-017  4.324909888847034E-019
          15  1.893018026437487E-012  9.037988642260261E-015
          22  7.772985237070653E-006  3.888022674328699E-008
          25  5.298477232034790E-007  2.608998325014591E-009
          30  1.743788718714352E-009  8.516653139811237E-012
          32  6.137434555964098E-007  3.027250896845002E-009
          35  7.375087912606627E-004  3.694243261882806E-006
          40  5.838089559278457E-020  2.709706700253123E-022
          43  1.324711624154982E-005  6.593349625001476E-008
          59  3.457321348063815E-012  1.649742812186699E-014
          72  5.646482162474903E-009  2.754856398435927E-011
          76  3.105240106423433E-027  1.439192365156464E-029
          77  1.535831078218073E-022  7.099381762408105E-025
          88  4.207680027173452E-011  2.023710567812363E-013
          89  4.650447403673820E-018  2.168077396223827E-020
           3
          28  4.570797011995409E-019  2.114548327236231E-021
          45  3.038277577703779E-018  1.399912514732380E-020
          56  4.494685274853992E-013  2.072080836933263E-015
          13
           1  7.728293215847597E-009  3.788551566192809E-011
           4  3.233386410530901E-017  1.512724375183876E-019
          11  7.849702915995634E-013  3.725201450626769E-015
          13  1.362409147602915E-008  6.683461964099710E-011
          22  1.572195151399146E-006  7.841987894538892E-009
          32  6.111486123544778E-008  3.001983085541230E-010
          35  5.423020028881408E-019  2.518263932645886E-021
          43  6.183069819040090E-006  3.075264753178280E-008
          59  7.474617973184478E-017  3.489143230310094E-019
          63  1.115279332545679E-004  5.564399859371110E-007
          65  4.217021903390689E-011  2.025945149835345E-013
          72  2.314645772876215E-005  1.150734857925594E-007
          92  1.394886480395398E-004  6.940116165303160E-007
          11
           9  2.898911944636449E-009  1.361092582775681E-011
          15  8.962293552675126E-008  4.241583978354134E-010
          16  7.292110805271575E-007  3.455409821446336E-009
          30  7.605035590563911E-009  3.605736961392216E-011
          33  3.494383361343165E-018  1.615495952921877E-020
          40  1.566858069035925E-010  7.362532036938690E-013
          46  3.475047855151720E-008  1.629562911493510E-010
          71  1.114536113779852E-006  5.270760096117093E-009
          74  9.083298598009764E-009  4.289537684527434E-011
          76  1.579578768822521E-021  7.305122843252447E-024
          81  2.295333578311973E-005  1.090004869865200E-007
          14
           9  4.285665146490532E-008  2.016848747959488E-010
          15  6.480580954596228E-006  3.083472695964023E-008
          16  1.035284861672825E-005  4.914104804955849E-008
          25  4.264077973845849E-027  1.964222625784784E-029
          30  2.747067245614832E-008  1.304379244763893E-010
          33  1.217788836595585E-018  5.607716505996426E-021
          35  8.227472117446364E-017  3.792047184990337E-019
          40  2.515157183263929E-011  1.176074927222948E-013
          46  5.565882695662884E-010  2.592323983251522E-012
          71  3.169702776137983E-008  1.490860160057465E-010
          74  4.031004512580616E-011  1.885950429622017E-013
          76  2.303857487644375E-028  1.060813371423489E-030
          81  5.904530799019637E-006  2.798442347619496E-008
          84  1.904748292373290E-013  8.833139598150488E-016
          10
           4  6.337562580785529E-007  2.995278423191731E-009
           5  8.207294222652396E-008  3.848690821057674E-010
          14  8.531807392587824E-010  3.985390509435960E-012
          32  2.334145170894310E-016  1.082560074728452E-018
          44  6.399771004997658E-018  2.952827831486444E-020
          59  6.067515223140453E-015  2.812259242919795E-017
          62  2.472769418580993E-007  1.161101315280993E-009
          63  1.602505152458086E-012  7.478736960041733E-015
          72  5.880698119537764E-011  2.750672230248060E-013
          92  5.733319923226764E-023  2.642295535891121E-025
           1
          96  6.358798228575003E-028  2.924044704167099E-030
          10
          44  3.160764509086506E-011  1.457041113528221E-013
          47  8.062370600746242E-011  3.713464398303211E-013
          57  5.186886316242850E-010  2.396959731431830E-012
          59  4.447079193592737E-015  2.051279226067216E-017
          77  2.229713800976999E-009  1.030184383817175E-011
          78  8.373507314748180E-009  3.869566599178197E-011
          88  5.351229523828514E-011  2.479025155256118E-013
          89  1.748614181146841E-009  8.096989907005332E-012
          91  1.913961913327224E-011  8.862899340813580E-014
          93  3.668529557927968E-012  1.691918531613682E-014
           0
          11
          44  3.777179035734903E-012  1.741967118400786E-014
          47  7.572326625884453E-030  3.488641497517632E-032
          57  6.274463457272099E-011  2.900109021687258E-013
          59  1.541923445527487E-021  7.117422269334987E-024
          67  1.137878001425925E-014  5.247019521572059E-017
          77  8.058258884775041E-018  3.716839874780212E-020
          78  4.759384916812773E-011  2.197379710461781E-013
          88  1.206057767970496E-028  5.580053384696629E-031
          89  1.321078163819136E-014  6.108020792832906E-017
          91  4.878037244696192E-016  2.260328580015180E-018
          93  7.999833533279945E-015  3.692681422456114E-017
           1
          17  8.580686445090758E-030  3.974531576452828E-032
