         129
  0.199767778645859     
  0.200340863152728     
  0.199403842983769     
  0.199214760116621     
  0.200144243399068     
  0.200372001691919     
  0.199157242175143     
  0.198889674331445     
  0.200503575800836     
  0.199045809653675     
  0.198980590465922     
  0.199614738039193     
  0.199608426461559     
  0.200028032148107     
  0.198815861221773     
  0.198900289836914     
  0.200747318152891     
  0.199637926791633     
  0.199557407693673     
  0.200176854584341     
  0.198901304903376     
  0.199845358186906     
  0.199583408065879     
  0.200866167986308     
  0.200315812983980     
  0.199956827248789     
  0.199635368033706     
  0.199132868526142     
  0.200083835157144     
  0.200588446144943     
  0.199461644736204     
  0.200067264959999     
  0.199097254343631     
  0.199875080224035     
  0.200811572127821     
  0.199644097787777     
  0.200348209342505     
  0.198926861017343     
  0.199021138441110     
  0.199778206449103     
  0.198099543627776     
  0.200509734003180     
  0.199539946635672     
  0.198934069533828     
  0.198897251609594     
  0.200421134414842     
  0.200851541861565     
  0.199189909438036     
  0.199800886937014     
  0.199848387308528     
  0.199638280287613     
  0.200917940088681     
  0.200188681860950     
  0.198631734375278     
  0.199260048926497     
  0.199395174851943     
  0.199700845574900     
  0.199205061179966     
  0.199333160354745     
  0.199943480078068     
  0.199595000042831     
  0.199192575136810     
  0.199293579417338     
  0.198909140631195     
  0.199275419817578     
  0.200172898728811     
  0.199622949398014     
  0.199390351725128     
  0.198530979587587     
  0.199472760990809     
  0.200416524240685     
  0.198845046722354     
  0.199264432958868     
  0.199802765669863     
  0.199952215402154     
  0.200011128463129     
  0.199267716998338     
  0.200356559871418     
  0.200946560131147     
  0.198659385944682     
  0.200518206555188     
  0.199543312993633     
  0.199492473351682     
  0.198571942994862     
  0.199261385528200     
  0.199308646396536     
  0.200232673672225     
  0.199437124874745     
  0.199337985551747     
  0.199297861020493     
  0.200263669297865     
  0.200190295849659     
  0.199545681014848     
  0.198787828217093     
  0.199273102764560     
  0.199861222158202     
  0.198474566945859     
  0.201182859662812     
  0.199283764391961     
  0.199335792384980     
  0.200442821190199     
  0.199630750509351     
  0.199081854785293     
  0.198847503465909     
  0.199782033711022     
  0.199676196736648     
  0.199276897983430     
  0.198415218455171     
  0.200153687925003     
  0.199632022241984     
  0.200477307088727     
  0.199169807105674     
  0.199668384877518     
  0.199590794117567     
  0.199833318733402     
  0.198092082112871     
  0.199933344136989     
  0.199642622039840     
  0.199743198115478     
  0.199264259790131     
  0.199086065038549     
  0.199407492019369     
  0.199768347549236     
  0.198558450101864     
  0.199417615585006     
  0.199581281081783     
  0.198499887970067     
  0.200388050853667     
  0.199791129922192     
