         100
  0.200026324355178     
  0.199470745466177     
  0.199610692974172     
  0.199423278789477     
  0.198749502236961     
  0.199081364646177     
  0.199746581972286     
  0.200215671942631     
  0.199560588089938     
  0.199038950729815     
  0.199698855706970     
  0.199902565682472     
  0.199629644840382     
  0.199674884087246     
  0.199411069885850     
  0.199445155128562     
  0.199866288286911     
  0.199763032549865     
  0.199581061564419     
  0.199075382553334     
  0.200400106203021     
  0.199882335070958     
  0.199543043748887     
  0.199400777804774     
  0.199145285405388     
  0.201037590869281     
  0.200516607033137     
  0.199765332940648     
  0.199368119975780     
  0.199165265177385     
  0.199568088895886     
  0.199707111526460     
  0.199723399513950     
  0.199429795202613     
  0.198841994971457     
  0.200919439382457     
  0.198843276674544     
  0.200500452271128     
  0.199418495658150     
  0.199565885869775     
  0.199054036737572     
  0.199780799566999     
  0.200586499088868     
  0.199446362681166     
  0.199667769250614     
  0.199067386204785     
  0.199840383448370     
  0.199256695509976     
  0.199432777356871     
  0.200402948782321     
  0.199044952146570     
  0.200038882398804     
  0.200144396037976     
  0.198775803050442     
  0.200136531463429     
  0.199351027424345     
  0.198089777448028     
  0.199938271674694     
  0.199057888803883     
  0.200286112319600     
  0.199191230168297     
  0.198731580908750     
  0.199982728230201     
  0.199145170203849     
  0.198047171202345     
  0.199656753538143     
  0.199420571556733     
  0.199859020920228     
  0.200226192293747     
  0.199905187003952     
  0.199266348363564     
  0.198905610161300     
  0.198971295181523     
  0.200595396183111     
  0.198863125457923     
  0.199385570360174     
  0.198524580391977     
  0.199462989772941     
  0.199832659149800     
  0.199138916000984     
  0.199279712067998     
  0.200380764527246     
  0.199692114051630     
  0.199211654741254     
  0.199919915634461     
  0.199839640593503     
  0.198953486510010     
  0.198499035000277     
  0.199996130168786     
  0.198188576001684     
  0.200763290608712     
  0.198152751842288     
  0.200466921303134     
  0.200044409359340     
  0.200218804126774     
  0.198440445533010     
  0.199049429167051     
  0.199667367058933     
  0.200580789467315     
  0.200519242590735     
