         134
  0.200153587066136     
  0.197265475444118     
  8.746704874266067E-002
  0.198062991851596     
  0.199412345714889     
  0.200598530072312     
  0.200253554908367     
  0.199839621198335     
  0.199958736614632     
  4.585227352338852E-002
  0.199337275058082     
  0.197068951814416     
  0.199932172929572     
  0.112216415909709     
  0.186646776144455     
  0.199183346537317     
  0.198829831394099     
  0.199023550929139     
  0.191493496926243     
  0.200336988621123     
  0.200454181045370     
  0.199550373303096     
  0.199000495335754     
  0.199085014631368     
  0.199819607140583     
  7.570051465316902E-002
  0.194603860821081     
  0.201311185128850     
  0.199593196111099     
  0.112952111927658     
  0.199606491235717     
  0.117636191974017     
  0.200406457705574     
  0.199999111043283     
  3.347043925804269E-002
  0.199111224713033     
  0.161578789926482     
  0.110604609362178     
  0.173071630700815     
  0.199705715457195     
  0.198885421646125     
  0.199396210059805     
  0.199806839456491     
  0.199427835433696     
  8.557139343301530E-003
  0.199493164935507     
  0.199668155409332     
  0.199319750044350     
  0.199857388804667     
  0.140397897929969     
  0.199113016497252     
  0.198960996581720     
  0.199393921934920     
  0.200627553129986     
  0.183057420940589     
  0.200353011971541     
  0.192619527743987     
  6.242888334156225E-002
  0.199687496411332     
  0.199750212563184     
  0.199034663930546     
  0.199063032529616     
  0.199490657061302     
  0.199774134239817     
  0.198929320877275     
  0.167915011916805     
  0.198876865664987     
  0.117504215002141     
  0.195157412523950     
  0.199759755296499     
  0.198811533395708     
  0.191456239082988     
  0.198660881297299     
  0.199028688007773     
  0.199665702521755     
  0.199003913155317     
  0.199410701074380     
  0.169988883813105     
  0.200359317727291     
  0.198912140980339     
  0.198966640684644     
  0.172484818241506     
  0.193778741426468     
  0.199533201901312     
  0.199979400730033     
  0.199272800998766     
  0.200014006071922     
  0.199290922740239     
  0.199258004661563     
  0.198056625658202     
  0.198612643921201     
  0.199054623742159     
  0.198800376487960     
  5.739342723317303E-002
  0.200329282137912     
  0.199432809402591     
  0.199820028055780     
  0.200122781448074     
  0.199736252372133     
  0.199917170060554     
  0.199441282756445     
  0.199611158626386     
  0.160371358135344     
  0.199442131703143     
  0.200339530719963     
  0.200326657277812     
  0.199233952431698     
  0.200143897080496     
  0.200727274294658     
  6.211718679558864E-002
  0.130363578791930     
  0.128034398851519     
  0.198664400088506     
  0.198901359584334     
  0.200066450372608     
  0.198332866381165     
  0.199341214648647     
  0.198878385485050     
  0.199766796788180     
  2.262932237009908E-002
  0.201559357687641     
  0.200604801488621     
  2.592145299460696E-002
  0.100685678114489     
  8.330753790161269E-002
  0.198912113172209     
  0.199353115433518     
  0.198032533947713     
  0.199422181707488     
  0.198622447826313     
  0.199845686545861     
  0.198172673909410     
  0.200599940386860     
  0.198614280572920     
