         126
  0.200701342863065     
  0.198729789976831     
  0.198521960651134     
  0.198614409430618     
  0.184456619527707     
  0.183497602315035     
  0.198292221571564     
  0.198499961135907     
  0.199434143050286     
  0.198700898870492     
  0.145254694708982     
  0.197319765629458     
  0.199775311351171     
  0.199319042162621     
  0.197765738211443     
  0.200217035171614     
  0.199969346669151     
  0.199315183419677     
  0.200395849909267     
  0.199298297428160     
  0.183549492138780     
  0.176005602361860     
  0.200644500489185     
  0.199106450541696     
  0.198520582615059     
  0.191346848033250     
  0.199697674530611     
  0.199315154182486     
  0.199743891918401     
  0.200074791648258     
  0.191392880406935     
  0.198503537272406     
  0.199875977820913     
  0.112840957215492     
  0.189601846860931     
  0.199484302172487     
  0.199949307564713     
  0.198984291201745     
  0.199546774471962     
  0.199490514112468     
  0.109617618253281     
  0.200701233576961     
  0.199193782084020     
  0.198768593754948     
  0.195073741419286     
  0.199165459204017     
  0.187473576971495     
  0.199436355653324     
  0.183950890284903     
  0.180319341172977     
  0.199456823631378     
  0.198684180606870     
  0.199062179809142     
  0.192310410559729     
  0.199382571708324     
  0.201218708388682     
  0.199926550605215     
  0.198768928565695     
  0.198051577009924     
  0.189674071980228     
  0.199479133922519     
  0.197806063838911     
  0.199136798283181     
  9.657764295002719E-002
  0.199375010305536     
  0.198766888810593     
  0.199511750695194     
  0.199390504089480     
  0.199617689242916     
  0.200497881544052     
  0.199111500204120     
  0.200337506627876     
  0.198728538816645     
  0.187567237873859     
  0.199987259858952     
  0.199028520051225     
  0.199947037770418     
  0.199366990929198     
  0.183322829422381     
  0.198164098305111     
  0.199060318322472     
  0.200408490065818     
  0.198765886821158     
  0.196525392628630     
  0.199527939620432     
  0.199931634754311     
  0.146153244206931     
  0.198891770435525     
  0.199024948458739     
  0.200407206716621     
  0.142449862886893     
  0.192117382354212     
  0.198780057919425     
  0.199351028501171     
  0.199570757771125     
  0.199984284878752     
  0.199816923309224     
  0.199526890979748     
  0.195631243568656     
  0.199516241049170     
  0.199651334391799     
  0.198458710441267     
  0.199432890378288     
  0.198977169278441     
  0.198857112389617     
  0.199940758925855     
  0.200195490159510     
  0.199575647064372     
  0.199776437776701     
  0.199355773077843     
  0.200578942695875     
  0.200743801125690     
  0.198743096287708     
  0.199667568530730     
  0.198773181718889     
  0.199882743341606     
  0.197743899446581     
  0.199226657215115     
  0.187171315755885     
  0.200088117210253     
  0.199741353059235     
  0.199812010370916     
  0.198517339768812     
  0.199620742970862     
  0.199074458597598     
  0.198214974855363     
