         130
  0.200314817535715     
  0.201018282284290     
  0.198581858775401     
  0.200463899017939     
  0.199072574848579     
  0.199774253510660     
  0.199498030321131     
  0.198963065439241     
  0.199878401335498     
  0.199780309611359     
  0.199954436833449     
  0.200979128000019     
  0.198528545431965     
  0.199185869597307     
  0.200299504259833     
  0.199075381176295     
  0.198978620287108     
  0.199618199748894     
  0.200115188893156     
  0.198858629971525     
  0.199140811885243     
  0.199270154883550     
  0.199838249958888     
  0.198812446485088     
  0.198931228193182     
  0.198700045882948     
  0.199970635302216     
  0.200333403019735     
  0.200176440787014     
  0.199596685589824     
  0.198981640847396     
  0.199686979157992     
  0.198636628513556     
  0.199747228704132     
  0.199417637329110     
  0.198907120029583     
  0.198815127428176     
  0.199281683560131     
  0.198372687191927     
  0.199856958650540     
  0.199838396226144     
  0.198284747777398     
  0.200220555384982     
  0.198725083481365     
  0.199682069902687     
  0.198231124722909     
  0.199420518691521     
  0.199475455104255     
  0.201198209236726     
  0.199849735666428     
  0.200226865635660     
  0.198172355638496     
  0.200540958782888     
  0.199795556380357     
  0.198647787158396     
  0.199586432005751     
  0.200407827838217     
  0.200599989587275     
  0.197873133573838     
  0.200364300176137     
  0.199226843382014     
  0.200861162680620     
  0.200296937433037     
  0.199546933891391     
  0.199033327972808     
  0.200429323819581     
  0.199803809131747     
  0.199826995687335     
  0.200769486907849     
  0.199142252009689     
  0.199453002294038     
  0.198848937036947     
  0.198661591610839     
  0.199945269951014     
  0.199003922631480     
  0.198625880433948     
  0.199851692763040     
  0.199185368958912     
  0.199305132905110     
  0.199791054896555     
  0.198965850735583     
  0.199878628409394     
  0.198149839431099     
  0.198974077784166     
  0.199171661434474     
  0.198644870396038     
  0.199724128563708     
  0.199106683186263     
  0.200428365498535     
  0.198930790375541     
  0.199139688183957     
  0.199450742747579     
  0.200107548740081     
  0.199153729960941     
  0.199744613833117     
  0.199387977063426     
  0.199789170397364     
  0.199299165204275     
  0.200545968179524     
  0.199438742697983     
  0.199799852368243     
  0.199122148761696     
  0.199344510450248     
  0.199016913525248     
  0.199434593630483     
  0.200074599581969     
  0.199439061338321     
  0.199924965358634     
  0.200042425386841     
  0.199701771565052     
  0.200127244851598     
  0.200035795725401     
  0.199299578654134     
  0.199187630253402     
  0.198883996664468     
  0.199951364721281     
  0.199601974270759     
  0.199387799028086     
  0.199184321869169     
  0.199348656806496     
  0.199908345590911     
  0.199279086441869     
  0.200284372575423     
  0.200279716965386     
  0.198733526839473     
  0.200066382223216     
  0.200863032121757     
  0.197776479897395     
  0.198892109701301     
  0.200082908822081     
