         103
  0.199347750176405     
  0.200133172249602     
  0.200576061065710     
  0.199133137860998     
  0.199175846940355     
  0.199959770211535     
  0.198644883870301     
  0.199365297037285     
  0.199556916010705     
  0.200214250469110     
  0.198884059176706     
  0.200343008902059     
  0.199979136292428     
  0.199238790740085     
  0.199969054247858     
  0.198753297598640     
  0.199522157527411     
  0.199154691447797     
  0.198238074894657     
  0.199852277485403     
  0.198343434828819     
  0.200143160486167     
  0.199374109101769     
  0.198713257465903     
  0.199273848103303     
  0.199391801903412     
  0.198345993700607     
  0.199070273792641     
  0.199990085159137     
  0.200713308703628     
  0.199892177996380     
  0.198046967367145     
  0.200120332171438     
  0.197769844819816     
  0.199700570670901     
  0.200204363076277     
  0.199277549515699     
  0.199870365223649     
  0.199378693169630     
  0.198536556508173     
  0.199999285945745     
  0.199247723160034     
  0.199504166501772     
  0.198827219258631     
  0.199465550033212     
  0.200178148862660     
  0.199732960781371     
  0.199878468525668     
  0.201390883428221     
  0.199772897702405     
  0.199928895706290     
  0.199519685756713     
  0.200475491135352     
  0.198896775773056     
  0.199388161806303     
  0.199564890130527     
  0.199719220779931     
  0.200509618446806     
  0.199349096920251     
  0.199304265640428     
  0.199267946349631     
  0.199488756911001     
  0.200321884063867     
  0.198181507076986     
  0.199936887890328     
  0.199341692296818     
  0.199628862294127     
  0.199632791786694     
  0.199229958317668     
  0.199122622859844     
  0.198635698621269     
  0.199208511447869     
  0.199737410952837     
  0.200916916631058     
  0.198363018166901     
  0.199162271076281     
  0.199197825640210     
  0.200671293225917     
  0.198775132747875     
  0.199665313358195     
  0.198507032487635     
  0.200200270515637     
  0.200104635627335     
  0.199561096750588     
  0.199110990640696     
  0.200287959909413     
  0.199873037232037     
  0.200662237839261     
  0.199994982740151     
  0.199882705792433     
  0.199202227745595     
  0.200558841914498     
  0.199623668572866     
  0.199492293544706     
  0.199818263856944     
  0.199105643204997     
  0.199221429415821     
  0.200055241297978     
  0.199208847347638     
  0.198407519077176     
  0.197565009222837     
  0.198547931769176     
  0.200261574758071     
