         132
  0.200127266583813     
  0.199274637520469     
  0.199169874688052     
  0.199522978707767     
  0.199856152285937     
  0.200371154679054     
  0.200008714499534     
  0.198576116610944     
  0.198997767674512     
  0.199412950725926     
  0.199908866092501     
  0.200483855128029     
  0.199104593659974     
  0.199803088821920     
  0.199407262870061     
  0.199173307246476     
  0.199137461090288     
  0.156701457691786     
  0.200006773805654     
  0.199068281785701     
  0.199698061920705     
  0.200403467020775     
  0.198920316480840     
  0.198824681803052     
  0.197973622687206     
  0.163261622192131     
  0.200047900418786     
  0.200260912409601     
  0.200338171637429     
  0.199648545901487     
  0.198431944624997     
  0.199405399033641     
  0.198748886265690     
  0.200144605898736     
  0.199300032682185     
  0.200939649220671     
  0.199949715648442     
  0.198810163518829     
  0.199389578424816     
  0.199615103800369     
  0.199422975259860     
  0.199334688571204     
  0.201212447699340     
  0.199921919767909     
  0.200171871223680     
  0.180824336534331     
  0.200246273283905     
  0.135569429731279     
  0.199733064700453     
  0.199091651487212     
  0.198627265139071     
  0.200003038519997     
  0.199676489237791     
  0.186806250319892     
  9.315439481726566E-002
  0.200390507582106     
  0.199342686313478     
  0.199940139453256     
  0.198603736794358     
  0.200979309871872     
  0.199719185128730     
  0.199589279527486     
  0.200574668441975     
  0.198962964950353     
  0.124141188792939     
  0.198963512076401     
  0.198944324772029     
  0.199989257867628     
  0.199328404751708     
  0.199726577529824     
  0.199599761536410     
  0.199596690660826     
  0.198911682728881     
  0.199527909233125     
  0.199280007034912     
  0.199768860913110     
  0.200482997904069     
  0.171760939158435     
  0.199269531565754     
  0.201430558748150     
  0.199334637512838     
  0.199186779724366     
  0.199121470766477     
  0.197980994853237     
  9.525096897060212E-002
  0.199430898981742     
  0.199441126705104     
  0.178920088141665     
  0.194393474593258     
  0.200902593031618     
  0.198708108559287     
  0.155515316267591     
  0.198785150521286     
  0.198991738721070     
  0.197088046713537     
  0.199941144789055     
  0.200791376074417     
  0.195348821138941     
  0.198469465172602     
  0.168127597260119     
  0.196225378621736     
  0.172135213153125     
  0.198957672786197     
  0.199452973564507     
  0.198295865990604     
  0.200393887684177     
  0.199198404952212     
  0.199831487006780     
  0.148749823576158     
  0.199075268127653     
  0.199639139318778     
  0.199202945669474     
  0.195094168130729     
  0.199574839273692     
  0.199258392098958     
  0.199965459564337     
  0.198220653543702     
  0.199405755159016     
  0.200123318884148     
  0.199864126395419     
  0.199696849547112     
  0.198566320221778     
  0.199781680821476     
  0.200776060865186     
  0.199853512913498     
  0.199916106122690     
  0.158958675894203     
  0.200103742355461     
  0.199227739224968     
  0.200288404336068     
  0.197416827326742     
  0.171405720677333     
