         144
  0.198334480910792     
  0.200650707484468     
  0.200311815212124     
  0.202950791151406     
  0.198966490084214     
  0.199524945582569     
  0.200149182466285     
  0.199266467860871     
  0.200120667236500     
  0.198417803476917     
  0.200491609456855     
  0.198669945539934     
  0.198446615601437     
  0.198358166640476     
  0.199093099642102     
  0.198713169557581     
  0.198493441313953     
  0.194722425975249     
  0.201875902352144     
  0.197136206433758     
  0.200032575254976     
  0.202551655233676     
  0.199644293132898     
  0.200072768662183     
  0.199839035139906     
  0.199582509957113     
  0.199625022271398     
  0.200764800413473     
  0.198562224498445     
  0.195908688770543     
  0.200871051672598     
  0.201176499578144     
  0.200176270781695     
  0.200186314541344     
  0.198264847327804     
  0.200462604110261     
  0.198499050593722     
  0.197098846997453     
  0.199868711934016     
  0.198494365302547     
  0.199156851885128     
  0.198857191868495     
  0.199115648767570     
  0.199333265332621     
  0.201409669723586     
  0.196393727939312     
  0.199270535690128     
  0.193109018149300     
  0.199444430816937     
  0.198789030156386     
  0.199578432836281     
  0.200876446275273     
  0.197253496742564     
  0.197717719548926     
  0.200354250595351     
  0.201341246455375     
  0.200138864232717     
  0.197087592014844     
  0.202536732118527     
  0.199883702603687     
  0.200206362525940     
  0.201433737158749     
  0.199182937441905     
  0.202930163167374     
  0.198670440184897     
  0.202148088039604     
  0.202290657874847     
  0.198463098271504     
  0.199544122429765     
  0.197824959600555     
  0.199520062913441     
  0.202900944106734     
  0.198410967468371     
  0.198617933746390     
  0.198931188923980     
  0.196041368888301     
  0.200416786893140     
  0.199988832676367     
  0.198739225649730     
  0.200944405057829     
  0.197509167309874     
  0.199217831468122     
  0.199782321794092     
  0.200285112693812     
  0.201520336171648     
  0.198655462534128     
  0.197217005688625     
  0.199945112216766     
  0.200458130510192     
  0.200646182041737     
  0.200733911963628     
  0.202369204024789     
  0.199585391022015     
  0.198789189927679     
  0.199709290402969     
  0.201074025979078     
  0.200673052373855     
  0.193371082660523     
  0.199237038000960     
  0.199326750232296     
  0.199479496464010     
  0.201133018272953     
  0.197747311560879     
  0.194678907299632     
  0.197641940280621     
  0.198489752350882     
  0.197709914312210     
  0.200478538278266     
  0.202088256670050     
  0.196708669993175     
  0.202356789933675     
  0.199950248638968     
  0.199142213900246     
  0.198238512355831     
  0.201549096043117     
  0.199523438698719     
  0.191516251812801     
  0.200703690282640     
  0.200456822853679     
  0.200899715464721     
  0.200883193052390     
  0.197897179990633     
  0.200838047710301     
  0.201671542770312     
  0.199181561041870     
  0.200293923548667     
  0.201397001422605     
  0.196752863096719     
  0.197570179577354     
  0.197522017678707     
  0.200019450472964     
  0.201563110027495     
  0.199308954414675     
  0.200180133855477     
  0.202242047176149     
  0.198039518464468     
  0.197535660136305     
  0.197521521618483     
  0.197602968683742     
  0.199834401886828     
  0.198467145107081     
  0.202070307085058     
  0.203588575352191     
  0.201776803788041     
