         143
  0.200528588161171     
  0.199868977076316     
  0.200498546620566     
  0.200669872778245     
  0.199186605529041     
  0.200844940180302     
  0.199705278788879     
  0.198871703254909     
  0.199564141556594     
  0.198628875489982     
  0.198993114273639     
  0.199107217125701     
  0.199034903355556     
  0.198933729977913     
  0.199530179350019     
  0.199190265138272     
  0.200127772600218     
  0.198464224783682     
  0.199159669261857     
  0.197731447869656     
  0.198173199995444     
  0.196927425215253     
  0.199783584981252     
  0.200606168764295     
  0.199783227207214     
  0.193620049908456     
  0.199155035753225     
  0.198803335581022     
  0.200125526519307     
  0.199695250048670     
  0.199230555055338     
  0.200448777086129     
  0.198805098265019     
  0.199105883528027     
  0.198055649249397     
  0.198582036546480     
  0.200169985287914     
  0.200402193114784     
  0.199606797622490     
  0.199798601076552     
  0.199441093917473     
  0.199923846730992     
  0.199293938989705     
  0.199387368514253     
  0.200018780946285     
  0.198814723392187     
  0.200323548304299     
  0.200140603443595     
  0.199718464765662     
  0.200333825951985     
  0.198929608734520     
  0.199528232271781     
  0.201041592385193     
  0.198546860389980     
  0.198226152099703     
  0.194200875334834     
  0.200832309178646     
  0.199202360316455     
  0.201169655488887     
  0.199926219073974     
  0.199015428528539     
  0.199314589527966     
  0.199355968235376     
  0.199182724905113     
  0.199431491113433     
  0.199065688605650     
  0.198657955960744     
  0.199229812115750     
  0.200952825732973     
  0.194065058613079     
  0.199085618814501     
  0.198323932557641     
  0.199833571805450     
  0.200348690025454     
  0.195721127082289     
  0.199279538072568     
  0.198172543159383     
  0.200141814113754     
  0.200682052048867     
  0.199535698398410     
  0.198778451609101     
  0.199089708222420     
  0.199059486344275     
  0.200998471622987     
  0.199615210408619     
  0.198054699400719     
  0.199575698946255     
  0.198610230024501     
  0.198841811382661     
  0.199739104468646     
  0.198312687727483     
  0.200087657392041     
  0.199201848817140     
  0.199827638495555     
  0.195015609517195     
  0.199452838285715     
  0.199885818788115     
  0.199539567277953     
  0.198391790391594     
  0.198979330534770     
  0.199546542206824     
  0.199198805069332     
  0.199268210590337     
  0.199287822338224     
  0.199864185100592     
  0.199086150408298     
  0.199837840272247     
  0.198624203305908     
  0.198129786049175     
  0.199294071775961     
  0.200135582921876     
  0.198977568641977     
  0.199006843192643     
  0.199824229327809     
  0.201093247291870     
  0.199879439683987     
  0.200498327260091     
  0.200007837795220     
  0.200134806552849     
  0.199080315016763     
  0.200224003173895     
  0.199267179178493     
  0.199065389686741     
  0.199387701372141     
  0.200375877729865     
  0.198834003729898     
  0.199540247693197     
  0.199060277675423     
  0.199834622752929     
  0.199003737676090     
  0.199329426526148     
  0.199589379312913     
  0.199808215640535     
  0.198967044954307     
  0.199036244884078     
  0.198109058336089     
  0.199294327877954     
  0.200142223640788     
  0.201013255148166     
  0.200355214187047     
  0.199822747796929     
  0.199942896988582     
  0.198837081724794     
