         128          95
          24
           2  1.296407415440747E-010  6.009849874191420E-013
          14  2.449754025422250E-012  1.138733715449302E-014
          16  4.024626989694907E-008  1.969673912933867E-010
          19  1.200514356918870E-008  5.774100740778981E-011
          22  5.863150329422255E-006  2.817881891944707E-008
          27  1.596504145091150E-010  7.477375244197907E-013
          34  6.940595069767232E-012  3.219278800320002E-014
          43  5.068762353794086E-024  2.338716790634321E-026
          44  3.696418751560753E-005  1.814079269636875E-007
          49  4.140388034929845E-009  1.941532806169362E-011
          54  3.863790100718434E-018  1.785718097099556E-020
          55  4.395006469178046E-013  2.036152371529148E-015
          60  8.315826730451902E-010  4.054707588447509E-012
          69  3.159340129609882E-005  1.536720539587384E-007
          80  2.744560793784377E-027  1.267868001345739E-029
          86  7.072361269717627E-005  3.389816493942896E-007
          89  4.733068239204645E-013  2.192732797863585E-015
          97  1.315773001046843E-004  6.380557587901587E-007
          98  6.706277715054122E-012  3.228852836075513E-014
         107  1.124318465062178E-011  5.268277710888960E-014
         108  1.855474800255137E-015  8.638119610845315E-018
         114  5.687715560215337E-006  2.703557939017421E-008
         116  1.035440330385257E-012  4.852644712060213E-015
         122  1.449637950673103E-006  6.933815125523695E-009
          15
           4  4.907659805690472E-012  2.273417009710926E-014
           8  2.874615776741427E-012  1.355417323473008E-014
          23  1.928701579730842E-006  9.021794550079794E-009
          31  2.238704382783344E-006  1.047234743175469E-008
          39  7.902848517925440E-009  3.738955722899381E-011
          47  9.833330663452827E-015  4.539421667995675E-017
          48  1.361753136750868E-006  6.418767245525067E-009
          61  5.202252646656288E-017  2.400440700691837E-019
          63  5.945230085197371E-013  2.746876736108815E-015
          91  1.655945548770394E-009  7.699568573887951E-012
          93  2.444916939476600E-009  1.136384610027072E-011
         111  1.757798095867753E-026  8.096859325580196E-029
         115  2.131084825600680E-013  9.870466364157801E-016
         120  6.752373702653161E-008  3.216250789517029E-010
         123  1.837018607051108E-008  8.537712728782877E-011
          22
           3  2.938859479931034E-004  1.500065238116522E-006
          10  1.373506614398287E-012  6.462006740137600E-015
          11  5.758219018654958E-014  2.703433397670015E-016
          16  4.076059059090282E-008  2.015969181175173E-010
          17  3.133811558326558E-007  1.535292573527380E-009
          44  1.646055945336048E-027  7.619742134538216E-030
          50  1.307887815781951E-004  6.685195408343549E-007
          58  5.608235116509787E-008  2.724637659795962E-010
          60  7.622943339465918E-008  3.800715488726298E-010
          70  6.232464673166461E-007  3.074649917016929E-009
          78  1.199259711247080E-003  6.141092631395987E-006
          81  4.913776546917419E-005  2.471281111718191E-007
          90  3.118592520483938E-004  1.598501850755141E-006
          96  4.770912517859728E-011  2.273583572546521E-013
          98  9.798392081619430E-008  4.900314027072613E-010
          99  8.884551744244576E-020  4.123470019166368E-022
         105  6.707077115843495E-004  3.436887522044779E-006
         108  2.618716661971528E-013  1.236818561835439E-015
         111  4.339003497891906E-009  2.125110298499181E-011
         112  1.089959994660196E-008  5.395310232052408E-011
         113  3.996201275434977E-010  1.904276490162493E-012
         121  3.887771649890223E-013  1.825662493090148E-015
          23
           2  1.612861213404489E-028  7.423648436355622E-031
          11  1.916472653664554E-023  8.832227731306970E-026
          13  5.152449378461508E-014  2.385109791886994E-016
          16  4.662328436943429E-007  2.293446588562766E-009
          19  1.327714880542992E-016  6.165736995980507E-019
          22  4.910790378597637E-010  2.322639460732714E-012
          27  2.327387889127512E-006  1.102320014273474E-008
          34  1.156455206741319E-010  5.368712089329916E-013
          40  3.875041860254924E-019  1.782423653451431E-021
          44  6.429477858137456E-006  3.144169276605860E-008
          49  6.091361169483646E-006  2.881569654397030E-008
          60  5.569413076719824E-011  2.691073457241579E-013
          69  1.051052472506111E-004  5.116254368398673E-007
          81  7.111724012149801E-020  3.298908717634366E-022
          86  1.290687206198088E-005  6.173035366892024E-008
          97  2.454642810542158E-005  1.187605455507054E-007
          98  1.456841178883496E-014  6.898327644211905E-017
         107  2.032145260507849E-006  9.708336644820746E-009
         108  6.998116682043388E-008  3.364181120085755E-010
         109  7.048977816224750E-013  3.266225286137382E-015
         114  1.414048302464696E-009  6.647990149628173E-012
         116  8.364683470938594E-007  4.011481236792727E-009
         122  9.953671037014940E-005  4.783915731057648E-007
           9
           1  3.186976661960351E-012  1.487674755498824E-014
          15  1.606172413000933E-013  7.415895564715698E-016
          20  3.043434633692465E-021  1.403397990432005E-023
          24  3.187190264251332E-009  1.475035177295924E-011
          30  3.113288222470375E-011  1.444348221112519E-013
          79  9.357444051542909E-010  4.351061289916673E-012
          88  2.378177330609130E-011  1.104135926444203E-013
         103  3.560805955668487E-020  1.648076667715002E-022
         126  6.423577542059903E-011  2.971419433865952E-013
          13
           1  1.209753897209620E-007  5.725236904359325E-010
          10  8.571024892933813E-007  4.082958079522333E-009
          17  2.574437430468092E-010  1.229415861078277E-012
          24  2.378249128541130E-009  1.101541190330458E-011
          30  8.394323137994516E-007  3.926335663200610E-009
          58  3.584808040261421E-013  1.683338454572412E-015
          70  3.141707119631883E-026  1.448165550821604E-028
          79  3.573089072624057E-009  1.665072990135860E-011
          88  2.297461003717558E-006  1.078091527096618E-008
          96  2.057071629979363E-008  9.826899942988318E-011
         103  3.428533229457152E-022  1.585879145675402E-024
         113  1.859505118764650E-009  8.799679930000769E-012
         121  1.708751695202078E-006  8.142903915713046E-009
          12
          28  3.128482064050564E-017  1.448594973349977E-019
          35  5.489720893093566E-015  2.542711139658802E-017
          53  1.625114476883121E-015  7.514295845314820E-018
          62  8.196810408216180E-019  3.803873965527038E-021
          67  3.924564335979908E-013  1.817311449918494E-015
          84  5.610895303208769E-018  2.601951359342821E-020
          85  5.292926735231097E-015  2.450486919109782E-017
          94  1.351730831979317E-018  6.244560032052184E-021
         101  5.078944195923630E-013  2.351026509331392E-015
         102  5.822545146379329E-016  2.692347729964282E-018
         106  1.140272680433309E-017  5.272285928915414E-020
         110  1.409613397736545E-012  6.522474691332629E-015
          20
          23  8.179367011664685E-009  3.813803773506058E-011
          31  7.600749688075038E-009  3.543561328684691E-011
          35  3.550976989718853E-015  1.640793814069237E-017
          41  1.272756017896206E-012  5.880559114114160E-015
          47  1.211443173116158E-007  5.655538258170992E-010
          48  3.398939190837366E-012  1.580496456662876E-014
          53  5.521966936631858E-014  2.548062831904461E-016
          62  1.405820338619432E-010  6.543194881523261E-013
          63  2.431533305197267E-007  1.134575492592478E-009
          64  4.134262154186026E-013  1.920442169910231E-015
          83  2.930215723254348E-010  1.369686564539080E-012
          84  1.183219599254095E-015  5.478982383422375E-018
          85  2.958966537237267E-016  1.365871947513864E-018
          91  8.484410361050877E-007  3.968826378791189E-009
          93  4.391109682957980E-007  2.049788912263535E-009
          94  8.511282549099102E-011  3.943470426869953E-013
         101  1.723399483195580E-030  7.953912201354527E-033
         115  3.962833372353893E-008  1.864699467510630E-010
         120  1.329263662910636E-010  6.270435825927084E-013
         123  4.091343483366615E-023  1.892624010693412E-025
           5
          13  2.439710375810492E-012  1.132438160564751E-014
          27  4.962837597033190E-016  2.299481783848517E-018
          49  8.047616879231678E-019  3.711675082139353E-021
          66  5.746588581087745E-012  2.655352986389912E-014
         109  1.003514812565085E-010  4.663813504425103E-013
          15
           2  7.385986133499045E-009  3.426528391766389E-011
           5  1.962453228951741E-011  9.050954219645038E-014
           7  3.352033935425745E-012  1.551114442408784E-014
           9  1.314147889485478E-019  6.071280028424854E-022
          14  7.050337645032263E-010  3.289006294682014E-012
          22  6.632150812591107E-016  3.077057029957801E-018
          25  1.616891794630510E-018  7.473809881171893E-021
          43  4.202922686645072E-010  1.950502263642505E-012
          54  3.515518302067642E-018  1.626637427661913E-020
          55  3.620891632073605E-010  1.684834485985268E-012
          80  5.348241285386575E-009  2.483127092254184E-011
          86  5.792527757092559E-024  2.676468184462020E-026
          89  1.438018182882126E-008  6.693983190566474E-011
         114  1.111096094696362E-010  5.201257065831476E-013
         128  8.430180762319219E-014  3.893725941759220E-016
          14
           4  2.944165161938832E-006  1.386843932895476E-008
           8  3.983658491226495E-007  1.933858749687646E-009
          23  4.213286068787221E-016  1.951246293641723E-018
          29  2.426565842725666E-013  1.122685907409842E-015
          31  4.321830189375446E-015  2.001362530403205E-017
          36  8.184978794216093E-008  3.974106815005293E-010
          39  6.584517820395377E-006  3.163165923321356E-008
          48  5.783066989233172E-008  2.730019781331982E-010
          61  3.254463397971133E-006  1.533738050302618E-008
          74  2.146090578125239E-014  1.003008103702608E-016
          77  4.723420639592497E-013  2.194050124626968E-015
         112  2.488903569498648E-013  1.186189289475334E-015
         120  3.100280850909724E-010  1.470006474838693E-012
         123  1.025312232937094E-012  4.764750073672036E-015
           5
          35  3.942383552329750E-021  1.821124279438974E-023
          53  1.560448723028029E-021  7.196092993515332E-024
          56  1.163587552568323E-019  5.382107439140898E-022
         101  4.587326503135745E-025  2.117079587144197E-027
         102  2.974997706684324E-021  1.372125722495973E-023
          26
           3  2.077351709392597E-014  9.876872274322017E-017
           8  4.990207017365235E-011  2.377190971168816E-013
          17  3.134386656549242E-013  1.477761509945037E-015
          23  4.804160924896104E-012  2.232448848122815E-014
          31  8.962741718258435E-012  4.164914877232724E-014
          35  1.424155121059282E-015  6.587578150298783E-018
          39  1.416377012723047E-013  6.614147962121280E-016
          47  7.431036519174210E-008  3.479053177069069E-010
          48  4.519099961807071E-012  2.106862274830505E-014
          53  2.471882891099285E-014  1.142189339219467E-016
          62  1.062013230552787E-008  4.973272197597370E-011
          63  5.625862733961800E-008  2.630641963859861E-010
          64  1.369366209730633E-005  6.546500899893084E-008
          70  3.680747859568610E-008  1.786266194046709E-010
          83  1.143271276532776E-006  5.407565245188636E-009
          84  2.398123444684577E-008  1.127198023486120E-010
          85  8.804154002018109E-010  4.102786244758581E-012
          91  4.366410601919251E-008  2.044727244353422E-010
          93  7.955990769613175E-010  3.709687002621708E-012
          94  1.809633459462394E-008  8.446233108027319E-011
          96  9.124712916193361E-018  4.233938291092071E-020
         101  4.399066442350279E-021  2.031244032516489E-023
         111  2.525753746574024E-006  1.242270251105266E-008
         112  1.179067671625416E-012  5.639881206300323E-015
         115  3.761869691872048E-005  1.792666995757119E-007
         120  1.612247418027975E-006  7.763446879518843E-009
          16
          14  6.221088579412914E-031  2.879141833201323E-033
          19  8.681363063458027E-025  4.010969651022717E-027
          21  6.799596067936634E-008  3.170451398489529E-010
          26  5.066448656139767E-012  2.345526463784531E-014
          37  8.326355029482100E-018  3.839079889368321E-020
          38  2.357483154635957E-008  1.095592934333989E-010
          46  1.016078861162434E-009  4.730287433560564E-012
          54  3.517833309755075E-010  1.646370786032655E-012
          55  1.526485923358066E-022  7.050764683164895E-025
          65  3.476309088607299E-015  1.609792699545027E-017
          71  1.016048077731605E-007  4.760076064204770E-010
          74  2.232740721509527E-012  1.049678988195376E-014
          77  2.230719277565450E-010  1.039093047679693E-012
          87  5.128901077350645E-014  2.365623825381790E-016
         104  5.708447491888599E-007  2.675723885453167E-009
         119  2.113135013155375E-013  9.763660327317794E-016
          20
           3  1.151305484678162E-010  5.638147134885004E-013
           4  8.407821157935294E-015  3.903475098667584E-017
           8  3.309114174331072E-005  1.630374692169961E-007
          19  1.116113854423699E-010  5.340493769532228E-013
          36  6.721761018821436E-004  3.337887823661809E-006
          39  2.880948808987266E-007  1.385791806864233E-009
          48  1.846654026525604E-014  8.588955313781419E-017
          50  2.285748094915989E-009  1.131432134999242E-011
          60  7.491687569436770E-010  3.671077413673563E-012
          61  4.232277245337358E-014  1.968934375492849E-016
          74  6.801611754661694E-006  3.316405221037680E-008
          77  3.728548396636224E-015  1.730506982422048E-017
          78  4.645210089131067E-030  2.153446078611458E-032
          90  2.316553482619828E-009  1.148429230936853E-011
          98  6.585705885721459E-008  3.277172309398032E-010
         104  8.048077484865217E-024  3.714329386475540E-026
         105  3.275058907554168E-013  1.577543239255875E-015
         111  1.690308014566538E-009  8.225638484598619E-012
         112  5.404525222597703E-005  2.717604302571185E-007
         120  5.304803718268645E-010  2.528431085659715E-012
          24
           3  2.071394315833168E-015  9.808561725952959E-018
          10  1.191590195551836E-010  5.619542552111269E-013
          11  7.283255330038623E-005  3.531382354602360E-007
          13  1.013585592284763E-024  4.683210736619548E-027
          16  6.438909806328756E-009  3.145649635814245E-011
          40  6.406957432195724E-010  2.999945767285222E-012
          42  3.657281703150854E-011  1.706413681032350E-013
          50  3.237882481914344E-011  1.577581222629088E-013
          58  3.561204712325806E-005  1.737472143131437E-007
          60  9.292903615831919E-016  4.379397948257677E-018
          69  1.031777489795689E-018  4.776593807503540E-021
          75  1.327690457478711E-011  6.162164883722262E-014
          78  1.002201951900945E-006  5.021355813096204E-009
          81  2.269017707554737E-004  1.135558244256270E-006
          90  6.270707193398744E-012  3.041914803895124E-014
          98  5.826187871790051E-022  2.695623509855005E-024
          99  5.277137134047199E-006  2.531649331139041E-008
         105  1.913905008441535E-008  9.515088785194459E-011
         107  1.267751605346200E-009  6.003685411837152E-012
         108  7.370965127106489E-006  3.587630209108189E-008
         113  6.609698053565231E-007  3.174308940456579E-009
         116  6.351203920375590E-008  3.044081912127699E-010
         121  1.137399275521492E-011  5.341287899085537E-014
         122  7.237777115163646E-018  3.343280553958399E-020
          15
          11  9.054034212290902E-006  4.353307901016622E-008
          13  5.966286094347854E-012  2.772684227951305E-014
          33  1.229362685715787E-011  5.689220727927752E-014
          40  4.854535021054984E-007  2.282916324287297E-009
          42  9.663724779656241E-007  4.536232865785165E-009
          58  3.063815871398088E-009  1.463585731608679E-011
          75  1.687857813414735E-006  7.888394152767258E-009
          81  3.687384323695961E-011  1.774231934324734E-013
          92  4.916208501131323E-014  2.266668812981450E-016
          99  3.309893860645994E-006  1.579921193608304E-008
         107  1.024070417633600E-011  4.796547076789667E-014
         108  1.151225792809698E-008  5.515292986753167E-011
         109  7.520231127067212E-024  3.476514056239519E-026
         113  1.042841280329888E-011  4.892656287870428E-014
         116  4.325290313767264E-010  2.047968160557420E-012
          22
           3  4.343751339900687E-004  2.213013246226681E-006
           8  1.174996676766483E-010  5.636126810441394E-013
          16  1.171718104410972E-006  5.828155078076565E-009
          17  2.147448776382756E-012  1.020258337402395E-014
          19  6.125442758035562E-013  2.896315405444542E-015
          36  4.656039640130437E-009  2.259088959338604E-011
          44  2.455161451319305E-011  1.175163578792881E-013
          50  1.697301334355308E-003  8.703431390442683E-006
          58  1.620565113309706E-023  7.472606396842042E-026
          60  6.565637308768752E-005  3.321918943391913E-007
          69  2.317118287543906E-018  1.072570326879487E-020
          70  5.034257819314228E-009  2.447065858490039E-011
          74  4.905432673468459E-015  2.288579579824716E-017
          78  2.053625636058802E-004  1.046797569478726E-006
          81  1.655722674900592E-007  8.208466430073044E-010
          90  1.850174205382095E-003  9.503523804203510E-006
          98  1.594082867227914E-004  8.080876541963725E-007
         105  9.370645293233961E-004  4.795265930574193E-006
         108  8.664401909439439E-021  3.996790815555346E-023
         111  2.130946604182277E-007  1.051443786218351E-009
         112  4.226883386371286E-005  2.130006508686566E-007
         120  5.657839397873236E-024  2.604957549846087E-026
           8
          11  1.850758246876969E-011  8.693756962319295E-014
          13  4.038116439192113E-016  1.865964587695963E-018
          33  1.029654757998429E-011  4.757121989568979E-014
          40  1.055288183457106E-009  4.916919151350452E-012
          42  2.871060077574985E-008  1.340582406476487E-010
          75  1.364366753529784E-007  6.347220561153751E-010
          92  2.037147808269427E-015  9.377188494998588E-018
          99  3.068780931305293E-011  1.438315607470394E-013
           4
          13  2.689342020000467E-015  1.245658657543657E-017
          40  5.536029692864844E-016  2.556765335552694E-018
         100  7.880288345170789E-018  3.635951685380493E-020
         109  2.723081854989542E-020  1.260370183834542E-022
          10
           7  1.000325460330687E-013  4.619826979211730E-016
          12  1.301701431169048E-014  6.014393450290765E-017
          14  1.699911441642908E-018  7.852620634952433E-021
          26  1.297603531963757E-011  5.994334538263519E-014
          43  2.132814977287194E-014  9.845756800883687E-017
          54  6.460621542107050E-018  2.984490464644939E-020
          55  2.686023474395150E-017  1.238590990136366E-019
          71  3.550951461619531E-016  1.640643410807793E-018
          80  8.678766259757869E-022  4.008408619819046E-024
         128  8.826494036792504E-014  4.069757651640034E-016
          17
           2  1.184966301160569E-030  5.471874965943526E-033
           5  1.660886154052397E-018  7.666023011861378E-021
           7  2.471135841176163E-010  1.145521299399898E-012
          12  8.570773806744926E-015  3.970966777186747E-017
          14  2.775153830096880E-009  1.297188700112086E-011
          22  2.803612496377103E-020  1.296151891482233E-022
          25  1.819006842568666E-021  8.416899380170476E-024
          26  2.458758545019391E-009  1.140298019942985E-011
          43  7.200149287086137E-009  3.350780108931976E-011
          54  5.942205204191464E-009  2.790047413112596E-011
          55  4.893916197120108E-009  2.284032448727719E-011
          71  1.517420459666234E-009  7.085747653154983E-012
          80  1.624629438693266E-011  7.537157670478468E-014
          89  1.447753049706668E-011  6.722367949341448E-014
         104  1.402148790573135E-015  6.479848508008954E-018
         114  3.472012150061122E-026  1.608000996917133E-028
         128  6.087070508463809E-011  2.815769939211302E-013
          10
          10  4.134940646038113E-008  1.956659150941477E-010
          11  4.024217913039418E-015  1.867588803435723E-017
          33  1.249342610010773E-010  5.772100382418278E-013
          42  4.689823087541915E-010  2.181770809316210E-012
          58  1.946049993361710E-008  9.297766644696820E-011
          75  2.136425191685860E-013  9.843046765905461E-016
          92  2.627365241573496E-009  1.212517624548525E-011
          99  8.115160919102140E-008  3.842677642940747E-010
         113  2.495419956075857E-007  1.186939980091309E-009
         121  1.802288848481011E-008  8.515392285406512E-011
          17
           7  2.817631731192035E-013  1.303108711448091E-015
          12  1.927706821323086E-017  8.917726184648109E-020
          14  2.086803877735181E-010  9.723558461978584E-013
          19  4.691515199973081E-019  2.171743032036646E-021
          21  1.078797697873974E-013  4.994695825497175E-016
          22  5.213662582324753E-021  2.406202033089103E-023
          26  9.403631076799029E-009  4.357033619454110E-011
          38  3.880547075981982E-016  1.790364234345209E-018
          43  2.732078955860931E-010  1.267486404436707E-012
          54  5.816166372664160E-008  2.734700008345263E-010
          55  5.868437990599563E-010  2.731250784246072E-012
          71  1.796333558740877E-007  8.410931075455244E-010
          74  1.717772203572450E-024  7.916651503178301E-027
          80  8.265138217085431E-017  3.822258011667298E-019
          89  4.262427251133147E-016  1.970691899171125E-018
         104  1.878757568138204E-009  8.755151033276684E-012
         128  2.677749182373571E-014  1.236294474227627E-016
          19
           7  5.305347540413460E-027  2.456347889763113E-029
          14  3.646781150070467E-013  1.694511065643274E-015
          19  3.459701590287400E-015  1.617254773907047E-017
          21  3.809555907242231E-009  1.775254827058323E-011
          22  3.540295523489080E-027  1.635800434284677E-029
          26  8.492298088849786E-010  3.939262969963141E-012
          37  1.362636451523328E-021  6.287251054260755E-024
          38  5.577686676963082E-010  2.588989173427886E-012
          43  8.908073949271474E-014  4.125773524489118E-016
          46  1.470568900591315E-012  6.829677253834833E-015
          54  4.980235499008808E-008  2.345049306635983E-010
          55  2.411522284353003E-012  1.119517965446652E-014
          65  4.482472455534493E-020  2.077005185203064E-022
          71  7.913851624673139E-007  3.716979978962499E-009
          74  2.567197268023681E-012  1.208005097508846E-014
          77  1.393407354969409E-013  6.462749417502426E-016
          87  1.617176280440443E-019  7.462948538385094E-022
         104  4.070394828768028E-007  1.909300237407736E-009
         119  1.021008422251607E-020  4.719422419960367E-023
          12
           1  7.505563781823089E-006  3.570775200349768E-008
          10  1.681469181359180E-011  7.891166170328527E-014
          17  6.994960107267235E-009  3.365090930438609E-011
          24  1.523074675962936E-007  7.078756135065991E-010
          30  2.554645330705844E-007  1.194901088250676E-009
          70  2.229563259533460E-014  1.047437872564287E-016
          79  1.923193656109225E-006  9.016410808838846E-009
          88  9.733322261239371E-007  4.565840072744422E-009
          96  7.984179398377764E-007  3.841160915420203E-009
         113  5.579810763673022E-027  2.573844079268737E-029
         121  1.340919957881991E-010  6.308846887520040E-013
         126  5.512618255724086E-012  2.552702875420692E-014
           9
           2  1.988259092230955E-021  9.170996627212803E-024
           9  8.190759765654408E-015  3.783916893046074E-017
          18  4.010902272373186E-015  1.852772153066626E-017
          27  1.053991460667541E-025  4.873327826476084E-028
          34  2.674314116593187E-009  1.242345701766633E-011
          49  6.650106602500458E-018  3.066888019236002E-020
          68  4.756737291935284E-014  2.199853941993546E-016
          86  2.501139087671957E-016  1.158975972943444E-018
         125  2.324367828513079E-013  1.071278890624882E-015
           2
          18  1.239893904245600E-020  5.728112973458035E-023
          32  6.584200733212699E-022  3.040260010049547E-024
          11
          21  1.210004427543981E-009  5.641206817191349E-012
          37  9.436861422089832E-017  4.363209963764589E-019
          38  1.127644547659203E-009  5.242375364319150E-012
          46  1.938045383148906E-010  9.033826239564973E-013
          65  3.589628409179562E-013  1.666764363057654E-015
          71  1.306854120536843E-016  6.065558013443565E-019
          72  2.824086527304030E-018  1.310001325532347E-020
          77  1.524499037550061E-012  7.092459262189292E-015
          87  7.905355071188788E-012  3.656098360483435E-014
         104  9.642558362347275E-012  4.486934112657982E-014
         119  4.224525993266990E-011  1.957552583788296E-013
          14
          13  3.648150529476794E-013  1.693885342678124E-015
          18  1.839190295854134E-018  8.507717692366094E-021
          27  2.293680839328200E-008  1.079969532425022E-010
          32  6.366555573483755E-017  2.943588986950216E-019
          34  2.220030520493592E-009  1.033113485059838E-011
          49  3.502680789215530E-008  1.645776168349079E-010
          66  6.782580030652275E-018  3.136966491814592E-020
          69  7.426696865918772E-018  3.447437655344600E-020
          86  3.836884105165783E-015  1.783524352006093E-017
          97  6.562412574788084E-022  3.043407365347802E-024
         107  1.493014390978578E-012  6.977557603107151E-015
         109  3.755102334319945E-010  1.748704431008555E-012
         116  8.092854835061566E-016  3.766805947451518E-018
         122  1.067979683414610E-010  5.024255580551266E-013
          16
          10  1.719958978126123E-017  7.958062564274511E-020
          11  2.111576821560625E-005  1.017980971987510E-007
          13  1.307833526596004E-013  6.065842147653049E-016
          33  1.566864195692974E-011  7.255391395820468E-014
          40  1.822737549387862E-007  8.567627812976028E-010
          42  1.113899352293763E-006  5.233178149975974E-009
          58  1.019290341943827E-007  4.902738530424415E-010
          75  1.172768789008070E-006  5.483920951166008E-009
          81  2.084987075253033E-009  1.014290129615660E-011
          92  2.402365825296923E-013  1.108477305359564E-015
          99  1.330941270492028E-005  6.371369949499882E-008
         107  5.775761428311841E-012  2.704656129002810E-014
         108  2.641913350028904E-008  1.267949468413636E-010
         113  1.627431764475586E-009  7.709320072335709E-012
         116  4.389916894127508E-010  2.079926376533504E-012
         121  3.815416485140819E-022  1.761941991544657E-024
          11
          11  7.266222638380255E-020  3.352715540618326E-022
          13  2.471927275856943E-009  1.150801640420538E-011
          27  4.990281581111962E-027  2.303533700222499E-029
          40  3.854167428161350E-009  1.796786682835777E-011
          42  2.259285601673979E-021  1.043370672130293E-023
          66  2.369660751550717E-024  1.092618418320778E-026
          75  1.558173624597162E-013  7.180679949301219E-016
         100  8.723882009332997E-020  4.015128941595664E-022
         107  1.098785462296863E-017  5.068007716749906E-020
         109  3.589967318882385E-011  1.664382008610621E-013
         116  2.577985532449154E-018  1.191851017736179E-020
           1
         127  6.832559165156241E-028  3.159620907585282E-030
          24
           1  4.168457192230874E-007  1.982362428271678E-009
           3  9.171560787034831E-009  4.530529446203955E-011
          10  1.083702941276931E-021  5.003211875806632E-024
          17  1.012313225990914E-004  4.976855112323468E-007
          24  1.050519235770851E-029  4.836666407072489E-032
          62  9.647497497577690E-016  4.476114350325975E-018
          64  5.479095157686988E-006  2.618885096264725E-008
          70  1.355750730844350E-004  6.694413759892095E-007
          78  1.581822104227890E-016  7.459965801433292E-019
          79  1.442605052582798E-010  6.718184934452879E-013
          83  9.016435645152383E-010  4.236433956639589E-012
          84  5.029848814722682E-009  2.364188711381918E-011
          85  1.384833589051610E-011  6.438990760182601E-014
          88  9.055708522630871E-017  4.183892277660501E-019
          90  3.161086905842890E-015  1.500472879388869E-017
          94  3.456789227495839E-014  1.599108614652983E-016
          96  4.352480122799853E-005  2.113008605754623E-007
         105  2.812624641199408E-019  1.310743586975297E-021
         110  1.357962953492567E-023  6.266729038814352E-026
         111  1.001166602956117E-007  4.900476723200437E-010
         112  3.000171613242060E-019  1.394272622426486E-021
         115  1.142509545313302E-009  5.376825653512642E-012
         120  8.658012084335334E-023  3.994434194531788E-025
         121  5.371741716483033E-019  2.482609143949118E-021
           7
          21  1.190255827548706E-018  5.520943897693016E-021
          38  9.481659868446140E-018  4.387353108683447E-020
          46  2.344413333011904E-019  1.088288426109111E-021
          65  2.730557816954701E-018  1.267308473946376E-020
          72  1.385075110144715E-021  6.422268482836305E-024
          87  9.599454747353872E-016  4.437270895582460E-018
         119  5.323696429300904E-015  2.464875512035175E-017
          12
          11  4.643750575075162E-015  2.161119520170054E-017
          13  5.212894268168615E-007  2.443007968396658E-009
          27  8.124630130986467E-010  3.808744173005626E-012
          40  6.896859827473277E-008  3.233681733804269E-010
          49  2.751728474979035E-011  1.281735386000049E-013
          66  4.140962994648797E-014  1.913699822510958E-016
          75  8.716223471300202E-019  4.016588832793052E-021
         107  2.110604774420990E-009  9.961514514928405E-012
         108  2.186265636644385E-012  1.029326807315807E-014
         109  1.478012784864786E-007  6.904577876627237E-010
         116  6.354055396856585E-010  3.007983814426685E-012
         122  1.095217407363536E-015  5.076020361421609E-018
          13
          10  4.004653343033833E-008  1.898764868296640E-010
          11  1.824816141406886E-007  8.719530798075695E-010
          33  4.005182981390500E-010  1.854887866371207E-012
          40  1.103748363188405E-015  5.089684765804120E-018
          42  2.269028816484145E-007  1.063704352956709E-009
          58  5.698741536944683E-006  2.757953644122658E-008
          75  1.260745138096007E-008  5.865389760873953E-011
          81  2.055002115629987E-010  9.921597498218251E-013
          92  7.318199920090367E-010  3.381887421108168E-012
          99  2.438584109639271E-005  1.165946217918729E-007
         108  8.435916679644440E-016  3.921641736933718E-018
         113  3.967587138098622E-006  1.899723986948881E-008
         121  1.038604293327311E-008  4.911544827324778E-011
          22
           1  5.875876381785715E-030  2.717198831650860E-032
           3  1.169508218127330E-003  5.964510172852445E-006
           8  1.353495200998326E-009  6.535556503165355E-012
          16  1.637228853860155E-016  7.667580968286571E-019
          17  3.230202652046581E-006  1.586902211180819E-008
          36  4.059107874392227E-013  1.922923833184811E-015
          39  2.973117741849290E-027  1.371702719508806E-029
          50  1.551592231438228E-005  7.873384893016605E-008
          58  2.712108266338923E-023  1.252431233651337E-025
          60  1.247187309199161E-010  6.083086688260571E-013
          64  1.899158785902104E-010  8.957899651892984E-013
          70  1.152320901394386E-004  5.725667881948968E-007
          78  1.092751873399312E-005  5.532477225395312E-008
          81  1.381684608559848E-010  6.713644531008654E-013
          90  1.422746759374238E-004  7.264519911629043E-007
          96  2.352118695200498E-009  1.127621450299067E-011
          98  2.847094547246927E-009  1.405500157200536E-011
         105  2.482598535580149E-005  1.260417843606239E-007
         111  1.226567404779919E-004  6.126951177118449E-007
         112  2.239958075246427E-005  1.125566677582634E-007
         115  8.859662343225904E-016  4.104717366194107E-018
         120  6.911390898845442E-011  3.281745081843550E-013
          22
           1  5.580996230060567E-029  2.578188212761834E-031
           3  1.607598379966620E-004  8.169540616101792E-007
          10  1.319092936193463E-010  6.233223815879312E-013
          11  2.580094220115418E-013  1.209790435153774E-015
          16  4.291171141129361E-009  2.100268508880223E-011
          17  1.147505615458270E-006  5.622213473514898E-009
          50  3.608084894261815E-005  1.832216884009122E-007
          58  3.091392409099130E-007  1.500501934068355E-009
          60  4.412560344378725E-009  2.174284774769820E-011
          70  1.012290220920430E-006  4.980431668716856E-009
          78  7.962706457627446E-004  4.062331311243046E-006
          81  4.912146221867851E-005  2.463278640542852E-007
          90  1.115383619237511E-004  5.685729154023359E-007
          96  8.404320598625226E-010  4.014889379092962E-012
          98  5.352571699474111E-009  2.644720218232030E-011
          99  2.860801784307218E-016  1.328265398104719E-018
         105  2.993902731539076E-004  1.528764296967051E-006
         108  6.564722842937523E-014  3.080465137048052E-016
         111  1.282131552795805E-009  6.231970818462060E-012
         112  7.585355942866069E-010  3.711069773255206E-012
         113  6.967142516110000E-009  3.325811664234656E-011
         121  5.662545512677810E-011  2.670690453479494E-013
          21
          23  9.272205069455496E-010  4.317442598417581E-012
          31  9.095089549529000E-010  4.233202574309752E-012
          35  4.311007049110320E-012  1.994820417482056E-014
          41  7.903488785543910E-014  3.652007105077741E-016
          47  7.045085775100648E-007  3.294215571334979E-009
          48  1.755458913063204E-013  8.142606869264258E-016
          53  2.259863621360098E-011  1.044641652808277E-013
          56  2.998183407131939E-025  1.387076012253450E-027
          62  1.072244113989881E-008  5.008461389427340E-011
          63  9.489420153971286E-007  4.434282745515801E-009
          64  8.344316208706807E-010  3.920153001744722E-012
          83  3.205989966533714E-008  1.506493451694158E-010
          84  3.636384054898308E-011  1.694531404961370E-013
          85  1.233671698083868E-011  5.719196060550835E-014
          91  1.328968061961680E-006  6.223598428734492E-009
          93  3.545536754270476E-007  1.655713318650469E-009
          94  8.792393289866319E-009  4.089710176216715E-011
         101  3.083563615401689E-016  1.423568768424678E-018
         111  2.569679029985494E-017  1.196387149076118E-019
         115  7.471501081424212E-007  3.531056500792802E-009
         120  4.674281586457345E-010  2.210913207023195E-012
          14
           1  1.649119616623784E-011  7.716252391396144E-014
          10  2.300022101981853E-006  1.097515504954743E-008
          17  2.209873845997639E-016  1.030065799101136E-018
          24  2.704504712602848E-013  1.247792550147709E-015
          30  4.520084737980134E-008  2.109353058809400E-010
          57  1.315270482951941E-023  6.063208846936717E-026
          58  5.243821471093316E-011  2.484399420158155E-013
          79  8.549741303351455E-015  3.950759919951292E-017
          88  9.829775596057807E-008  4.599587560635923E-010
          96  8.509316243738031E-013  3.997279581620134E-015
          99  2.793315658583151E-020  1.292985573140832E-022
         103  3.059535581483847E-028  1.415783361637330E-030
         113  3.947313938912794E-008  1.876985358893184E-010
         121  3.268282747612741E-006  1.558167435647648E-008
          22
           2  1.457181748614649E-013  6.741864724935416E-016
          14  5.100592698750334E-018  2.361280529312681E-020
          16  8.503677821874475E-007  4.197603495327274E-009
          19  1.553394549220739E-009  7.451271335517414E-012
          22  9.617939162146638E-007  4.619240654033323E-009
          27  1.425318627897260E-008  6.725887563149508E-011
          34  8.120422454402496E-012  3.773774225518097E-014
          44  7.300373387003435E-005  3.593921477797187E-007
          49  1.155588313365661E-007  5.453285482586459E-010
          50  9.825831235868178E-023  4.546471405188732E-025
          55  3.145639562560969E-020  1.452800119434728E-022
          60  7.923658031950973E-009  3.891424117322549E-011
          69  1.345648983910618E-004  6.568490757736264E-007
          86  6.514422888423338E-005  3.129439304787846E-007
          89  5.320228706443289E-020  2.460586965328359E-022
          97  1.602211676507975E-004  7.787687003516566E-007
          98  8.831861211817918E-011  4.289660371912001E-013
         107  7.888701847029999E-009  3.743596846494206E-011
         108  1.210820231292024E-010  5.760183246005514E-013
         114  6.521816015296233E-007  3.097911189585674E-009
         116  2.391770689907552E-009  1.139207052798988E-011
         122  1.561175871633997E-005  7.501741925895536E-008
          13
          11  7.648459035807405E-008  3.643996376231922E-010
          13  1.887302190200602E-011  8.759984513528366E-014
          33  5.095565141253182E-012  2.353381325615921E-014
          40  2.033793639921914E-007  9.531277463927327E-010
          42  2.114698303960551E-007  9.889997235720037E-010
          58  1.304366727910596E-016  6.053689388725520E-019
          75  9.035370977174824E-007  4.210195383850911E-009
          92  8.947285212871543E-016  4.116492321319270E-018
          99  1.743330356892233E-008  8.241053292476345E-011
         107  5.159943106202341E-015  2.389733187186383E-017
         108  4.988206696378036E-012  2.348051529621239E-014
         109  1.084037070471727E-019  5.004974905064867E-022
         116  4.253126966654426E-013  1.987840543688376E-015
          18
          35  8.824835502649565E-010  4.084890369750424E-012
          47  7.998167664441459E-012  3.707203424176514E-014
          53  9.838193961564848E-010  4.547556766522212E-012
          56  1.898671793261339E-013  8.782028232968936E-016
          62  4.518081988078966E-010  2.102719685193044E-012
          63  1.137821759604757E-012  5.263832792938026E-015
          64  3.774836121943796E-022  1.735319699892821E-024
          67  3.762976303602340E-016  1.737244068298806E-018
          83  1.112809497462487E-011  5.181723398937960E-014
          84  5.402562558418749E-012  2.511141535715650E-014
          85  7.554525631519620E-011  3.502594468378984E-013
          91  4.310919726584001E-018  1.991346994959047E-020
          93  1.680414177820068E-024  7.770434189377353E-027
          94  3.462790588237895E-010  1.605005137540201E-012
         101  3.316537257020179E-010  1.532983794504271E-012
         102  9.532136035684965E-013  4.396406514397891E-015
         110  2.760612393338127E-013  1.273825416260973E-015
         115  2.001453756439164E-016  9.238344928851227E-019
          13
           2  2.414859961285732E-011  1.111620045619112E-013
           5  1.870813356600822E-011  8.584239364507993E-014
           7  1.079393882272968E-011  4.970009327680328E-014
          14  1.927902392174581E-011  8.923172064499322E-014
          25  1.620788931739724E-015  7.454531836711760E-018
          43  7.536598498469549E-011  3.477358158345956E-013
          54  4.798595230226210E-024  2.208385862240714E-026
          55  1.148884826808211E-011  5.304628858612642E-014
          73  3.484497293195638E-026  1.601623827814009E-028
          80  8.178494545862408E-010  3.774761674860964E-012
          89  5.771041590660791E-010  2.668328250827993E-012
         114  5.336315580705319E-016  2.461551961046085E-018
         128  1.092355120063562E-012  5.020567237268709E-015
          22
          14  6.679902586649332E-009  3.128039427936900E-011
          19  6.513222160225310E-006  3.167164844684834E-008
          21  9.284791630326457E-012  4.310772874139372E-014
          22  9.971592234920046E-008  4.760815277694114E-010
          26  3.415989144583697E-013  1.580744130666117E-015
          36  3.455229162453874E-014  1.622867942162904E-016
          38  2.742596127378359E-013  1.267847293527330E-015
          43  4.409189352247000E-011  2.046804034155318E-013
          44  6.014730545056262E-015  2.818044973143626E-017
          46  3.235656278487233E-017  1.497606484769731E-019
          54  7.527501625918211E-006  3.567143178358778E-008
          55  1.225795927208287E-008  5.732380160340683E-011
          60  2.483320097332845E-016  1.165451452027612E-018
          71  1.384506509201501E-006  6.512114879381613E-009
          74  2.501049068409148E-006  1.208993047711580E-008
          77  6.096776706002426E-014  2.824612582460519E-016
          80  9.120981071258755E-024  4.216799927538075E-026
          89  3.081584937794572E-015  1.425727967582315E-017
          97  3.488901241653018E-023  1.614587090440444E-025
          98  8.439610317495754E-015  3.995123595053037E-017
         104  7.405242169671612E-007  3.480734372497339E-009
         114  5.740149906765325E-013  2.674800647939217E-015
          14
          19  8.137536566365324E-019  3.764042591663324E-021
          21  4.367329142803839E-007  2.036037661361977E-009
          26  7.097470058295389E-023  3.276491912505596E-025
          36  3.433426412296196E-018  1.590287010881966E-020
          38  2.997288508157744E-007  1.393109783460877E-009
          46  1.528645226511379E-007  7.129345178381718E-010
          54  2.773542176783094E-012  1.290115236393066E-014
          65  3.993394459049512E-019  1.845858344740411E-021
          71  6.918548975201135E-009  3.230532988314035E-011
          74  9.804412318854530E-009  4.676030575018638E-011
          77  3.817869063716430E-007  1.787126602348354E-009
          87  8.547807392491919E-015  3.935902837928542E-017
         104  1.618525768238665E-006  7.589730310008992E-009
         119  8.913593365638146E-012  4.114088714837478E-014
          17
           2  1.137261394312308E-022  5.243741744011254E-025
          13  2.025546289945108E-014  9.380735772983414E-017
          16  1.670105193679843E-017  7.778588058762656E-020
          22  1.069322810772337E-019  4.937973442101499E-022
          27  9.958721886196675E-007  4.708752901036157E-009
          34  9.430557737921612E-008  4.394363076036978E-010
          44  4.332228482477884E-011  2.064429231573937E-013
          49  2.999622051901003E-006  1.415693353059044E-008
          69  9.568529682724934E-008  4.595955734087063E-010
          86  3.713288029252353E-007  1.764908946657177E-009
          97  5.833134922021070E-008  2.791874393534022E-010
         107  7.485198621350586E-009  3.541099274478672E-011
         108  2.625165253299447E-014  1.226782784670297E-016
         109  2.136141346414109E-011  9.921444396454986E-014
         114  3.142185338721325E-012  1.466253888024624E-014
         116  3.494641452481884E-010  1.653152021033274E-012
         122  1.806174046012250E-006  8.622719034304939E-009
           4
          33  6.104060740346996E-018  2.814004544703452E-020
          40  1.108074195549017E-019  5.097644422810798E-022
          42  1.433047516794952E-013  6.632568011278616E-016
          75  7.755801718029596E-012  3.580410113575229E-014
          23
           1  1.578817604417901E-010  7.441253694930182E-013
           3  7.659516992312431E-006  3.859407906506662E-008
          10  2.623823860795289E-007  1.255644115691308E-009
          11  3.297146000090303E-018  1.526310091762756E-020
          16  3.052167240891385E-020  1.412554787731079E-022
          17  4.931650561775589E-005  2.429898123222524E-007
          50  2.674865347431062E-008  1.333391260062606E-010
          58  1.175726975763365E-006  5.713866591469897E-009
          60  4.362918146307722E-022  2.016307185657752E-024
          64  2.186119293333413E-022  1.005442175270552E-024
          70  6.384501346510378E-006  3.147837728167149E-008
          78  1.964750184263185E-005  9.939406550307205E-008
          81  1.261289485504259E-006  6.259599387843591E-009
          88  5.136682553702523E-017  2.373668312140572E-019
          90  4.708744419838928E-007  2.366515156643539E-009
          96  1.592896383645081E-006  7.717944661723980E-009
          98  7.489582396971689E-021  3.471635154145620E-023
          99  2.547578096946958E-015  1.185671072890133E-017
         105  1.852676967940675E-006  9.318556141472122E-009
         111  4.820677439238136E-011  2.323288074759087E-013
         112  6.090902995198175E-016  2.864989540081477E-018
         113  4.054745993283666E-007  1.949116211903382E-009
         121  2.243170788927535E-007  1.072520283889482E-009
          25
           3  4.811036910340293E-012  2.337561951711338E-014
          11  2.929061105597309E-017  1.361911269255539E-019
          16  8.738793085254910E-004  4.404525096628628E-006
          19  1.674120767886723E-007  8.159173233359201E-010
          22  3.400104568213766E-008  1.633953368196342E-010
          27  5.002927437244490E-014  2.335181146577637E-016
          44  2.183006820892483E-004  1.082957725813580E-006
          49  6.353758191599676E-013  2.965874428120319E-015
          50  6.979983614691088E-006  3.541967005232241E-008
          60  3.878532997993124E-004  1.965250441360217E-006
          69  4.237389125504261E-005  2.080149760867802E-007
          74  2.210670807392114E-018  1.025389925207118E-020
          78  2.986450151187736E-007  1.500316295670699E-009
          81  6.092144340576695E-008  3.014477776997709E-010
          86  3.017259374166405E-008  1.442483254752725E-010
          90  2.398450660086661E-007  1.206651749325701E-009
          97  3.198366098217733E-006  1.557315590396903E-008
          98  1.072249034750012E-004  5.437913578557079E-007
         105  2.090263438564524E-006  1.056344410965432E-008
         107  1.944424556547252E-009  9.258443559998360E-012
         108  8.045351750568396E-008  3.901034323542315E-010
         112  2.563209660364709E-016  1.207617434514052E-018
         114  1.523729883788073E-012  7.148423992800211E-015
         116  8.852879545910777E-009  4.254040761277289E-011
         122  2.700784651776732E-007  1.298688234708912E-009
          13
           4  1.460081393944484E-006  6.838071496961637E-009
           8  1.502407117804204E-009  7.173918919088555E-012
          29  4.338416281817186E-012  1.998704175730909E-014
          36  1.742611380337669E-009  8.348117585922943E-012
          39  1.753157338409915E-007  8.339109364971720E-010
          46  1.263305040432731E-019  5.828407096913345E-022
          48  3.455952469316675E-010  1.612639470038204E-012
          61  3.319256909512738E-006  1.556361860073350E-008
          74  6.461300486350157E-016  2.992173485361166E-018
          77  6.175911941698507E-011  2.865704018619456E-013
         112  8.347580340534399E-030  3.840934556686876E-032
         120  7.109035284598362E-016  3.290439727334944E-018
         123  3.841437873776711E-015  1.773912069099810E-017
          14
           4  4.779544772084349E-006  2.247651103349319E-008
           8  9.061408872261614E-008  4.378079043007614E-010
          23  3.313720180465526E-013  1.535959519218081E-015
          29  9.799870766765700E-012  4.529408058728968E-014
          31  1.315253598801441E-012  6.098849883206933E-015
          36  1.994418472898548E-009  9.578701659172610E-012
          39  4.888238433084717E-006  2.343659922715675E-008
          48  1.999594646754400E-007  9.434218373923637E-010
          61  3.489740031669411E-006  1.642044281298972E-008
          74  1.179053688415303E-025  5.433145602819886E-028
          77  4.854451535159448E-017  2.243024308899845E-019
         112  9.393375813000151E-017  4.397631889968969E-019
         120  3.812121374519807E-010  1.804969100832111E-012
         123  1.096293003740635E-010  5.095852847318193E-013
           1
         127  1.097516662751191E-018  5.059397732126441E-021
          12
          11  1.513574114434946E-014  7.032682842032528E-017
          13  4.994095489107140E-007  2.334216168149340E-009
          27  4.445398719480314E-010  2.076762017790570E-012
          40  9.039412068240837E-008  4.225396858393842E-010
          49  1.152960960452175E-011  5.350452407732973E-014
          66  1.697025906164269E-014  7.820072606452974E-017
          75  2.628767437944178E-017  1.208122018827460E-019
         107  1.697011491371519E-009  7.982239294046878E-012
         108  2.396250100213409E-012  1.125357804987092E-014
         109  1.155010573383928E-007  5.381189099132550E-010
         116  5.642179142961669E-010  2.663685349807596E-012
         122  2.270236818912616E-016  1.047738223544578E-018
           1
         123  9.114674778315749E-022  4.207495143981163E-024
          17
           7  4.593532095641994E-014  2.121283004561784E-016
          12  5.695433931942227E-018  2.631145200760107E-020
          14  5.844801592866359E-011  2.716627044045825E-013
          19  2.357516390579935E-020  1.088293374973760E-022
          21  6.121817916600614E-013  2.831762955519831E-015
          22  5.802628167406919E-025  2.673518967300073E-027
          26  8.055231800651583E-009  3.727329737560778E-011
          38  5.630356873766800E-015  2.594735267519671E-017
          43  8.307944033374786E-011  3.846992086843575E-013
          54  3.839132680533547E-008  1.800905096654617E-010
          55  1.891755655103774E-010  8.780699546199464E-013
          71  1.826577791174908E-007  8.541537154048090E-010
          74  1.367424828269875E-023  6.293623865851402E-026
          80  7.371843362788459E-019  3.404297022058544E-021
          89  5.806671461071739E-018  2.680327727217708E-020
         104  3.115600380454349E-009  1.450515694972003E-011
         128  3.564306957329181E-015  1.643231256946888E-017
          15
           2  4.796597466203182E-011  2.223131059448656E-013
           9  2.470006921309084E-012  1.143069170988291E-014
          18  2.290492041965793E-021  1.059593695290041E-023
          22  1.110322028091960E-028  5.132221319246650E-031
          27  1.795777968403234E-017  8.321603914788386E-020
          34  1.872372996645143E-008  8.723605885234666E-011
          49  8.569478978718807E-014  3.974151642683846E-016
          68  2.515224824139021E-016  1.164914582857580E-018
          69  2.374996717711775E-017  1.103261955803337E-019
          86  1.134606356169997E-009  5.351772069550679E-012
          89  7.448664579950506E-022  3.449104608002077E-024
          97  2.830577336921548E-012  1.333494400145533E-014
         114  3.291189733789020E-011  1.540932021676968E-013
         122  4.741103993209551E-015  2.201950128879713E-017
         125  9.225124457956515E-015  4.258162697616157E-017
          24
           1  2.343107754870860E-007  1.116539608757083E-009
           3  1.742396474546294E-006  8.749441428763563E-009
          10  7.598850368098542E-012  3.574868753536258E-014
          17  4.607161810385947E-004  2.276613796678722E-006
          30  1.266508434472955E-022  5.856250137460835E-025
          50  7.415326638243879E-013  3.578597858826187E-015
          58  1.569193867720114E-015  7.333875591576184E-018
          64  1.018895657968968E-007  4.857260757704870E-010
          70  3.469838786713103E-004  1.723088447471381E-006
          78  2.567661293384357E-009  1.269282216183430E-011
          79  4.880721412444318E-012  2.271932157096011E-014
          81  2.905389184915053E-016  1.366402565438440E-018
          83  2.085174569567244E-015  9.699733181378585E-018
          84  7.815568631355575E-014  3.640869444869305E-016
          85  2.567288628431912E-024  1.186914039568361E-026
          88  6.415323789945469E-015  2.974550533609708E-017
          90  1.292854849668504E-009  6.390520712845499E-012
          96  7.905053326513650E-005  3.851648512447303E-007
         105  2.495301927961209E-010  1.225917302633370E-012
         111  2.057572295234116E-007  1.011539109695873E-009
         112  7.845161889964025E-014  3.737526715975695E-016
         113  7.247728082137502E-015  3.376851490923020E-017
         115  7.741048555535294E-014  3.603849874631781E-016
         121  2.039071472032888E-011  9.601475801123179E-014
           6
          15  2.748428822275741E-016  1.269758681181366E-018
          20  1.037594929497762E-026  4.787699266211909E-029
          24  3.557895529036917E-015  1.640713608193149E-017
          30  1.360718790714951E-026  6.290700390132888E-029
          79  1.928877740967442E-022  8.906124610519536E-025
         126  2.581681513711614E-017  1.193980412768795E-019
           3
          33  6.554348632335530E-027  3.032195479870004E-029
          82  1.598360210820720E-024  7.404059899879890E-027
          92  4.002706569721508E-019  1.847549815417260E-021
          10
           1  2.399240501192441E-008  1.127902309198307E-010
          15  1.674291526635143E-014  7.701465238203587E-017
          17  1.093145543417074E-022  5.036870625655156E-025
          24  5.502087426613363E-008  2.540986458090538E-010
          30  2.190287609127124E-009  1.015449229997576E-011
          79  1.732799946260650E-007  8.060608542511792E-010
          88  4.367369476508695E-009  2.028537243727661E-011
          96  7.072657259897821E-012  3.318351574165851E-014
         103  7.457872563949999E-028  3.438744557867034E-030
         126  9.840571109244907E-010  4.538579009063954E-012
          24
           3  4.423521601324822E-011  2.151058930816087E-013
           8  2.679040484208870E-007  1.301597484195632E-009
          17  4.239672511024409E-015  1.985635525246056E-017
          23  4.054115292188229E-010  1.893235038830339E-012
          31  7.814635132975690E-010  3.649614258514989E-012
          36  1.826407319523734E-018  8.466881182832177E-021
          39  1.083781869354804E-008  5.160376645756461E-011
          47  1.330101951709848E-009  6.212121729095887E-012
          48  9.556115145186256E-009  4.505508957219562E-011
          62  5.141034747370737E-012  2.395135214453342E-014
          63  1.625799925757529E-009  7.587382910001573E-012
          64  9.801418941991502E-007  4.673594740994092E-009
          70  2.731814707918140E-008  1.325907776296462E-010
          83  1.225077224787969E-008  5.773646547098323E-011
          84  9.730930700167894E-012  4.541559417185269E-014
          85  7.282923881037988E-015  3.370315558438162E-017
          90  1.738833508428433E-020  8.080328968828461E-023
          91  7.650978786027414E-009  3.580987531803461E-011
          93  1.292127279732611E-010  6.023105251316757E-013
          94  1.166840301534744E-011  5.416134122542261E-014
         111  3.234740407298431E-005  1.601043473233780E-007
         112  1.756745180748006E-008  8.636028645281605E-011
         115  7.170406007830198E-006  3.416467394782827E-008
         120  4.823059787045818E-005  2.335931106960896E-007
           0
          23
           3  3.563822705291187E-006  1.799981107732883E-008
           8  2.917920058250443E-013  1.380357444548525E-015
          16  3.358308290664750E-005  1.682990157570084E-007
          19  2.717032458563100E-007  1.325900970172912E-009
          22  1.026596674665673E-011  4.850605740433271E-014
          36  3.047087627963094E-008  1.486888673823151E-010
          44  6.420600464513512E-007  3.154902916846953E-009
          50  7.125542292525529E-004  3.645568271662983E-006
          60  1.032330949472051E-003  5.241040987342711E-006
          69  5.761398801947657E-010  2.765641484621453E-012
          70  7.297010707937671E-022  3.366079502404260E-024
          74  1.887224372041121E-009  9.067704942802117E-012
          78  1.042777296186356E-005  5.282782200049195E-008
          81  6.370817198124015E-009  3.133237242595944E-011
          86  1.229514729321740E-024  5.674698318736726E-027
          90  2.166740906347115E-004  1.108470566450135E-006
          97  4.029593435436085E-012  1.906879889469080E-014
          98  1.522032510825698E-003  7.764178866779773E-006
         105  1.352903997406203E-004  6.898576859435411E-007
         108  4.487306875676065E-016  2.091190147175036E-018
         111  4.755562487414652E-012  2.280584743439859E-014
         112  3.156964663603547E-006  1.580281761450352E-008
         122  2.760210563820652E-021  1.271662965142634E-023
          24
           2  2.835356532258964E-013  1.311590387504798E-015
          14  2.246275378887754E-009  1.052370085362337E-011
          16  1.873626619190979E-007  9.222461639356447E-010
          19  6.391193831110068E-005  3.128860960856710E-007
          22  1.351107987077039E-004  6.544687703352018E-007
          43  2.897106509473720E-014  1.341041264878446E-016
          44  9.020401400111096E-005  4.436478639735751E-007
          49  3.099052970843259E-022  1.427150718981167E-024
          50  1.900579031903177E-013  9.115018264504914E-016
          54  4.051515580833840E-009  1.907000267181068E-011
          55  1.386026686922783E-009  6.478218831563591E-012
          60  1.310962687296620E-006  6.526125944835517E-009
          69  1.903616918189872E-006  9.229685925313052E-009
          71  6.368857037037421E-018  2.945271582094171E-020
          74  1.164328689305578E-010  5.528772084256159E-013
          80  1.179331662202065E-021  5.451414410507996E-024
          86  1.631461509992100E-006  7.802114669356351E-009
          89  2.810250393933236E-012  1.305108359718994E-014
          90  8.381036234062718E-024  3.873613921660847E-026
          97  1.982691712162804E-005  9.613658485254647E-008
          98  3.426052657953157E-007  1.703188418654428E-009
         105  1.885379402757140E-020  8.751617348044164E-023
         114  2.694312353091363E-006  1.282971015308138E-008
         122  3.591819314541777E-010  1.696950052912518E-012
          10
          35  4.777896664946098E-014  2.210631500415481E-016
          47  5.099220060434657E-023  2.357881888508605E-025
          53  4.366330104925279E-014  2.016876072299999E-016
          56  1.901652074892842E-015  8.807521701429591E-018
          62  1.314230486361312E-017  6.091899768071660E-020
          63  1.144037579217928E-028  5.286340049245751E-031
          85  4.893757513748655E-024  2.260734856183937E-026
          94  1.568508187244818E-018  7.236953090765330E-021
         101  3.845303696595043E-015  1.777112607130365E-017
         102  6.625490369290097E-016  3.059832110578665E-018
           8
          21  1.498820764474698E-012  6.937777325812454E-015
          38  1.405950706149679E-011  6.495745543173183E-014
          46  5.636760572801276E-010  2.617403927132934E-012
          72  7.779139387575691E-014  3.592842263761161E-016
          77  4.123330443721298E-010  1.916855231802749E-012
          87  5.789858030135514E-020  2.665661106786482E-022
         104  1.031283649088894E-022  4.748072522749286E-025
         119  2.343162194213811E-012  1.080827925549783E-014
          20
           4  7.330555269165062E-014  3.398840509703887E-016
           8  8.400727681571425E-009  4.042220867402281E-011
          23  1.782515687683148E-006  8.375236665004460E-009
          31  2.303183283874688E-006  1.082185476158706E-008
          39  1.336661484963910E-007  6.381857466559099E-010
          47  1.746320547114167E-010  8.135543681270581E-013
          48  3.014632613886608E-006  1.428599578398918E-008
          61  1.934626749024545E-022  8.952417461444489E-025
          62  1.309898945137827E-019  6.073902730140685E-022
          63  9.254625102465079E-010  4.313581243482080E-012
          64  6.879741808807162E-014  3.195676446615410E-016
          83  2.948145637354771E-014  1.371121479565124E-016
          91  6.959093349749331E-008  3.259703824243953E-010
          93  2.555191294516411E-008  1.194181909385342E-010
          94  7.014353626253741E-020  3.237664434835483E-022
         111  2.061549894532462E-010  9.923426713211624E-013
         112  5.563154345534340E-017  2.605584566194815E-019
         115  1.839443938083101E-008  8.676572619987817E-011
         120  9.116880804560880E-006  4.397891234154463E-008
         123  2.052868985028672E-010  9.557863233760104E-013
           4
          35  2.482194908958098E-029  1.144975897427687E-031
          53  1.613707855452810E-027  7.431043956792126E-030
          56  9.048623078403549E-019  4.179431231838944E-021
          95  1.486022942042683E-023  6.843646730790258E-026
           4
          23  2.702880849094942E-016  1.248798279837084E-018
          31  1.360645220125882E-016  6.280709168215542E-019
          48  5.751882810859892E-031  2.652694916684751E-033
         123  1.195136470437321E-012  5.537292436888304E-015
          12
           1  1.851361906230291E-011  8.630222638408875E-014
          10  8.748985332373106E-010  4.108205276354515E-012
          24  3.608575297869676E-010  1.663005693917275E-012
          30  1.762616968817101E-007  8.198214169311893E-010
          45  1.548144022199048E-018  7.115236818771381E-021
          57  2.947084358638156E-024  1.353755351601331E-026
          79  5.211500850897633E-012  2.406787462235515E-014
          88  1.810737994374042E-007  8.441600820614177E-010
          96  4.444578036248725E-016  2.061073338748394E-018
         103  1.215042372135269E-013  5.604006964964914E-016
         113  1.192078690593575E-015  5.506432589435923E-018
         121  2.820447360239230E-009  1.326666259969462E-011
          14
           5  3.548625796342239E-028  1.640264833381941E-030
           7  2.789185076550433E-011  1.294218131368388E-013
          12  2.117150888654526E-014  9.822999583466827E-017
          14  1.179894140862290E-010  5.509953656827829E-013
          25  6.034237713311044E-031  2.796152892347954E-033
          26  3.059841683085162E-009  1.421085209798456E-011
          43  6.229496588371923E-010  2.899179394221677E-012
          54  1.121465324605637E-009  5.263898311514255E-012
          55  2.772925763821386E-010  1.293135748764948E-012
          71  1.268656190806473E-009  5.930624964603613E-012
          80  1.119291244550459E-013  5.193912313955193E-016
          89  4.388505630696866E-014  2.036418603091668E-016
         104  6.504801534320129E-015  3.012098309494135E-017
         128  8.248015132863110E-012  3.820128596786230E-014
          11
          13  1.078690004555351E-010  5.018591064073890E-013
          27  1.726608900311691E-008  8.114708855190334E-011
          32  2.454479971579546E-018  1.132984115585528E-020
          34  8.536128852198425E-012  3.956673681025918E-014
          40  4.262634325391978E-022  1.963784519519667E-024
          49  1.213668355675694E-008  5.685644269402298E-011
          66  1.468950727767915E-013  6.783905962100939E-016
         107  6.016082867255602E-012  2.812254154077386E-014
         109  7.753613782022323E-009  3.612731289751024E-011
         116  1.473438970425203E-014  6.867489912016558E-017
         122  6.266485892477876E-012  2.931067578503661E-014
           6
          13  1.009457578140395E-015  4.668672500412107E-018
          27  1.042110566907812E-015  4.826271661372727E-018
          32  3.057054698443332E-020  1.410725856256020E-022
          49  5.001616971829262E-017  2.306574638237661E-019
          66  6.339875884350213E-013  2.926755272268415E-015
         109  4.972578145314234E-012  2.305229505133163E-014
          13
           1  3.153624794442504E-010  1.473963960862669E-012
          15  1.796000563483876E-016  8.259841758607924E-019
          20  2.849197315396722E-028  1.308701183701411E-030
          24  1.342816667694334E-010  6.182798131285078E-013
          30  1.975899926553133E-016  9.096380893232439E-019
          67  4.716092742285352E-013  2.172966095436866E-015
          79  9.406610010270396E-009  4.364949617339817E-011
          84  4.915235248047583E-020  2.267347254796680E-022
          85  1.576074104215599E-024  7.252577281798052E-027
          88  3.433747503329429E-015  1.581201030585681E-017
          96  3.715519977995514E-015  1.725924420799397E-017
         110  1.067031969751570E-014  4.909288509921649E-017
         126  2.050323738663433E-009  9.454831464118426E-012
           5
          33  4.707512589799207E-014  2.176566463668862E-016
          42  3.795946609776826E-014  1.760394599679533E-016
          75  1.136673873873817E-013  5.250327272428132E-016
          82  6.079261710934750E-020  2.813594988225132E-022
          92  1.195958490048220E-018  5.515330880222445E-021
           1
         127  2.769245795330698E-017  1.274820811411788E-019
          12
           4  1.149612108311507E-019  5.298427913398093E-022
          23  1.152088752441042E-007  5.373203257909312E-010
          31  1.099980004673162E-007  5.129054771895471E-010
          39  2.230335352740840E-015  1.033774617883285E-017
          41  3.839763775891960E-022  1.771364514716656E-024
          47  5.845124950112553E-020  2.696425532466861E-022
          48  3.112511533536998E-009  1.455881686261689E-011
          63  3.787495892200146E-016  1.746666947190254E-018
          91  3.584725515859541E-011  1.662227308092012E-013
          93  2.585364081791160E-010  1.199757631783677E-012
         120  3.599261646825187E-013  1.680254204102342E-015
         123  2.365817752560789E-009  1.098160704378243E-011
          26
          11  5.449592853567391E-009  2.595703161457839E-011
          13  4.102842099223876E-014  1.899797576283178E-016
          16  2.201700121707604E-004  1.099060808567854E-006
          19  3.031328458368244E-015  1.414090200482085E-017
          22  6.629304404694167E-013  3.101628962942506E-015
          27  6.752697535013092E-008  3.192004556226245E-010
          40  2.897117399859707E-012  1.344684972887286E-014
          44  1.411993497888085E-005  6.927096261100226E-008
          49  8.150839724281776E-008  3.841191020397175E-010
          50  4.559433815867342E-009  2.252955150111021E-011
          58  2.602363396307066E-024  1.199139665466227E-026
          60  1.070515144284946E-006  5.324764759728279E-009
          69  8.168679923846295E-005  3.987496335886861E-007
          78  8.697839058228813E-009  4.303393939919315E-011
          81  4.976235927130901E-007  2.457890555268937E-009
          86  3.353339230997024E-008  1.593123129327190E-010
          90  1.354633154302263E-011  6.575812021282883E-014
          97  1.063635438438067E-006  5.132423395551948E-009
          98  4.024913208800487E-008  1.992077323318485E-010
         105  9.180068064806347E-009  4.539362822985480E-011
         107  1.205827262101699E-005  5.788611828226124E-008
         108  4.737488393416105E-005  2.308913556600701E-007
         109  1.293831737798567E-016  5.975393179835322E-019
         114  1.159052901730484E-017  5.355834149806250E-020
         116  2.482548479465196E-005  1.200667206334182E-007
         122  2.425999872647294E-005  1.167402320885318E-007
          25
           3  2.557475863696457E-005  1.296872372169011E-007
          10  9.214817103224184E-014  4.309719907106795E-016
          11  1.687152990339935E-009  8.069886132121126E-012
          16  3.843517767080819E-006  1.919645671067190E-008
          17  3.817492891614624E-010  1.838940320887488E-012
          44  2.418639205530117E-013  1.146251482186696E-015
          50  1.332303927276587E-004  6.803547900151698E-007
          58  3.187536794558942E-007  1.550345379777178E-009
          60  9.328403822764335E-007  4.673882622107146E-009
          69  4.799565561645171E-015  2.247165799534513E-017
          70  4.390935436350106E-010  2.123083369744169E-012
          78  1.494609328596466E-003  7.651571010983009E-006
          81  4.223396302715974E-004  2.128179392297728E-006
          90  1.341328956698325E-004  6.850041148659606E-007
          96  2.635855674121359E-018  1.224596453829285E-020
          98  4.864173977706432E-007  2.438413163407147E-009
          99  2.679359600773746E-013  1.256444832614356E-015
         105  7.196860785065671E-004  3.683478391692359E-006
         107  1.703796501506983E-017  7.889804239895832E-020
         108  1.289976596652362E-008  6.230308190291109E-011
         111  9.127455986899052E-014  4.333026080132484E-016
         112  5.413878901591557E-011  2.633807486056121E-013
         113  9.416075393547009E-010  4.487479141303829E-012
         116  7.481979351747288E-013  3.524918854344331E-015
         121  7.882615797766805E-015  3.674965214839583E-017
           4
          13  3.180920289874404E-017  1.473310014328838E-019
          27  2.297061578549330E-027  1.063718017697929E-029
          66  5.670863410843601E-013  2.623208685469461E-015
         109  2.125225019217898E-013  9.859600282905334E-016
          20
           3  3.103323893774187E-004  1.583033212702331E-006
           8  2.855987527415583E-008  1.389756170203777E-010
          16  8.139986813827641E-008  4.026717487765260E-010
          17  4.599552238418035E-014  2.167475505920212E-016
          19  5.862334898132587E-012  2.789079329776459E-014
          36  3.448888843436529E-007  1.692762659874500E-009
          39  1.984280394044010E-018  9.181287938768608E-021
          44  9.512363720393413E-013  4.522057717656842E-015
          50  8.764214006411788E-004  4.488161674626971E-006
          60  3.423164219077212E-005  1.729206273967902E-007
          70  3.080791779714793E-009  1.497575693905688E-011
          74  1.196023557924441E-011  5.676388654380628E-014
          78  2.699479749150634E-005  1.372741412178172E-007
          81  1.077385310028469E-009  5.271284387041165E-012
          90  1.092834541923634E-003  5.604888286298002E-006
          98  1.359762783307074E-004  6.903993823981003E-007
         105  2.573365584074279E-004  1.315833705325714E-006
         111  1.376683438829951E-006  6.823866451200127E-009
         112  2.465906196123759E-004  1.247125464578207E-006
         120  1.977818982108460E-014  9.247556407339937E-017
           0
          13
          10  7.766590414147470E-014  3.609152065921939E-016
          11  1.852978300529263E-009  8.772669179654689E-012
          33  2.805311919671207E-008  1.299506016764264E-010
          40  1.562405179022788E-015  7.200664180510073E-018
          42  8.224224443357557E-007  3.851002570450535E-009
          58  1.939540598353823E-009  9.231361659511552E-012
          75  1.060857589716664E-007  4.935084675156282E-010
          81  4.441737372479056E-026  2.052465245429929E-028
          82  5.400398259797193E-018  2.492583948907521E-020
          92  1.825618064042724E-008  8.435460368003146E-011
          99  1.348562770463127E-006  6.411673281929889E-009
         113  1.374633801583563E-009  6.486505757600120E-012
         121  1.681564326120508E-015  7.785571725403125E-018
           1
         103  9.954737895733936E-031  4.597097693043038E-033
          19
           2  8.021244550732644E-009  3.716350106432212E-011
           5  5.695092549093694E-013  2.620825428161255E-015
           7  3.699057259646315E-010  1.709916785430881E-012
          14  1.683745192876271E-006  7.894575357828202E-009
          19  1.886460269116069E-011  8.917898579996547E-014
          22  4.740731808507756E-008  2.252461783480076E-010
          25  2.965711900271847E-023  1.367597808807368E-025
          26  9.529219506204311E-014  4.397520752415900E-016
          43  3.329008688560753E-007  1.548554261396849E-009
          44  1.377872586084344E-019  6.369965128039693E-022
          54  7.923318645332774E-008  3.720918741796897E-010
          55  1.478890336389638E-006  6.919276786659325E-009
          71  1.552005596832736E-011  7.202812151714014E-014
          80  4.708913692983362E-008  2.185161913069415E-010
          86  8.263151011014502E-014  3.838579562933092E-016
          89  3.915059403940704E-007  1.823479084522363E-009
          97  2.936103168701266E-014  1.369524290803437E-016
         114  9.217316777838087E-008  4.343504252136655E-010
         128  1.424649210209328E-011  6.570002596453897E-014
          10
           7  4.912158201623365E-015  2.270336646975307E-017
          12  5.902966253335995E-015  2.729820577820840E-017
          14  5.388186862486780E-017  2.492012671671228E-019
          26  4.307975005858867E-010  1.993194292403442E-012
          43  3.363195878031859E-014  1.554065929634908E-016
          54  2.831498300385979E-013  1.314792826651304E-015
          55  8.754208292006159E-016  4.042779413592316E-018
          71  2.250525021342930E-011  1.045664540120684E-013
         104  1.526395496424637E-017  7.034318412685981E-020
         128  2.627678167968428E-015  1.212597731080341E-017
          13
           5  1.606936274947211E-014  7.396412238618429E-017
           7  3.824303023752968E-011  1.766898374132689E-013
          12  4.135042010926310E-017  1.910453300620156E-019
          14  3.169074750110486E-013  1.467923987203039E-015
          25  2.040676831718956E-015  9.416473137213720E-018
          26  2.621050967639213E-014  1.209870531827470E-016
          43  2.093990881191329E-011  9.686243741538237E-014
          54  2.202214323350500E-018  1.017141762504773E-020
          55  4.922381490161630E-013  2.276212090798746E-015
          71  1.762224349212552E-029  8.136487820719191E-032
          80  2.676487304485494E-012  1.237421524269045E-014
          89  1.478574771784259E-013  6.834046153324474E-016
         128  1.758168269276520E-011  8.108138524993313E-014
          10
           4  2.407527284854056E-016  1.112073843887662E-018
          21  2.148962379620467E-013  9.949126707483284E-016
          38  3.651734818093542E-012  1.687663031768712E-014
          46  1.047258289065258E-009  4.869567034541694E-012
          61  4.256322300516342E-012  1.976452317209060E-014
          72  4.440714393985946E-018  2.052243604388492E-020
          77  1.667612174070126E-008  7.784196091457772E-011
         104  1.915908323100003E-021  8.826741362174815E-024
         119  1.703183158822349E-015  7.859822523940141E-018
         127  1.476732332075964E-025  6.818193955193423E-028
          19
          14  1.481127003501255E-013  6.868799361658547E-016
          19  1.171346904840606E-005  5.708991623314062E-008
          21  3.910585112631196E-011  1.816422650372935E-013
          22  3.760433237942632E-009  1.785408145562023E-011
          36  5.188633340382747E-008  2.515258214874391E-010
          38  4.216419121625445E-012  1.950603236591679E-014
          43  4.562632253285462E-022  2.104322615799640E-024
          44  2.724743971579592E-015  1.273736756142909E-017
          46  2.143423819804271E-013  9.934259078018480E-016
          54  2.210833191265105E-007  1.044064049823414E-009
          55  5.690140536420924E-013  2.636204948226826E-015
          60  1.009102753216377E-011  4.858605009327341E-014
          71  6.705562875100834E-008  3.145883567595395E-010
          74  1.116009233228336E-004  5.428146101540629E-007
          77  3.461940002087277E-010  1.613987491366677E-012
          98  2.382719228702100E-010  1.159476567693716E-012
         104  8.710269255167735E-007  4.093944626858516E-009
         112  4.269863250957656E-019  1.981715099563508E-021
         114  9.293756803350562E-024  4.291568742626671E-026
          20
           1  3.891787338497436E-008  1.833330545411615E-010
          17  9.689600242486033E-011  4.607090513767851E-013
          24  2.908016373397930E-014  1.337208277695427E-016
          35  1.917115274888915E-017  8.843126587585142E-020
          53  1.907942317301540E-017  8.785897707389743E-020
          62  4.281397311864821E-012  1.986398985788424E-014
          64  2.126651131678670E-008  1.001968721255399E-010
          67  1.750159465073725E-009  8.094116615432075E-012
          70  5.203854884475620E-012  2.463286434218591E-014
          79  1.065071173533262E-008  4.954280455296588E-011
          83  8.132293962076288E-010  3.800777043374838E-012
          84  8.977286621081150E-008  4.208516106381820E-010
          85  1.252487914277458E-008  5.826576287958834E-011
          88  3.318693725763245E-019  1.528090641543117E-021
          94  2.552902998974681E-011  1.180711990479994E-013
          96  1.392408191064698E-008  6.626185549531902E-011
         101  4.116640114298461E-014  1.898104915915652E-016
         110  2.590521331468256E-009  1.197672536814166E-011
         115  7.683848207244859E-014  3.556528482299249E-016
         126  1.801399114944179E-012  8.310744609444948E-015
           5
          45  2.861685630497242E-027  1.319694919352261E-029
          57  1.160885545195236E-015  5.350746723020042E-018
          59  5.328897866249012E-025  2.468839450420456E-027
          76  6.547612717212350E-027  3.029342808930537E-029
         103  7.672194484989566E-022  3.549758423221959E-024
          12
          28  2.678014701703117E-017  1.238898668890148E-019
          35  6.092156590651001E-017  2.818870105077463E-019
          53  9.075662054291016E-018  4.192262345018374E-020
          62  2.113440367746224E-024  9.798665763123511E-027
          67  1.080630370341471E-013  4.998657505894979E-016
          84  9.579406482668360E-022  4.437377912889872E-024
          85  5.966561863225602E-017  2.757921951516452E-019
          94  8.131708713602725E-024  3.752976861357853E-026
         101  3.764769378234380E-014  1.740725593297990E-016
         102  2.247561013266839E-017  1.038336684860194E-019
         106  8.253089897060332E-018  3.812547064057206E-020
         110  2.868966905008218E-013  1.325926581217460E-015
          10
           4  4.987808832093222E-016  2.305803119973398E-018
          21  2.453730254685491E-017  1.135252762240392E-019
          29  1.426242818923835E-028  6.584524445146075E-031
          38  5.721590536008328E-015  2.641688230692106E-017
          46  3.428275800040647E-011  1.592232438980682E-013
          61  4.342478731253881E-012  2.017865331083384E-014
          72  3.780798834737153E-020  1.748507414349429E-022
          77  9.832355594093516E-010  4.581995770304805E-012
         119  6.281115493568618E-019  2.900525729576650E-021
         127  4.985624299463155E-019  2.303546727966851E-021
