         128
  0.198788966489128     
  0.201128051738120     
  0.199834202538808     
  0.199812689339260     
  0.199635953113171     
  0.199577822317776     
  0.200106146248444     
  0.199540531043357     
  0.200107422047650     
  0.200036826460597     
  0.199145935797585     
  0.198890452577634     
  0.199030713073766     
  0.199419444972563     
  0.199972572392648     
  0.199305303268324     
  0.199044831246031     
  0.200239220052673     
  0.199311855298726     
  0.200667267901637     
  0.199864916687660     
  0.200026142976193     
  0.200174742654233     
  0.199785256451660     
  0.199517000636692     
  0.198412126043012     
  0.199809841811288     
  0.198441990006336     
  0.199371865262889     
  0.199791500543306     
  0.199215476788713     
  0.199415132353752     
  0.199061517655398     
  0.199606935130623     
  0.199429900115046     
  0.200549966752582     
  0.198782541884310     
  0.199419269226109     
  0.199015741682957     
  0.201052755066510     
  0.199622853490334     
  0.199901830865083     
  0.199566377240552     
  0.199976271375442     
  0.199840751901824     
  0.198380085257808     
  0.200120083042816     
  0.199995766458067     
  0.200532311330207     
  0.200466315533130     
  0.200792632473609     
  0.199015658845709     
  0.198985589997954     
  0.198991394021540     
  0.199835311839705     
  0.199159923699508     
  0.199682635933009     
  0.199460963894028     
  0.199930088570868     
  0.200371667686960     
  0.199483805472015     
  0.199678534394849     
  0.199046972055329     
  0.199725503712517     
  0.199109203670657     
  0.198804356974954     
  0.199726528803625     
  0.198976601554851     
  0.198821412976142     
  0.199397272781515     
  0.198975142255398     
  0.199083756906898     
  0.199032062966033     
  0.199265441855386     
  0.199556741040255     
  0.198774385664120     
  0.199186685721060     
  0.199744087948460     
  0.200006089391010     
  0.199072754977236     
  0.199316319563518     
  0.198451639724830     
  0.198694302768678     
  0.198921404015580     
  0.199563642912394     
  0.199378254062256     
  0.200239780230450     
  0.201116929082681     
  0.199174792488460     
  0.199887438325185     
  0.199995498511668     
  0.200327285886046     
  0.198799587527895     
  0.200107739225303     
  0.197763407985078     
  0.199888662118197     
  0.198546502084225     
  0.199142567209351     
  0.199072579604830     
  0.200024202565661     
  0.199037419036062     
  0.200315454940235     
  0.199410605376540     
  0.199588840984103     
  0.200033631254831     
  0.198768869260614     
  0.199222375585248     
  0.201423653284074     
  0.197870109500259     
  0.200486354893837     
  0.200000753026232     
  0.200244831167431     
  0.199888586657348     
  0.199078253119964     
  0.199145281448812     
  0.199292455603596     
  0.200168451226522     
  0.199799318367311     
  0.200453760800227     
  0.199525044123571     
  0.199294536103543     
  0.200120491246498     
  0.198582754152547     
  0.199773179577493     
  0.200352646327584     
  0.199926893455241     
  0.200581757675868     
  0.199561619394336     
