         154
  0.199377163931382     
  0.198951625886577     
  0.197897233075186     
  0.199472518905477     
  0.198639402427699     
  0.199216728624427     
  0.200300780334253     
  0.200232913329694     
  0.199029814818397     
  0.199822335304663     
  0.199297684172558     
  0.199425431205810     
  0.199685293715953     
  0.200436521751637     
  0.198539138854697     
  0.199927072122854     
  0.200445159214030     
  0.198762864493216     
  0.200286110420635     
  0.200017353758377     
  0.200502983307374     
  0.200410360291857     
  0.199648435974863     
  0.199612688993021     
  0.199360909454701     
  0.200709544591506     
  0.199589293137526     
  0.199372634455127     
  0.200179326843154     
  0.200651818937004     
  0.198059983253490     
  0.200254061739555     
  0.199911863528907     
  0.200177921261125     
  0.199373381744107     
  0.200548308103511     
  0.200469170508528     
  0.200417213053458     
  0.198002623861868     
  0.199936044724890     
  0.198922984333316     
  0.199413235820181     
  0.198530185519255     
  0.198881361958016     
  0.199340836526487     
  0.199687934983079     
  0.198750313099510     
  0.199069347315333     
  0.198476625133165     
  0.199439800288335     
  0.199816573574467     
  0.199419372845740     
  0.199504631955083     
  0.200087687504670     
  0.200407447411722     
  0.199795511065063     
  0.199197009673460     
  0.199597657970953     
  0.200323192015421     
  0.194818595878995     
  0.199721416910387     
  0.199436353198154     
  0.198453916333111     
  0.199075629764217     
  0.200104019768444     
  0.199643067029712     
  0.198342336223848     
  0.198658484466944     
  0.199061882451373     
  0.200433885987744     
  0.201202671777639     
  0.199135383997243     
  0.198756909740061     
  0.199588544825714     
  0.199468496471362     
  0.196362998993789     
  0.200197921682565     
  0.199719991812984     
  0.198815170040727     
  0.199828056947907     
  0.200263082827834     
  0.200192718535790     
  0.199044956590268     
  0.199124244775141     
  0.199414401412465     
  0.199041078441670     
  0.199458296260210     
  0.196867703886593     
  0.199094181398663     
  0.198752731792825     
  0.199818105966177     
  0.199662550273275     
  0.198881370560556     
  0.200500292452716     
  0.199478519684075     
  0.199535956379671     
  0.199545472940136     
  0.199060733028033     
  0.199032204304242     
  0.200564046727379     
  0.198509121608531     
  0.198461287308722     
  0.200195242164824     
  0.199112949187584     
  0.200392468139771     
  0.200167272725154     
  0.199961879421069     
  0.199493009172068     
  0.198427916521007     
  0.198761933339478     
  0.200363692063691     
  0.199954420709771     
  0.198742724485769     
  0.198542758090358     
  0.199763138948540     
  0.200603238586036     
  0.200882378431973     
  0.199626694065341     
  0.199405156336697     
  0.199595346931718     
  0.200689060135987     
  0.199740063291954     
  0.195276368566534     
  0.199664785566751     
  0.198985929487322     
  0.200041367827247     
  0.200138805251888     
  0.199628824482409     
  0.199757950668570     
  0.198482910616271     
  0.200329145138378     
  0.199895085999083     
  0.200081952509727     
  0.199190640128134     
  0.200877097052908     
  0.199839200168887     
  0.199562675426566     
  0.199980754850092     
  0.200172905389740     
  0.199680726241299     
  0.199782457724498     
  0.198956654970808     
  0.198929379117734     
  0.200153935368566     
  0.198945475854076     
  0.199755323861649     
  0.198609781207644     
  0.198889953426687     
  0.199724273265540     
  0.200234319506138     
  0.200564609096370     
  0.197257680004111     
  0.199347808185291     
  0.200128378192797     
