         122
  0.199892294488360     
  0.199367068182380     
  0.199488618114249     
  0.200418885691669     
  0.200254309838676     
  0.199449547769027     
  0.199385361669733     
  0.198601974647166     
  0.200497659754228     
  0.198574830934842     
  0.198439393280258     
  0.199598119166779     
  0.199793105754792     
  0.199183608817404     
  0.199562393622322     
  0.200434176619632     
  0.199830426611564     
  0.199857748588850     
  0.193310955513248     
  0.198647495571333     
  0.199555320679692     
  0.198701617168618     
  0.200707455002411     
  0.197765175561105     
  0.198527021335542     
  0.199291119928247     
  0.200867598205834     
  0.198652904667217     
  0.199701920485064     
  0.199109999062502     
  0.199460509820963     
  0.199272315096121     
  0.200421536044781     
  0.200187029962202     
  0.199096772039321     
  0.200050741391498     
  0.199529825788840     
  0.200164758407247     
  0.199287867075735     
  0.200117033255344     
  0.196109545060963     
  0.199397223708951     
  0.199831302759480     
  0.195833108934570     
  0.200351239584191     
  0.195716385658711     
  0.200098180036685     
  0.198444849077066     
  0.199340403935564     
  0.194684281098655     
  0.197164103666430     
  0.198898387706703     
  0.198984524453298     
  0.198462188845460     
  0.199818493115290     
  0.200000763945837     
  0.199678738638055     
  0.199648387239723     
  0.200613551630574     
  0.199814493891521     
  0.199591789813959     
  0.199481197080796     
  0.199110840870438     
  0.200519076651146     
  0.200729151572478     
  0.198507523073640     
  0.199825910724870     
  0.198612168822420     
  0.199209716311724     
  0.198939930857884     
  0.199241777705579     
  0.199059338801030     
  0.200129079728289     
  0.199933289298786     
  0.199921218977123     
  0.199250562352738     
  0.198450805729704     
  0.200388825550432     
  0.199636317077537     
  0.198384555193351     
  0.197303282546995     
  0.200214461709174     
  0.199431522765236     
  0.197416182795976     
  0.198592787069325     
  0.192902137196866     
  0.199267486370456     
  0.199249029624858     
  0.199432545521100     
  0.198860472174063     
  0.198949751916480     
  0.193314817709331     
  0.199162002508290     
  0.198157508290031     
  0.200469273312528     
  0.199257796895486     
  0.199512166636193     
  0.193838475844962     
  0.199440438268334     
  0.198480262140739     
  0.198758735533220     
  0.199197082513558     
  0.199474376753907     
  0.199327203407647     
  0.198173632548124     
  0.199914648044817     
  0.199594081712830     
  0.198906443848051     
  0.198020939470830     
  0.199291784100498     
  0.199826383853277     
  0.199266475805913     
  0.199184991949440     
  0.199226021988488     
  0.199176826157930     
  0.199847988235260     
  0.198981676908005     
  0.200147168428095     
  0.200174834236561     
  0.199943577120802     
  0.198178931968472     
  0.198155469586917     
