# DeltaG0 (kT)	h (nm)	Explicit + Derjaguin Pair potential (kT)	Mean field + Derjaguin Pair potential (kT)
-7.55709	5	42.2779	41.593
-7.55709	5.5	35.3228	34.6807
-7.55709	6	29.4699	28.8669
-7.55709	6.5	24.5041	23.9374
-7.55709	7	20.273	19.7401
-7.55709	7.5	16.6612	16.1597
-7.55709	8	13.577	13.1049
-7.55709	8.5	10.9451	10.5008
-7.55709	9	8.7021	8.28379
-7.55709	9.5	6.79222	6.39849
-7.55709	10	5.1663	4.79581
-7.55709	10.5	3.78209	3.43358
-7.55709	11	2.60606	2.27838
-7.55709	11.5	1.61093	1.30306
-7.55709	12	0.773568	0.484548
-7.55709	12.5	0.0739506	-0.197066
-7.55709	13	-0.505904	-0.759739
-7.55709	13.5	-0.981712	-1.21922
-7.55709	14	-1.36713	-1.58904
-7.55709	14.5	-1.67399	-1.88098
-7.55709	15	-1.91269	-2.10546
-7.55709	15.5	-2.09262	-2.27176
-7.55709	16	-2.22187	-2.38795
-7.55709	16.5	-2.30752	-2.46113
-7.55709	17	-2.35571	-2.49741
-7.55709	17.5	-2.37208	-2.5024
-7.55709	18	-2.36162	-2.48119
-7.55709	18.5	-2.32877	-2.43812
-7.55709	19	-2.27753	-2.37712
-7.55709	19.5	-2.21128	-2.30163
-7.55709	20	-2.13313	-2.21478
-7.55709	20.5	-2.04578	-2.11924
-7.55709	21	-1.95155	-2.01733
-7.55709	21.5	-1.85252	-1.91113
-7.55709	22	-1.75046	-1.8024
-7.55709	22.5	-1.64689	-1.69268
-7.55709	23	-1.54316	-1.58329
-7.55709	23.5	-1.44037	-1.4753
-7.55709	24	-1.3394	-1.3696
-7.55709	24.5	-1.24106	-1.26699
-7.55709	25	-1.14598	-1.16807
-7.55709	25.5	-1.05461	-1.07326
-7.55709	26	-0.967305	-0.982925
-7.55709	26.5	-0.884357	-0.897306
-7.55709	27	-0.805955	-0.81656
-7.55709	27.5	-0.732185	-0.740763
-7.55709	28	-0.663088	-0.66992
-7.55709	28.5	-0.598644	-0.604016
-7.55709	29	-0.538812	-0.542935
-7.55709	29.5	-0.483479	-0.486538
-7.55709	30	-0.432482	-0.43469
-7.55709	30.5	-0.385669	-0.387188
-7.55709	31	-0.342851	-0.343824
-7.55709	31.5	-0.303838	-0.304382
-7.55709	32	-0.268426	-0.268641
-7.55709	32.5	-0.236382	-0.236352
-7.55709	33	-0.207491	-0.207279
-7.55709	33.5	-0.181545	-0.181203
-7.55709	34	-0.158322	-0.157903
-7.55709	34.5	-0.13761	-0.13715
-7.55709	35	-0.119199	-0.118724
-7.55709	35.5	-0.102888	-0.102422
-7.55709	36	-0.0884934	-0.0880463
-7.55709	36.5	-0.0758366	-0.0754207
-7.55709	37	-0.0647407	-0.064362
-7.55709	37.5	-0.0550504	-0.0547092
-7.55709	38	-0.0466206	-0.0463172
-7.55709	38.5	-0.0393133	-0.0390485
-7.55709	39	-0.0330035	-0.0327756
-7.55709	39.5	-0.0275746	-0.027379
-7.55709	40	-0.0229217	-0.0227555
-7.55709	40.5	-0.018951	-0.0188125
-7.55709	41	-0.0155767	-0.0154626
-7.55709	41.5	-0.0127217	-0.0126296
-7.55709	42	-0.0103176	-0.0102444
-7.55709	42.5	-0.00830323	-0.00824527
-7.55709	43	-0.00662375	-0.00657862
-7.55709	43.5	-0.00523149	-0.00519731
-7.55709	44	-0.00408515	-0.00405961
-7.55709	44.5	-0.00314773	-0.00312902
-7.55709	45	-0.00238716	-0.00237396
-7.55709	45.5	-0.00177575	-0.00176668
-7.55709	46	-0.00128973	-0.00128367
-7.55709	46.5	-0.000908743	-0.000904949
-7.55709	47	-0.000615274	-0.000613134
-7.55709	47.5	-0.000394361	-0.000393308
-7.55709	48	-0.000233377	-0.000232947
-7.55709	48.5	-0.000121722	-0.000121598
-7.55709	49	-5.04035e-05	-5.03929e-05
-7.55709	49.5	-1.18957e-05	-1.1902e-05
-7.55709	50	0	0

-7.80959	5	40.1135	39.1671
-7.80959	5.5	33.2355	32.344
-7.80959	6	27.4562	26.6154
-7.80959	6.5	22.5612	21.7678
-7.80959	7	18.3983	17.6493
-7.80959	7.5	14.8524	14.1448
-7.80959	8	11.8318	11.1633
-7.80959	8.5	9.26163	8.63019
-7.80959	9	7.07846	6.48203
-7.80959	9.5	5.22678	4.66355
-7.80959	10	3.65748	3.12579
-7.80959	10.5	2.32844	1.82671
-7.80959	11	1.20621	0.733018
-7.80959	11.5	0.263633	-0.18232
-7.80959	12	-0.522382	-0.942307
-7.80959	12.5	-1.1718	-1.56678
-7.80959	13	-1.70256	-2.07365
-7.80959	13.5	-2.13031	-2.47859
-7.80959	14	-2.46869	-2.79512
-7.80959	14.5	-2.72949	-3.03494
-7.80959	15	-2.92302	-3.20838
-7.80959	15.5	-3.05868	-3.32474
-7.80959	16	-3.14455	-3.39206
-7.80959	16.5	-3.18771	-3.41745
-7.80959	17	-3.1943	-3.40699
-7.80959	17.5	-3.16994	-3.36632
-7.80959	18	-3.11964	-3.30051
-7.80959	18.5	-3.04785	-3.21392
-7.80959	19	-2.95858	-3.11049
-7.80959	19.5	-2.85522	-2.99369
-7.80959	20	-2.74093	-2.86667
-7.80959	20.5	-2.61843	-2.73214
-7.80959	21	-2.49004	-2.59243
-7.80959	21.5	-2.35789	-2.44966
-7.80959	22	-2.22377	-2.30563
-7.80959	22.5	-2.08923	-2.16187
-7.80959	23	-1.95566	-2.01977
-7.80959	23.5	-1.82416	-1.88041
-7.80959	24	-1.69563	-1.74468
-7.80959	24.5	-1.5709	-1.61341
-7.80959	25	-1.45063	-1.48721
-7.80959	25.5	-1.33528	-1.36652
-7.80959	26	-1.2252	-1.25169
-7.80959	26.5	-1.1207	-1.14296
-7.80959	27	-1.02194	-1.04047
-7.80959	27.5	-0.929014	-0.944281
-7.80959	28	-0.841945	-0.854378
-7.80959	28.5	-0.760695	-0.77072
-7.80959	29	-0.685202	-0.693149
-7.80959	29.5	-0.615323	-0.621487
-7.80959	30	-0.550858	-0.555563
-7.80959	30.5	-0.491619	-0.495123
-7.80959	31	-0.437376	-0.439904
-7.80959	31.5	-0.387899	-0.389642
-7.80959	32	-0.342939	-0.344059
-7.80959	32.5	-0.302209	-0.302848
-7.80959	33	-0.265448	-0.265714
-7.80959	33.5	-0.232399	-0.232383
-7.80959	34	-0.202789	-0.202581
-7.80959	34.5	-0.176356	-0.176018
-7.80959	35	-0.152838	-0.15242
-7.80959	35.5	-0.131986	-0.131531
-7.80959	36	-0.11357	-0.1131
-7.80959	36.5	-0.097365	-0.0969059
-7.80959	37	-0.0831497	-0.0827153
-7.80959	37.5	-0.0707276	-0.0703239
-7.80959	38	-0.0599155	-0.0595473
-7.80959	38.5	-0.0505386	-0.0502103
-7.80959	39	-0.0424381	-0.0421502
-7.80959	39.5	-0.0354657	-0.0352144
-7.80959	40	-0.0294877	-0.029271
-7.80959	40.5	-0.0243845	-0.0242013
-7.80959	41	-0.0200467	-0.0198935
-7.80959	41.5	-0.0163754	-0.0162499
-7.80959	42	-0.013283	-0.0131818
-7.80959	42.5	-0.0106915	-0.01061
-7.80959	43	-0.00853029	-0.00846575
-7.80959	43.5	-0.00673836	-0.00668848
-7.80959	44	-0.00526266	-0.00522453
-7.80959	44.5	-0.00405567	-0.00402703
-7.80959	45	-0.00307621	-0.00305535
-7.80959	45.5	-0.00228869	-0.0022738
-7.80959	46	-0.00166256	-0.00165218
-7.80959	46.5	-0.00117165	-0.00116475
-7.80959	47	-0.00079343	-0.000789171
-7.80959	47.5	-0.000508651	-0.000506236
-7.80959	48	-0.000301073	-0.000299835
-7.80959	48.5	-0.000157062	-0.000156515
-7.80959	49	-6.50507e-05	-6.48634e-05
-7.80959	49.5	-1.53552e-05	-1.53197e-05
-7.80959	50	0	0

-8.31952	5	34.6188	32.905
-8.31952	5.5	27.9232	26.2955
-8.31952	6	22.3195	20.7726
-8.31952	6.5	17.594	16.1236
-8.31952	7	13.5951	12.1971
-8.31952	7.5	10.2082	8.8786
-8.31952	8	7.3419	6.07772
-8.31952	8.5	4.92192	3.72015
-8.31952	9	2.88502	1.74286
-8.31952	9.5	1.17593	0.0908558
-8.31952	10	-0.254172	-1.28455
-8.31952	10.5	-1.44722	-2.42517
-8.31952	11	-2.43638	-3.36401
-8.31952	11.5	-3.24866	-4.12788
-8.31952	12	-3.90704	-4.73964
-8.31952	12.5	-4.43136	-5.219
-8.31952	13	-4.83946	-5.58373
-8.31952	13.5	-5.14686	-5.84941
-8.31952	14	-5.36717	-6.02948
-8.31952	14.5	-5.51207	-6.1355
-8.31952	15	-5.59172	-6.17765
-8.31952	15.5	-5.61552	-6.1652
-8.31952	16	-5.59154	-6.10617
-8.31952	16.5	-5.52687	-6.00772
-8.31952	17	-5.42764	-5.87588
-8.31952	17.5	-5.29946	-5.71629
-8.31952	18	-5.14736	-5.53408
-8.31952	18.5	-4.97583	-5.33363
-8.31952	19	-4.78893	-5.11889
-8.31952	19.5	-4.59009	-4.89341
-8.31952	20	-4.38255	-4.66046
-8.31952	20.5	-4.16907	-4.42278
-8.31952	21	-3.95206	-4.18279
-8.31952	21.5	-3.73374	-3.94273
-8.31952	22	-3.51594	-3.70443
-8.31952	22.5	-3.3003	-3.46955
-8.31952	23	-3.0883	-3.23956
-8.31952	23.5	-2.88109	-3.01559
-8.31952	24	-2.67962	-2.79859
-8.31952	24.5	-2.48481	-2.58947
-8.31952	25	-2.29737	-2.38891
-8.31952	25.5	-2.1178	-2.19738
-8.31952	26	-1.9465	-2.01524
-8.31952	26.5	-1.78378	-1.84275
-8.31952	27	-1.62984	-1.68005
-8.31952	27.5	-1.48474	-1.52716
-8.31952	28	-1.34851	-1.38405
-8.31952	28.5	-1.22108	-1.25063
-8.31952	29	-1.10236	-1.12666
-8.31952	29.5	-0.992158	-1.01188
-8.31952	30	-0.890186	-0.906045
-8.31952	30.5	-0.796192	-0.808781
-8.31952	31	-0.709854	-0.719706
-8.31952	31.5	-0.630856	-0.638434
-8.31952	32	-0.558846	-0.564556
-8.31952	32.5	-0.493413	-0.497609
-8.31952	33	-0.434179	-0.437154
-8.31952	33.5	-0.380774	-0.382776
-8.31952	34	-0.332796	-0.334059
-8.31952	34.5	-0.289853	-0.290555
-8.31952	35	-0.251552	-0.251839
-8.31952	35.5	-0.217515	-0.217513
-8.31952	36	-0.18739	-0.187183
-8.31952	36.5	-0.16083	-0.160496
-8.31952	37	-0.137487	-0.137082
-8.31952	37.5	-0.117056	-0.116614
-8.31952	38	-0.0992447	-0.098795
-8.31952	38.5	-0.0837766	-0.0833428
-8.31952	39	-0.0703973	-0.0699929
-8.31952	39.5	-0.0588683	-0.0584968
-8.31952	40	-0.0489735	-0.0486396
-8.31952	40.5	-0.040519	-0.0402266
-8.31952	41	-0.0333267	-0.0330745
-8.31952	41.5	-0.027235	-0.0270225
-8.31952	42	-0.0221005	-0.0219245
-8.31952	42.5	-0.0177952	-0.0176499
-8.31952	43	-0.014203	-0.0140849
-8.31952	43.5	-0.011223	-0.0111293
-8.31952	44	-0.00876786	-0.00869423
-8.31952	44.5	-0.00675893	-0.00670203
-8.31952	45	-0.00512807	-0.00508528
-8.31952	45.5	-0.00381634	-0.00378473
-8.31952	46	-0.00277306	-0.00275019
-8.31952	46.5	-0.00195482	-0.00193891
-8.31952	47	-0.00132418	-0.00131375
-8.31952	47.5	-0.000849161	-0.000842767
-8.31952	48	-0.000502776	-0.00049917
-8.31952	48.5	-0.000262366	-0.000260574
-8.31952	49	-0.000108696	-0.00010799
-8.31952	49.5	-2.56639e-05	-2.55059e-05
-8.31952	50	0	0

-8.577	5	31.2105	28.9638
-8.577	5.5	24.6207	22.4793
-8.577	6	19.1194	17.0773
-8.577	6.5	14.4931	12.5456
-8.577	7	10.5906	8.73318
-8.577	7.5	7.29742	5.52574
-8.577	8	4.52257	2.83307
-8.577	8.5	2.19182	0.581117
-8.577	9	0.242104	-1.29298
-8.577	9.5	-1.38172	-2.8441
-8.577	10	-2.72836	-4.12078
-8.577	10.5	-3.83963	-5.16472
-8.577	11	-4.74857	-6.00881
-8.577	11.5	-5.4821	-6.67973
-8.577	12	-6.06314	-7.20029
-8.577	12.5	-6.5115	-7.5901
-8.577	13	-6.84493	-7.86689
-8.577	13.5	-7.07891	-8.0462
-8.577	14	-7.22704	-8.14142
-8.577	14.5	-7.30092	-8.16403
-8.577	15	-7.31066	-8.12416
-8.577	15.5	-7.26563	-8.03104
-8.577	16	-7.17393	-7.89273
-8.577	16.5	-7.04266	-7.71637
-8.577	17	-6.87791	-7.50799
-8.577	17.5	-6.68533	-7.27323
-8.577	18	-6.46994	-7.01727
-8.577	18.5	-6.23627	-6.74449
-8.577	19	-5.98839	-6.45888
-8.577	19.5	-5.72977	-6.16401
-8.577	20	-5.4637	-5.86323
-8.577	20.5	-5.19297	-5.55934
-8.577	21	-4.92004	-5.25478
-8.577	21.5	-4.64718	-4.95186
-8.577	22	-4.37626	-4.65248
-8.577	22.5	-4.10897	-4.35835
-8.577	23	-3.84687	-4.07102
-8.577	23.5	-3.59112	-3.79165
-8.577	24	-3.34273	-3.52124
-8.577	24.5	-3.10266	-3.26075
-8.577	25	-2.87167	-3.01093
-8.577	25.5	-2.6503	-2.77227
-8.577	26	-2.43898	-2.54518
-8.577	26.5	-2.23804	-2.32993
-8.577	27	-2.0477	-2.12665
-8.577	27.5	-1.86804	-1.9354
-8.577	28	-1.69909	-1.75612
-8.577	28.5	-1.54078	-1.58873
-8.577	29	-1.39302	-1.43295
-8.577	29.5	-1.25559	-1.28848
-8.577	30	-1.12817	-1.15504
-8.577	30.5	-1.01049	-1.0322
-8.577	31	-0.90217	-0.91951
-8.577	31.5	-0.802857	-0.816523
-8.577	32	-0.712147	-0.722753
-8.577	32.5	-0.629557	-0.637648
-8.577	33	-0.554649	-0.560678
-8.577	33.5	-0.486983	-0.491345
-8.577	34	-0.426084	-0.429144
-8.577	34.5	-0.371482	-0.373528
-8.577	35	-0.322702	-0.323973
-8.577	35.5	-0.279286	-0.279986
-8.577	36	-0.240804	-0.24108
-8.577	36.5	-0.206829	-0.206814
-8.577	37	-0.176934	-0.176725
-8.577	37.5	-0.150736	-0.1504
-8.577	38	-0.127874	-0.127467
-8.577	38.5	-0.108001	-0.107566
-8.577	39	-0.0907958	-0.0903632
-8.577	39.5	-0.0759587	-0.0755413
-8.577	40	-0.0632156	-0.0628266
-8.577	40.5	-0.0523205	-0.0519704
-8.577	41	-0.0430466	-0.042738
-8.577	41.5	-0.035188	-0.0349232
-8.577	42	-0.0285614	-0.0283386
-8.577	42.5	-0.0230026	-0.0228161
-8.577	43	-0.0183629	-0.0182094
-8.577	43.5	-0.0145128	-0.0143896
-8.577	44	-0.0113399	-0.0112421
-8.577	44.5	-0.00874301	-0.00866661
-8.577	45	-0.00663437	-0.00657629
-8.577	45.5	-0.004938	-0.00489464
-8.577	46	-0.00358856	-0.00355685
-8.577	46.5	-0.00253001	-0.00250771
-8.577	47	-0.00171403	-0.00169919
-8.577	47.5	-0.0010993	-0.00109005
-8.577	48	-0.000650957	-0.00064565
-8.577	48.5	-0.000339732	-0.000337044
-8.577	49	-0.000140764	-0.000139683
-8.577	49.5	-3.32383e-05	-3.29918e-05
-8.577	50	0	0

-8.96639	5	25.1691	21.9003
-8.96639	5.5	18.7564	15.6258
-8.96639	6	13.4268	10.428
-8.96639	6.5	8.96776	6.09531
-8.96639	7	5.22824	2.47704
-8.96639	7.5	2.09412	-0.540801
-8.96639	8	-0.525285	-3.04806
-8.96639	8.5	-2.70391	-5.11846
-8.96639	9	-4.50459	-6.81466
-8.96639	9.5	-5.98232	-8.19135
-8.96639	10	-7.18562	-9.29688
-8.96639	10.5	-8.15612	-10.1728
-8.96639	11	-8.92669	-10.8518
-8.96639	11.5	-9.5241	-11.3603
-8.96639	12	-9.97121	-11.7212
-8.96639	12.5	-10.2877	-11.9539
-8.96639	13	-10.4914	-12.0761
-8.96639	13.5	-10.5975	-12.1032
-8.96639	14	-10.6197	-12.0485
-8.96639	14.5	-10.5694	-11.9236
-8.96639	15	-10.4568	-11.7383
-8.96639	15.5	-10.2911	-11.5019
-8.96639	16	-10.0804	-11.2224
-8.96639	16.5	-9.83193	-10.9071
-8.96639	17	-9.55171	-10.562
-8.96639	17.5	-9.24539	-10.1926
-8.96639	18	-8.91803	-9.8043
-8.96639	18.5	-8.5742	-9.40146
-8.96639	19	-8.21804	-8.9881
-8.96639	19.5	-7.85303	-8.56788
-8.96639	20	-7.48258	-8.14428
-8.96639	20.5	-7.10954	-7.72016
-8.96639	21	-6.73642	-7.29806
-8.96639	21.5	-6.3656	-6.88042
-8.96639	22	-5.99904	-6.46922
-8.96639	22.5	-5.6385	-6.06629
-8.96639	23	-5.28566	-5.67331
-8.96639	23.5	-4.94175	-5.29154
-8.96639	24	-4.60785	-4.92205
-8.96639	24.5	-4.28502	-4.56594
-8.96639	25	-3.97413	-4.22408
-8.96639	25.5	-3.67578	-3.89701
-8.96639	26	-3.39047	-3.58524
-8.96639	26.5	-3.11859	-3.28909
-8.96639	27	-2.86042	-3.00875
-8.96639	27.5	-2.61608	-2.74431
-8.96639	28	-2.38563	-2.49571
-8.96639	28.5	-2.16901	-2.26292
-8.96639	29	-1.96615	-2.04562
-8.96639	29.5	-1.77683	-1.84346
-8.96639	30	-1.60069	-1.65614
-8.96639	30.5	-1.43742	-1.48316
-8.96639	31	-1.28659	-1.32396
-8.96639	31.5	-1.14781	-1.17802
-8.96639	32	-1.02058	-1.04473
-8.96639	32.5	-0.904335	-0.923392
-8.96639	33	-0.798528	-0.813339
-8.96639	33.5	-0.702623	-0.713928
-8.96639	34	-0.616019	-0.624506
-8.96639	34.5	-0.538123	-0.544351
-8.96639	35	-0.468317	-0.47276
-8.96639	35.5	-0.406006	-0.409074
-8.96639	36	-0.350624	-0.352628
-8.96639	36.5	-0.301602	-0.302819
-8.96639	37	-0.258361	-0.259005
-8.96639	37.5	-0.220383	-0.220612
-8.96639	38	-0.187173	-0.187116
-8.96639	38.5	-0.158248	-0.158011
-8.96639	39	-0.133164	-0.132821
-8.96639	39.5	-0.111498	-0.111096
-8.96639	40	-0.0928633	-0.0924415
-8.96639	40.5	-0.076911	-0.0765005
-8.96639	41	-0.063317	-0.0629339
-8.96639	41.5	-0.0517859	-0.051443
-8.96639	42	-0.0420538	-0.0417555
-8.96639	42.5	-0.0338836	-0.0336266
-8.96639	43	-0.0270595	-0.0268429
-8.96639	43.5	-0.0213933	-0.0212159
-8.96639	44	-0.0167212	-0.0165778
-8.96639	44.5	-0.0128955	-0.0127817
-8.96639	45	-0.00978777	-0.00969995
-8.96639	45.5	-0.00728673	-0.00722024
-8.96639	46	-0.00529653	-0.00524726
-8.96639	46.5	-0.00373489	-0.00369976
-8.96639	47	-0.00253078	-0.00250706
-8.96639	47.5	-0.0016234	-0.00160839
-8.96639	48	-0.000961468	-0.000952706
-8.96639	48.5	-0.000501864	-0.00049735
-8.96639	49	-0.000207971	-0.000206126
-8.96639	49.5	-4.91137e-05	-4.86859e-05
-8.96639	50	0	0

