# DeltaG0 (kT)	h (nm)	Explicit pair potential (kT / nm^2)	Mean field pair potential (kT / nm^2)
-8.577	5	0.0111382	0.0110325
-8.577	5.5	0.00930046	0.0092019
-8.577	6	0.00784479	0.00775252
-8.577	6.5	0.00665296	0.00656578
-8.577	7	0.00565712	0.00557567
-8.577	7.5	0.00481175	0.00473513
-8.577	8	0.00409063	0.00401861
-8.577	8.5	0.003471	0.00340312
-8.577	9	0.00293998	0.00287591
-8.577	9.5	0.0024865	0.00242588
-8.577	10	0.00210445	0.0020475
-8.577	10.5	0.0017777	0.00172416
-8.577	11	0.00149546	0.001445
-8.577	11.5	0.00125061	0.00120329
-8.577	12	0.00103679	0.000992102
-8.577	12.5	0.000851705	0.000809551
-8.577	13	0.000692326	0.000653046
-8.577	13.5	0.000553163	0.000516249
-8.577	14	0.000434482	0.000399943
-8.577	14.5	0.000330651	0.000298214
-8.577	15	0.000242505	0.000212505
-8.577	15.5	0.000165981	0.000137865
-8.577	16	0.00010118	7.4961e-05
-8.577	16.5	4.63697e-05	2.2146e-05
-8.577	17	-1.28589e-06	-2.37946e-05
-8.577	17.5	-4.07955e-05	-6.15216e-05
-8.577	18	-7.32767e-05	-9.20614e-05
-8.577	18.5	-9.95107e-05	-0.000116804
-8.577	19	-0.00012138	-0.000137197
-8.577	19.5	-0.000138138	-0.00015237
-8.577	20	-0.000150871	-0.000163725
-8.577	20.5	-0.000160077	-0.000171424
-8.577	21	-0.000166654	-0.000176692
-8.577	21.5	-0.000170502	-0.000179295
-8.577	22	-0.000171653	-0.000179197
-8.577	22.5	-0.000171161	-0.000177583
-8.577	23	-0.000169088	-0.000174441
-8.577	23.5	-0.000165605	-0.000169943
-8.577	24	-0.000161064	-0.000164402
-8.577	24.5	-0.000155387	-0.000157844
-8.577	25	-0.000149065	-0.000150727
-8.577	25.5	-0.000142196	-0.000143065
-8.577	26	-0.00013493	-0.000135129
-8.577	26.5	-0.000127272	-0.000126912
-8.577	27	-0.000119512	-0.000118621
-8.577	27.5	-0.000111618	-0.000110299
-8.577	28	-0.000103749	-0.000102073
-8.577	28.5	-9.61377e-05	-9.41277e-05
-8.577	29	-8.84835e-05	-8.63934e-05
-8.577	29.5	-8.11754e-05	-7.88635e-05
-8.577	30	-7.40295e-05	-7.16425e-05
-8.577	30.5	-6.72147e-05	-6.47875e-05
-8.577	31	-6.07085e-05	-5.82796e-05
-8.577	31.5	-5.4492e-05	-5.21345e-05
-8.577	32	-4.86406e-05	-4.63632e-05
-8.577	32.5	-4.3187e-05	-4.10317e-05
-8.577	33	-3.8024e-05	-3.60226e-05
-8.577	33.5	-3.32618e-05	-3.14103e-05
-8.577	34	-2.88125e-05	-2.71195e-05
-8.577	34.5	-2.47555e-05	-2.32475e-05
-8.577	35	-2.10141e-05	-1.96605e-05
-8.577	35.5	-1.76053e-05	-1.64462e-05
-8.577	36	-1.44833e-05	-1.34933e-05
-8.577	36.5	-1.167e-05	-1.08443e-05
-8.577	37	-9.13606e-06	-8.48354e-06
-8.577	37.5	-6.86076e-06	-6.34887e-06
-8.577	38	-4.81048e-06	-4.45197e-06
-8.577	38.5	-3.00081e-06	-2.76145e-06
-8.577	39	-1.38475e-06	-1.2676e-06
-8.577	39.5	0	0

-9.35966	5	0.0107989	0.0106707
-9.35966	5.5	0.0089768	0.00885579
-9.35966	6	0.00753457	0.00742023
-9.35966	6.5	0.00635512	0.00624629
-9.35966	7	0.00537098	0.00526867
-9.35966	7.5	0.00453619	0.00443942
-9.35966	8	0.00382511	0.00373372
-9.35966	8.5	0.00321468	0.00312824
-9.35966	9	0.0026923	0.00261045
-9.35966	9.5	0.00224702	0.00216931
-9.35966	10	0.001873	0.00179992
-9.35966	10.5	0.00155352	0.00148479
-9.35966	11	0.00127829	0.00121353
-9.35966	11.5	0.00104012	0.000979466
-9.35966	12	0.000832618	0.000775421
-9.35966	12.5	0.000653751	0.000599933
-9.35966	13	0.000500451	0.000450501
-9.35966	13.5	0.00036675	0.000320011
-9.35966	14	0.000253886	0.000210452
-9.35966	14.5	0.000155113	0.000114553
-9.35966	15	7.21363e-05	3.50224e-05
-9.35966	15.5	2.81733e-07	-3.41256e-05
-9.35966	16	-5.9632e-05	-9.1365e-05
-9.35966	16.5	-0.000109606	-0.000138431
-9.35966	17	-0.000152939	-0.000179297
-9.35966	17.5	-0.000188202	-0.000211913
-9.35966	18	-0.000216319	-0.000237166
-9.35966	18.5	-0.000238216	-0.000256797
-9.35966	19	-0.000256085	-0.000272473
-9.35966	19.5	-0.000268687	-0.000282657
-9.35966	20	-0.000277259	-0.000289157
-9.35966	20.5	-0.000282398	-0.000291964
-9.35966	21	-0.000284977	-0.000292568
-9.35966	21.5	-0.000284853	-0.000290504
-9.35966	22	-0.000281866	-0.00028557
-9.35966	22.5	-0.000277293	-0.000279255
-9.35966	23	-0.000271161	-0.000271473
-9.35966	23.5	-0.000263581	-0.000262323
-9.35966	24	-0.000254969	-0.000252173
-9.35966	24.5	-0.000245112	-0.000240969
-9.35966	25	-0.000234586	-0.000229237
-9.35966	25.5	-0.000223518	-0.000216988
-9.35966	26	-0.000212041	-0.000204549
-9.35966	26.5	-0.000200153	-0.000191873
-9.35966	27	-0.000188204	-0.000179212
-9.35966	27.5	-0.000176106	-0.000166586
-9.35966	28	-0.000164077	-0.000154169
-9.35966	28.5	-0.000152435	-0.000142212
-9.35966	29	-0.000140729	-0.000130595
-9.35966	29.5	-0.000129517	-0.000119298
-9.35966	30	-0.000118516	-0.000108463
-9.35966	30.5	-0.000107981	-9.81732e-05
-9.35966	31	-9.78761e-05	-8.83964e-05
-9.35966	31.5	-8.81684e-05	-7.91507e-05
-9.35966	32	-7.89835e-05	-7.04583e-05
-9.35966	32.5	-7.03754e-05	-6.24164e-05
-9.35966	33	-6.21774e-05	-5.48487e-05
-9.35966	33.5	-5.45714e-05	-4.78692e-05
-9.35966	34	-4.74268e-05	-4.13653e-05
-9.35966	34.5	-4.0872e-05	-3.54874e-05
-9.35966	35	-3.47973e-05	-3.00353e-05
-9.35966	35.5	-2.92324e-05	-2.51408e-05
-9.35966	36	-2.41113e-05	-2.064e-05
-9.35966	36.5	-1.94761e-05	-1.65974e-05
-9.35966	37	-1.52815e-05	-1.29909e-05
-9.35966	37.5	-1.14981e-05	-9.72659e-06
-9.35966	38	-8.08133e-06	-6.82334e-06
-9.35966	38.5	-5.04957e-06	-4.23393e-06
-9.35966	39	-2.33659e-06	-1.94415e-06
-9.35966	39.5	0	0

-9.89012	5	0.0105737	0.010447
-9.89012	5.5	0.00876088	0.00864048
-9.89012	6	0.00732664	0.00721243
-9.89012	6.5	0.00615457	0.0060455
-9.89012	7	0.00517744	0.00507479
-9.89012	7.5	0.00434902	0.00425186
-9.89012	8	0.00364405	0.00355225
-9.89012	8.5	0.00303922	0.00295246
-9.89012	9	0.00252213	0.00244006
-9.89012	9.5	0.00208192	0.00200405
-9.89012	10	0.00171284	0.00163988
-9.89012	10.5	0.00139785	0.00132955
-9.89012	11	0.00112699	0.00106293
-9.89012	11.5	0.00089298	0.000833401
-9.89012	12	0.00068943	0.000633604
-9.89012	12.5	0.00051447	0.000462344
-9.89012	13	0.000364995	0.000317169
-9.89012	13.5	0.000234755	0.000190495
-9.89012	14	0.000125568	8.50385e-05
-9.89012	14.5	3.00332e-05	-7.29746e-06
-9.89012	15	-4.96614e-05	-8.3034e-05
-9.89012	15.5	-0.000118541	-0.000148793
-9.89012	16	-0.000175305	-0.000202522
-9.89012	16.5	-0.000222178	-0.000246009
-9.89012	17	-0.000262715	-0.000283701
-9.89012	17.5	-0.000295244	-0.000313107
-9.89012	18	-0.000320541	-0.000335026
-9.89012	18.5	-0.000339624	-0.000351419
-9.89012	19	-0.000354877	-0.000364094
-9.89012	19.5	-0.000364772	-0.000371093
-9.89012	20	-0.000370603	-0.000374479
-9.89012	20.5	-0.000373082	-0.000374137
-9.89012	21	-0.000373007	-0.000371725
-9.89012	21.5	-0.000370255	-0.000366631
-9.89012	22	-0.000364519	-0.000358544
-9.89012	22.5	-0.000357213	-0.000349154
-9.89012	23	-0.00034835	-0.000338322
-9.89012	23.5	-0.000338002	-0.000326102
-9.89012	24	-0.000326623	-0.000312899
-9.89012	24.5	-0.000313908	-0.000298604
-9.89012	25	-0.00030049	-0.000283789
-9.89012	25.5	-0.000286513	-0.000268463
-9.89012	26	-0.000272092	-0.00025299
-9.89012	26.5	-0.000257233	-0.000237298
-9.89012	27	-0.000242312	-0.000221669
-9.89012	27.5	-0.000227209	-0.000206109
-9.89012	28	-0.000212178	-0.000190822
-9.89012	28.5	-0.0001976	-0.000176108
-9.89012	29	-0.000182916	-0.000161813
-9.89012	29.5	-0.000168802	-0.000147908
-9.89012	30	-0.00015491	-0.000134561
-9.89012	30.5	-0.000141554	-0.000121877
-9.89012	31	-0.00012869	-0.000109814
-9.89012	31.5	-0.000116277	-9.83931e-05
-9.89012	32	-0.00010448	-8.76452e-05
-9.89012	32.5	-9.33729e-05	-7.76906e-05
-9.89012	33	-8.27429e-05	-6.83127e-05
-9.89012	33.5	-7.28322e-05	-5.96543e-05
-9.89012	34	-6.34799e-05	-5.15771e-05
-9.89012	34.5	-5.48549e-05	-4.42703e-05
-9.89012	35	-4.68268e-05	-3.74868e-05
-9.89012	35.5	-3.94371e-05	-3.13909e-05
-9.89012	36	-3.26078e-05	-2.57814e-05
-9.89012	36.5	-2.64002e-05	-2.07393e-05
-9.89012	37	-2.07591e-05	-1.6238e-05
-9.89012	37.5	-1.56495e-05	-1.21613e-05
-9.89012	38	-1.10232e-05	-8.53355e-06
-9.89012	38.5	-6.89963e-06	-5.29635e-06
-9.89012	39	-3.20064e-06	-2.43249e-06
-9.89012	39.5	0	0

-10.4277	5	0.010359	0.0102507
-10.4277	5.5	0.0085544	0.00845082
-10.4277	6	0.00712721	0.00702871
-10.4277	6.5	0.00596167	0.00586741
-10.4277	7	0.00499073	0.00490227
-10.4277	7.5	0.00416798	0.00408446
-10.4277	8	0.00346844	0.00338984
-10.4277	8.5	0.00286861	0.00279473
-10.4277	9	0.00235629	0.00228678
-10.4277	9.5	0.00192064	0.00185504
-10.4277	10	0.00155601	0.00149522
-10.4277	10.5	0.00124506	0.00118893
-10.4277	11	0.000978154	0.000926225
-10.4277	11.5	0.000747901	0.000700531
-10.4277	12	0.000547943	0.00050435
-10.4277	12.5	0.000376534	0.0003367
-10.4277	13	0.000230539	0.000195175
-10.4277	13.5	0.000103462	7.17854e-05
-10.4277	14	-2.37429e-06	-3.01265e-05
-10.4277	14.5	-9.49259e-05	-0.000119373
-10.4277	15	-0.000171623	-0.000191809
-10.4277	15.5	-0.000237779	-0.00025461
-10.4277	16	-0.000291634	-0.000305265
-10.4277	16.5	-0.00033566	-0.000345607
-10.4277	17	-0.000373611	-0.000380502
-10.4277	17.5	-0.000403625	-0.000407071
-10.4277	18	-0.000426322	-0.000426034
-10.4277	18.5	-0.000442803	-0.000439548
-10.4277	19	-0.000455622	-0.000449548
-10.4277	19.5	-0.000463012	-0.000453698
-10.4277	20	-0.000466285	-0.000454291
-10.4277	20.5	-0.000466298	-0.000451115
-10.4277	21	-0.000463731	-0.000445983
-10.4277	21.5	-0.000458523	-0.000438148
-10.4277	22	-0.000450213	-0.000427202
-10.4277	22.5	-0.00044033	-0.000415013
-10.4277	23	-0.000428883	-0.000401398
-10.4277	23.5	-0.000415915	-0.00038637
-10.4277	24	-0.000401903	-0.000370364
-10.4277	24.5	-0.000386459	-0.000353224
-10.4277	25	-0.000370266	-0.000335563
-10.4277	25.5	-0.000353486	-0.00031739
-10.4277	26	-0.000336209	-0.000299101
-10.4277	26.5	-0.000318457	-0.0002806
-10.4277	27	-0.000300625	-0.0002622
-10.4277	27.5	-0.000282557	-0.000243891
-10.4277	28	-0.000264543	-0.000225911
-10.4277	28.5	-0.000247027	-0.000208601
-10.4277	29	-0.000229341	-0.000191778
-10.4277	29.5	-0.00021228	-0.000175404
-10.4277	30	-0.000195423	-0.000159676
-10.4277	30.5	-0.000179152	-0.000144715
-10.4277	31	-0.00016341	-0.000130472
-10.4277	31.5	-0.000148149	-0.000116973
-10.4277	32	-0.000133576	-0.000104257
-10.4277	32.5	-0.000119785	-9.2468e-05
-10.4277	33	-0.000106516	-8.13506e-05
-10.4277	33.5	-9.40771e-05	-7.1076e-05
-10.4277	34	-8.22781e-05	-6.14819e-05
-10.4277	34.5	-7.1332e-05	-5.27953e-05
-10.4277	35	-6.10914e-05	-4.47244e-05
-10.4277	35.5	-5.16116e-05	-3.74653e-05
-10.4277	36	-4.28053e-05	-3.07811e-05
-10.4277	36.5	-3.47583e-05	-2.4769e-05
-10.4277	37	-2.74077e-05	-1.93986e-05
-10.4277	37.5	-2.07143e-05	-1.45321e-05
-10.4277	38	-1.46316e-05	-1.01995e-05
-10.4277	38.5	-9.17963e-06	-6.33163e-06
-10.4277	39	-4.27158e-06	-2.9085e-06
-10.4277	39.5	0	0

-10.6992	5	0.0102576	0.010165
-10.6992	5.5	0.00845667	0.0083678
-10.6992	6	0.00703263	0.0069481
-10.6992	6.5	0.00587001	0.00578907
-10.6992	7	0.00490185	0.00482622
-10.6992	7.5	0.00408166	0.00401052
-10.6992	8	0.00338457	0.00331796
-10.6992	8.5	0.002787	0.00272479
-10.6992	9	0.00227683	0.0022187
-10.6992	9.5	0.00184326	0.00178875
-10.6992	10	0.00148064	0.00143076
-10.6992	10.5	0.00117152	0.00112617
-10.6992	11	0.000906408	0.000865125
-10.6992	11.5	0.000677863	0.000641062
-10.6992	12	0.000479541	0.000446421
-10.6992	12.5	0.000309751	0.000280314
-10.6992	13	0.000165341	0.000140353
-10.6992	13.5	3.97109e-05	1.83756e-05
-10.6992	14	-6.45984e-05	-8.20085e-05
-10.6992	14.5	-0.000155778	-0.00016992
-10.6992	15	-0.000231108	-0.000240926
-10.6992	15.5	-0.00029602	-0.000302442
-10.6992	16	-0.000348537	-0.000351759
-10.6992	16.5	-0.00039126	-0.000390729
-10.6992	17	-0.000428021	-0.000424401
-10.6992	17.5	-0.000456882	-0.000449727
-10.6992	18	-0.000478387	-0.000467391
-10.6992	18.5	-0.000493672	-0.000479638
-10.6992	19	-0.000505368	-0.000488458
-10.6992	19.5	-0.000511608	-0.000491348
-10.6992	20	-0.000513699	-0.000490704
-10.6992	20.5	-0.000512578	-0.000486272
-10.6992	21	-0.000508856	-0.00047993
-10.6992	21.5	-0.000502513	-0.000470874
-10.6992	22	-0.000493013	-0.000458651
-10.6992	22.5	-0.000481932	-0.000445209
-10.6992	23	-0.000469283	-0.000430347
-10.6992	23.5	-0.000455095	-0.000414057
-10.6992	24	-0.000439853	-0.00039679
-10.6992	24.5	-0.000423132	-0.000378367
-10.6992	25	-0.000405635	-0.000359421
-10.6992	25.5	-0.000387535	-0.000339957
-10.6992	26	-0.000368906	-0.00032039
-10.6992	26.5	-0.000349783	-0.000300613
-10.6992	27	-0.000330563	-0.00028095
-10.6992	27.5	-0.000311076	-0.000261387
-10.6992	28	-0.000291629	-0.000242175
-10.6992	28.5	-0.000272693	-0.000223675
-10.6992	29	-0.00025355	-0.000205692
-10.6992	29.5	-0.000235047	-0.000188184
-10.6992	30	-0.000216734	-0.000171358
-10.6992	30.5	-0.000199021	-0.000155346
-10.6992	31	-0.000181846	-0.000140096
-10.6992	31.5	-0.000165156	-0.000125635
-10.6992	32	-0.00014918	-0.000112007
-10.6992	32.5	-0.000134022	-9.93669e-05
-10.6992	33	-0.000119398	-8.74411e-05
-10.6992	33.5	-0.00010565	-7.64146e-05
-10.6992	34	-9.25741e-05	-6.6114e-05
-10.6992	34.5	-8.04048e-05	-5.67841e-05
-10.6992	35	-6.89881e-05	-4.81124e-05
-10.6992	35.5	-5.83868e-05	-4.03099e-05
-10.6992	36	-4.85103e-05	-3.31234e-05
-10.6992	36.5	-3.94581e-05	-2.66575e-05
-10.6992	37	-3.1165e-05	-2.08802e-05
-10.6992	37.5	-2.359e-05	-1.56439e-05
-10.6992	38	-1.66902e-05	-1.09809e-05
-10.6992	38.5	-1.04863e-05	-6.81732e-06
-10.6992	39	-4.88844e-06	-3.13186e-06
-10.6992	39.5	0	0

