# dg0 (kT)	h (nm)	Total F (kT)	F_att (kT)	F_rep (kT)	avg_num_bonds
-30	5	-1530.58	-1573.28	42.6969	110.072
-29	5	-1421.42	-1464.12	42.6969	108.204
-28	5	-1314.26	-1356.96	42.6969	106.076
-27	5	-1209.36	-1252.06	42.6969	103.688
-26	5	-1106.96	-1149.66	42.6969	101.077
-25	5	-1007.25	-1049.95	42.6969	98.3303
-24	5	-910.313	-953.01	42.6969	95.5431
-23	5	-816.167	-858.864	42.6969	92.7478
-22	5	-724.823	-767.52	42.6969	89.9359
-21	5	-636.311	-679.008	42.6969	87.0722
-20	5	-550.738	-593.435	42.6969	84.0262
-19	5	-468.408	-511.105	42.6969	80.53
-18	5	-389.936	-432.633	42.6969	76.2616
-17	5	-316.216	-358.913	42.6969	71.008
-16	5	-248.251	-290.948	42.6969	64.7682
-15	5	-186.946	-229.643	42.6969	57.7343
-14	5	-132.936	-175.633	42.6969	50.2392
-13	5	-86.5084	-129.205	42.6969	42.6124
-12	5	-47.7176	-90.4146	42.6969	34.9621
-11	5	-16.6004	-59.2974	42.6969	27.2724
-10	5	6.87994	-35.817	42.6969	19.7522
-9	5	23.1297	-19.5672	42.6969	12.914
-8	5	33.1499	-9.54703	42.6969	7.39653
-7	5	38.5208	-4.17618	42.6969	3.6521
-6	5	41.0177	-1.67925	42.6969	1.58123
-5	5	42.055	-0.641949	42.6969	0.627404
-4	5	42.4577	-0.239201	42.6969	0.238088
-3	5	42.6091	-0.087802	42.6969	0.0886407
-2	5	42.6653	-0.0316451	42.6969	0.0327553
-1	5	42.686	-0.0109226	42.6969	0.01207
0	5	42.6937	-0.00329057	42.6969	0.00444302

-30	10	-1374.33	-1384.47	10.1407	99.918
-29	10	-1275.39	-1285.53	10.1407	97.9636
-28	10	-1178.39	-1188.53	10.1407	96.0521
-27	10	-1083.29	-1093.43	10.1407	94.1371
-26	10	-990.126	-1000.27	10.1407	92.1852
-25	10	-898.935	-909.076	10.1407	90.1873
-24	10	-809.781	-819.921	10.1407	88.0994
-23	10	-722.806	-732.946	10.1407	85.8022
-22	10	-638.307	-648.447	10.1407	83.1132
-21	10	-556.78	-566.921	10.1407	79.8233
-20	10	-478.917	-489.058	10.1407	75.768
-19	10	-405.51	-415.651	10.1407	70.9188
-18	10	-337.309	-347.449	10.1407	65.3828
-17	10	-274.916	-285.056	10.1407	59.3364
-16	10	-218.724	-228.865	10.1407	53.0256
-15	10	-168.87	-179.011	10.1407	46.691
-14	10	-125.33	-135.471	10.1407	40.3855
-13	10	-88.1314	-98.272	10.1407	33.9864
-12	10	-57.4045	-67.5451	10.1407	27.4547
-11	10	-33.2077	-43.3484	10.1407	20.9683
-10	10	-15.3602	-25.5009	10.1407	14.8082
-9	10	-3.35568	-13.4963	10.1407	9.36152
-8	10	3.77325	-6.36741	10.1407	5.1387
-7	10	7.43376	-2.7069	10.1407	2.43197
-6	10	9.0723	-1.06836	10.1407	1.02051
-5	10	9.73621	-0.404449	10.1407	0.397995
-4	10	9.99072	-0.149931	10.1407	0.149875
-3	10	10.0859	-0.0547708	10.1407	0.055628
-2	10	10.1211	-0.019549	10.1407	0.0205323
-1	10	10.1341	-0.0065622	10.1407	0.00756266
0	10	10.1389	-0.00178061	10.1407	0.0027834

-30	15	-1201.49	-1203.76	2.27027	92.0994
-29	15	-1110.08	-1112.35	2.27027	90.7112
-28	15	-1020.08	-1022.35	2.27027	89.2621
-27	15	-931.602	-933.872	2.27027	87.6677
-26	15	-844.837	-847.107	2.27027	85.8075
-25	15	-760.12	-762.39	2.27027	83.5488
-24	15	-677.92	-680.191	2.27027	80.7483
-23	15	-598.837	-601.107	2.27027	77.31
-22	15	-523.506	-525.777	2.27027	73.2554
-21	15	-452.505	-454.775	2.27027	68.6642
-20	15	-386.328	-388.599	2.27027	63.6255
-19	15	-325.342	-327.612	2.27027	58.3271
-18	15	-269.671	-271.941	2.27027	53.0338
-17	15	-219.225	-221.496	2.27027	47.8774
-16	15	-173.906	-176.176	2.27027	42.7488
-15	15	-133.788	-136.058	2.27027	37.4455
-14	15	-99.0909	-101.361	2.27027	31.9216
-13	15	-69.9618	-72.2321	2.27027	26.3459
-12	15	-46.3576	-48.6279	2.27027	20.8893
-11	15	-28.1239	-30.3942	2.27027	15.6135
-10	15	-15.0245	-17.2947	2.27027	10.6664
-9	15	-6.54976	-8.82003	2.27027	6.44464
-8	15	-1.74869	-4.01896	2.27027	3.36975
-7	15	0.606276	-1.66399	2.27027	1.52988
-6	15	1.62378	-0.646493	2.27027	0.624687
-5	15	2.02745	-0.242821	2.27027	0.240281
-4	15	2.18066	-0.0896077	2.27027	0.0899529
-3	15	2.23771	-0.0325592	2.27027	0.0333107
-2	15	2.25879	-0.0114771	2.27027	0.0122844
-1	15	2.26656	-0.00370839	2.27027	0.00452325
0	15	2.26942	-0.000848676	2.27027	0.00166456

-30	20	-1009.53	-1010.12	0.588679	85.6906
-29	20	-924.671	-925.259	0.588679	83.956
-28	20	-841.77	-842.359	0.588679	81.7614
-27	20	-761.313	-761.901	0.588679	79.0769
-26	20	-683.755	-684.344	0.588679	75.9736
-25	20	-609.495	-610.084	0.588679	72.4776
-24	20	-538.946	-539.534	0.588679	68.5483
-23	20	-472.529	-473.118	0.588679	64.2341
-22	20	-410.538	-411.126	0.588679	59.7403
-21	20	-353.026	-353.615	0.588679	55.3099
-20	20	-299.849	-300.438	0.588679	51.0788
-19	20	-250.815	-251.404	0.588679	47.0012
-18	20	-205.865	-206.453	0.588679	42.8692
-17	20	-165.174	-165.762	0.588679	38.4543
-16	20	-129.062	-129.651	0.588679	33.7295
-15	20	-97.7458	-98.3345	0.588679	28.9108
-14	20	-71.1968	-71.7855	0.588679	24.2169
-13	20	-49.2585	-49.8472	0.588679	19.6789
-12	20	-31.8161	-32.4048	0.588679	15.2151
-11	20	-18.7866	-19.3752	0.588679	10.8869
-10	20	-9.89187	-10.4806	0.588679	7.01181
-9	20	-4.48477	-5.07345	0.588679	3.96476
-8	20	-1.61792	-2.20659	0.588679	1.94028
-7	20	-0.295168	-0.883847	0.588679	0.83487
-6	20	0.251537	-0.337142	0.588679	0.33002
-5	20	0.463201	-0.125478	0.588679	0.125012
-4	20	0.542666	-0.0460125	0.588679	0.0465079
-3	20	0.572127	-0.0165524	0.588679	0.0171811
-2	20	0.582996	-0.00568342	0.588679	0.00633039
-1	20	0.586998	-0.0016807	0.588679	0.00233015
0	20	0.588471	-0.000207607	0.588679	0.000857396

-30	25	-805.924	-806.366	0.441627	74.7068
-29	25	-732.543	-732.985	0.441627	71.9841
-28	25	-662.1	-662.542	0.441627	68.8355
-27	25	-594.98	-595.422	0.441627	65.3639
-26	25	-531.42	-531.862	0.441627	61.7474
-25	25	-471.478	-471.92	0.441627	58.1507
-24	25	-415.079	-415.521	0.441627	54.6689
-23	25	-362.097	-362.539	0.441627	51.3148
-22	25	-312.42	-312.861	0.441627	48.0494
-21	25	-266	-266.442	0.441627	44.775
-20	25	-222.93	-223.371	0.441627	41.3212
-19	25	-183.465	-183.907	0.441627	37.5521
-18	25	-147.918	-148.359	0.441627	33.5121
-17	25	-116.469	-116.911	0.441627	29.3877
-16	25	-89.1092	-89.5509	0.441627	25.3583
-15	25	-65.6978	-66.1394	0.441627	21.4865
-14	25	-46.117	-46.5586	0.441627	17.6723
-13	25	-30.3673	-30.809	0.441627	13.8244
-12	25	-18.4391	-18.8807	0.441627	10.0693
-11	25	-10.1038	-10.5455	0.441627	6.68778
-10	25	-4.84864	-5.29027	0.441627	3.948
-9	25	-1.93397	-2.3756	0.441627	2.02353
-8	25	-0.530904	-0.972531	0.441627	0.902904
-7	25	0.0663161	-0.375311	0.441627	0.364419
-6	25	0.301134	-0.140493	0.441627	0.139356
-5	25	0.389885	-0.0517419	0.441627	0.052042
-4	25	0.422875	-0.0187523	0.441627	0.0192535
-3	25	0.435058	-0.00656904	0.441627	0.00709779
-2	25	0.439546	-0.00208065	0.441627	0.00261315
-1	25	0.441198	-0.000428595	0.441627	0.000961596
0	25	0.441627	0	0.441627	0.000353788

-30	30	-621.199	-621.509	0.309868	59.8297
-29	30	-562.65	-562.96	0.309868	57.2687
-28	30	-506.669	-506.979	0.309868	54.6876
-27	30	-453.289	-453.598	0.309868	52.0685
-26	30	-402.532	-402.842	0.309868	49.4483
-25	30	-354.385	-354.695	0.309868	46.8455
-24	30	-308.855	-309.165	0.309868	44.198
-23	30	-266.041	-266.35	0.309868	41.3984
-22	30	-226.131	-226.44	0.309868	38.3843
-21	30	-189.342	-189.652	0.309868	35.1595
-20	30	-155.867	-156.177	0.309868	31.7688
-19	30	-125.829	-126.139	0.309868	28.3081
-18	30	-99.2283	-99.5381	0.309868	24.9138
-17	30	-75.9579	-76.2677	0.309868	21.643
-16	30	-55.9362	-56.2461	0.309868	18.3901
-15	30	-39.2105	-39.5204	0.309868	15.0464
-14	30	-25.8497	-26.1596	0.309868	11.6878
-13	30	-15.7758	-16.0857	0.309868	8.50541
-12	30	-8.71973	-9.0296	0.309868	5.68006
-11	30	-4.24114	-4.55101	0.309868	3.37814
-10	30	-1.74014	-2.05001	0.309868	1.74158
-9	30	-0.530683	-0.840551	0.309868	0.779534
-8	30	-0.0147258	-0.324594	0.309868	0.315038
-7	30	0.188323	-0.121545	0.309868	0.120532
-6	30	0.265093	-0.0447751	0.309868	0.0450205
-5	30	0.293633	-0.0162354	0.309868	0.0166569
-4	30	0.304173	-0.00569509	0.309868	0.00614073
-3	30	0.308056	-0.00181189	0.309868	0.00226081
-2	30	0.309486	-0.000382582	0.309868	0.000831945
-1	30	0.309868	0	0.309868	0.000306088
0	30	0.309868	0	0.309868	0.000112608

