# dg0 (kT)	h (nm)	Total F (kT)	F_att (kT)	F_rep (kT)	avg_num_bonds
-30	5	-1801.48	-1860.68	59.1986	126.592
-30	10	-1645.4	-1659.58	14.1756	112.589
-30	15	-1478.4	-1481.31	2.91394	101.494
-30	20	-1301.62	-1302.51	0.885104	94.4285
-30	25	-1113.09	-1113.52	0.432205	85.2728
-30	30	-929.078	-929.472	0.393615	77.3675

-29	5	-1676.4	-1735.6	59.1986	123.574
-29	10	-1534.07	-1548.24	14.1756	110.045
-29	15	-1377.65	-1380.56	2.91394	100.01
-29	20	-1207.89	-1208.78	0.885104	92.9989
-29	25	-1028.87	-1029.3	0.432205	83.178
-29	30	-852.29	-852.683	0.393615	76.1516

-28	5	-1554.35	-1613.55	59.1986	120.522
-28	10	-1425.36	-1439.53	14.1756	107.359
-28	15	-1278.4	-1281.32	2.91394	98.4639
-28	20	-1115.71	-1116.6	0.885104	91.3047
-28	25	-946.689	-947.121	0.432205	81.2207
-28	30	-776.914	-777.307	0.393615	74.5217

-27	5	-1435.37	-1494.57	59.1986	117.432
-27	10	-1319.34	-1333.51	14.1756	104.71
-27	15	-1180.76	-1183.67	2.91394	96.8018
-27	20	-1025.4	-1026.29	0.885104	89.2544
-27	25	-866.358	-866.79	0.432205	79.4722
-27	30	-703.417	-703.81	0.393615	72.3844

-26	5	-1319.51	-1378.71	59.1986	114.269
-26	10	-1215.86	-1230.04	14.1756	102.281
-26	15	-1084.84	-1087.76	2.91394	95.003
-26	20	-937.32	-938.205	0.885104	86.8616
-26	25	-787.704	-788.137	0.432205	77.8384
-26	30	-632.315	-632.708	0.393615	69.7418

-25	5	-1206.88	-1266.08	59.1986	110.959
-25	10	-1114.69	-1128.87	14.1756	100.093
-25	15	-990.809	-993.723	2.91394	93.0305
-25	20	-851.754	-852.639	0.885104	84.2478
-25	25	-710.718	-711.15	0.432205	76.0943
-25	30	-564.067	-564.461	0.393615	66.6997

-24	5	-1097.65	-1156.85	59.1986	107.483
-24	10	-1015.65	-1029.82	14.1756	97.9898
-24	15	-898.874	-901.788	2.91394	90.7845
-24	20	-768.839	-769.724	0.885104	81.5874
-24	25	-635.641	-636.073	0.432205	73.977
-24	30	-498.996	-499.39	0.393615	63.4113

-23	5	-991.92	-1051.12	59.1986	103.99
-23	10	-918.754	-932.93	14.1756	95.7644
-23	15	-809.368	-812.282	2.91394	88.1596
-23	20	-688.553	-689.438	0.885104	78.9995
-23	25	-562.957	-563.389	0.432205	71.2848
-23	30	-437.295	-437.689	0.393615	59.9657

-22	5	-889.593	-948.791	59.1986	100.714
-22	10	-824.211	-838.387	14.1756	93.2683
-22	15	-722.687	-725.601	2.91394	85.1417
-22	20	-610.834	-611.719	0.885104	76.4247
-22	25	-493.287	-493.719	0.432205	67.9525
-22	30	-379.125	-379.519	0.393615	56.3389

-21	5	-790.405	-849.604	59.1986	97.6864
-21	10	-732.341	-746.516	14.1756	90.4038
-21	15	-639.18	-642.094	2.91394	81.8377
-21	20	-535.779	-536.664	0.885104	73.6205
-21	25	-427.235	-427.667	0.432205	64.0742
-21	30	-324.698	-325.092	0.393615	52.4749

-20	5	-694.225	-753.424	59.1986	94.6418
-20	10	-643.553	-657.729	14.1756	87.0923
-20	15	-559.061	-561.975	2.91394	78.3822
-20	20	-463.768	-464.654	0.885104	70.2934
-20	25	-365.259	-365.691	0.432205	59.8322
-20	30	-274.24	-274.633	0.393615	48.4212

-19	5	-601.237	-660.436	59.1986	91.2556
-19	10	-558.315	-572.49	14.1756	83.3078
-19	15	-482.462	-485.376	2.91394	74.782
-19	20	-395.429	-396.314	0.885104	66.2639
-19	25	-307.654	-308.087	0.432205	55.3344
-19	30	-227.874	-228.268	0.393615	44.3084

-18	5	-511.893	-571.091	59.1986	87.3374
-18	10	-477.077	-491.253	14.1756	79.105
-18	15	-409.608	-412.522	2.91394	70.8441
-18	20	-331.468	-332.353	0.885104	61.5579
-18	25	-254.678	-255.11	0.432205	50.5737
-18	30	-185.623	-186.017	0.393615	40.1927

-17	5	-426.761	-485.959	59.1986	82.8268
-17	10	-400.221	-414.397	14.1756	74.5482
-17	15	-340.983	-343.897	2.91394	66.2825
-17	20	-272.483	-273.368	0.885104	56.3413
-17	25	-206.582	-207.014	0.432205	45.5939
-17	30	-147.499	-147.893	0.393615	36.047

-16	5	-346.437	-405.636	59.1986	77.7219
-16	10	-328.117	-342.293	14.1756	69.5749
-16	15	-277.31	-280.224	2.91394	60.9304
-16	20	-218.914	-219.799	0.885104	50.7353
-16	25	-163.515	-163.948	0.432205	40.5362
-16	30	-113.552	-113.946	0.393615	31.8309

-15	5	-271.514	-330.712	59.1986	72.0253
-15	10	-261.287	-275.463	14.1756	63.954
-15	15	-219.371	-222.285	2.91394	54.8346
-15	20	-171.12	-172.005	0.885104	44.8093
-15	25	-125.506	-125.938	0.432205	35.4857
-15	30	-83.8831	-84.2767	0.393615	27.4757

-14	5	-202.604	-261.802	59.1986	65.6724
-14	10	-200.506	-214.682	14.1756	57.4514
-14	15	-167.838	-170.752	2.91394	48.1453
-14	20	-129.349	-130.234	0.885104	38.7234
-14	25	-92.5476	-92.9798	0.432205	30.422
-14	30	-58.6805	-59.0741	0.393615	22.8836

-13	5	-140.454	-199.653	59.1986	58.4634
-13	10	-146.692	-160.868	14.1756	50.0345
-13	15	-123.22	-126.134	2.91394	41.04
-13	20	-93.6712	-94.5563	0.885104	32.6389
-13	25	-64.6967	-65.1289	0.432205	25.2525
-13	30	-38.2067	-38.6003	0.393615	18.0252

-12	5	-86.0302	-145.229	59.1986	50.2052
-12	10	-100.68	-114.856	14.1756	41.8942
-12	15	-85.8115	-88.7255	2.91394	33.7729
-12	20	-64.0639	-64.949	0.885104	26.5732
-12	25	-42.109	-42.5412	0.432205	19.8904
-12	30	-22.6699	-23.0635	0.393615	13.0575

-11	5	-40.3663	-99.565	59.1986	40.9927
-11	10	-63.0275	-77.2031	14.1756	33.3853
-11	15	-55.6554	-58.5694	2.91394	26.558
-11	20	-40.5401	-41.4252	0.885104	20.4671
-11	25	-24.9511	-25.3833	0.432205	14.4344
-11	30	-11.985	-12.3787	0.393615	8.41685

-10	5	-4.20542	-63.4041	59.1986	31.3077
-10	10	-33.887	-48.0626	14.1756	24.9424
-10	15	-32.6425	-35.5565	2.91394	19.5079
-10	20	-23.1112	-23.9963	0.885104	14.4309
-10	25	-13.1332	-13.5654	0.432205	9.30876
-10	30	-5.52499	-5.91861	0.393615	4.70086

-9	5	22.3417	-36.8569	59.1986	21.9037
-9	10	-12.9734	-27.149	14.1756	17.0135
-9	15	-16.4965	-19.4104	2.91394	12.9022
-9	20	-11.495	-12.3801	0.885104	8.95413
-9	25	-6.00207	-6.43428	0.432205	5.17023
-9	30	-2.15141	-2.54502	0.393615	2.26188

-8	5	39.9828	-19.2158	59.1986	13.6422
-8	10	0.512773	-13.6629	14.1756	10.2094
-8	15	-6.4753	-9.38924	2.91394	7.38638
-8	20	-4.77624	-5.66134	0.885104	4.74465
-8	25	-2.30917	-2.74138	0.432205	2.4596
-8	30	-0.618497	-1.01211	0.393615	0.961181

-7	5	50.2856	-8.913	59.1986	7.34541
-7	10	8.06315	-6.1125	14.1756	5.24033
-7	15	-1.13938	-4.05332	2.91394	3.59825
-7	20	-1.45615	-2.34125	0.885104	2.15723
-7	25	-0.650498	-1.0827	0.432205	1.0339
-7	30	0.00894534	-0.38467	0.393615	0.377512

-6	5	55.4684	-3.73024	59.1986	3.40173
-6	10	11.6871	-2.4885	14.1756	2.32284
-6	15	1.30257	-1.61137	2.91394	1.53211
-6	20	-0.022739	-0.907843	0.885104	0.878826
-6	25	0.022305	-0.4099	0.432205	0.40343
-6	30	0.25074	-0.142875	0.393615	0.142611

-5	5	57.7421	-1.45656	59.1986	1.40305
-5	10	13.2193	-0.95638	14.1756	0.931848
-5	15	2.30232	-0.611616	2.91394	0.60114
-5	20	0.544682	-0.340422	0.885104	0.337436
-5	25	0.280321	-0.151885	0.432205	0.151946
-5	30	0.341344	-0.0522711	0.393615	0.0529985

-4	5	58.6506	-0.547991	59.1986	0.541978
-4	10	13.8188	-0.356872	14.1756	0.355196
-4	15	2.6872	-0.226742	2.91394	0.226896
-4	20	0.759757	-0.125347	0.885104	0.126218
-4	25	0.376799	-0.0554066	0.432205	0.0564002
-4	30	0.374909	-0.0187061	0.393615	0.0195711

-3	5	58.9965	-0.202117	59.1986	0.203234
-3	10	14.0448	-0.130813	14.1756	0.132465
-3	15	2.83132	-0.082618	2.91394	0.0842876
-3	20	0.839791	-0.0453122	0.885104	0.0467245
-3	25	0.41251	-0.0196955	0.432205	0.0208177
-3	30	0.387289	-0.00632616	0.393615	0.00720991

-2	5	59.1255	-0.0731846	59.1986	0.0753072
-2	10	14.1288	-0.0468651	14.1756	0.0489806
-2	15	2.8847	-0.0292414	2.91394	0.0311204
-2	20	0.869361	-0.0157424	0.885104	0.0172289
-2	25	0.425677	-0.00652804	0.432205	0.00766785
-2	30	0.391848	-0.00176745	0.393615	0.00265375

-1	5	59.1731	-0.0255176	59.1986	0.0277783
-1	10	14.1598	-0.0158741	14.1756	0.0180531
-1	15	2.90438	-0.00955636	2.91394	0.0114639
-1	20	0.880257	-0.00484703	0.885104	0.00634358
-1	25	0.430525	-0.00167993	0.432205	0.00282213
-1	30	0.393525	-8.98002e-05	0.393615	0.000976445

0	5	59.1907	-0.00794969	59.1986	0.0102292
0	10	14.1712	-0.00445843	14.1756	0.00664598
0	15	2.91163	-0.002308	2.91394	0.00421942
0	20	0.884267	-0.000836491	0.885104	0.00233441
0	25	0.432205	0	0.432205	0.00103838
0	30	0.393615	0	0.393615	0.000359239

