5 41.8484
5.5 34.9173
6 29.0863
6.5 24.1407
7 19.9283
7.5 16.3339
8 13.2659
8.5 10.6495
9 8.42105
9.5 6.52496
10 4.91208
10.5 3.54023
11 2.376
11.5 1.39226
12 0.565826
12.5 -0.123303
13 -0.693073
13.5 -1.15915
14 -1.53515
14.5 -1.83291
15 -2.06281
15.5 -2.23427
16 -2.35543
16.5 -2.43331
17 -2.47404
17.5 -2.48322
18 -2.46582
18.5 -2.42632
19 -2.36867
19.5 -2.29625
20 -2.2122
20.5 -2.11923
21 -2.01964
21.5 -1.91552
22 -1.80863
22.5 -1.70048
23 -1.59244
23.5 -1.4856
24 -1.38083
24.5 -1.27892
25 -1.1805
25.5 -1.08604
26 -0.995881
26.5 -0.9103
27 -0.829457
27.5 -0.753441
28 -0.682286
28.5 -0.615995
29 -0.554509
29.5 -0.497669
30 -0.445304
30.5 -0.397234
31 -0.35327
31.5 -0.313239
32 -0.276933
32.5 -0.244097
33 -0.214499
33.5 -0.187923
34 -0.164125
34.5 -0.142889
35 -0.12401
35.5 -0.10729
36 -0.0925332
36.5 -0.0795504
37 -0.068164
37.5 -0.0582119
38 -0.0495423
38.5 -0.042013
39 -0.0354974
39.5 -0.0298773
40 -0.0250538
40.5 -0.0209332
41 -0.0174179
41.5 -0.0144255
42 -0.0118939
42.5 -0.00976235
43 -0.00796767
43.5 -0.00646135
44 -0.00520727
44.5 -0.00417053
45 -0.00331453
45.5 -0.00260956
46 -0.0020302
46.5 -0.00155354
47 -0.00116299
47.5 -0.000848291
48 -0.000595665
48.5 -0.00039271
49 -0.000230833
49.5 -0.000102
