         133         142
          18
           1  1.934182111275436E-010  9.179404957741914E-013
           2  9.898202926876076E-009  4.750574711800641E-011
           6  2.421735345394800E-005  1.188484838711960E-007
          13  8.150919985783819E-012  3.841632499485656E-014
          20  1.372484398174432E-015  6.394314638197324E-018
          24  2.767499003583275E-006  1.335978209135199E-008
          34  1.392471282389655E-007  6.689200439141406E-010
          41  2.685455122522842E-006  1.306603411487646E-008
          45  5.275910613004353E-006  2.555516887685995E-008
          49  9.975613215854809E-005  4.867960516424454E-007
          52  9.759576983156885E-016  4.549404685745134E-018
          61  2.029217409490577E-005  9.877274051684802E-008
          67  7.531961306637394E-016  3.511934931446924E-018
          76  1.167669386613432E-006  5.673879831996961E-009
          77  8.228016649470363E-006  3.990891037292413E-008
          80  4.536288354876492E-007  2.238302703296535E-009
         112  1.144583229025189E-005  5.546972392900994E-008
         119  3.661854434995605E-007  1.782312877641680E-009
          12
           5  1.308766301150649E-016  6.286239199442805E-019
          12  8.989136451467445E-014  4.398163762370256E-016
          18  4.724664349791940E-009  2.403590717222290E-011
          19  5.837745277902707E-006  3.025522251124669E-008
          48  5.489622102871651E-015  2.663295242538823E-017
          66  1.875737042890646E-011  9.170052042605490E-014
          73  3.492097591353023E-004  1.816534387453208E-006
          85  2.581516155366276E-014  1.291994145127293E-016
          90  2.901923550005603E-009  1.442146579880679E-011
         118  1.119057306896953E-008  5.574067489192312E-011
         122  2.366154345266013E-005  1.237597481834892E-007
         127  9.114361684927452E-009  4.549743229329498E-011
          15
           5  4.998679076511228E-008  3.140208688282773E-010
          12  1.212592270517412E-012  7.088164063196656E-015
          18  2.116264447959439E-012  1.232461418370277E-014
          19  3.964760600728458E-012  2.310208813567408E-014
          30  2.679757399542969E-007  1.717803235394930E-009
          42  1.814048975601577E-004  1.150931073144245E-006
          48  4.011228392261170E-005  2.540031605832677E-007
          50  3.117270021305818E-006  1.978858105063420E-008
          53  9.723122542336440E-004  6.239155328286606E-006
          69  2.799457805041535E-009  1.780644816015964E-011
          71  9.150157568811094E-017  5.030625184410304E-019
          73  1.486694903491451E-009  8.891183654581738E-012
          85  2.648367800089793E-003  1.693892434108912E-005
         108  1.222393139854928E-004  7.859656653222520E-007
         122  5.837762278840790E-009  3.556167992781004E-011
          25
           5  8.499120268028942E-013  4.267288059141986E-015
           9  3.892652457061593E-004  2.082005428719759E-006
          12  1.032194022015344E-014  5.025619753872759E-017
          21  1.745530500670862E-028  8.052803788678569E-031
          28  2.656788124812441E-003  1.400471635491588E-005
          32  6.223531860233996E-007  3.153267880590690E-009
          33  6.910972367015507E-006  3.564720442469828E-008
          35  8.906660669378149E-013  4.317626085809534E-015
          44  1.995876486270661E-005  1.055843075525441E-007
          46  2.059417377452373E-015  9.851601018302535E-018
          71  1.558901118410747E-006  8.224566201721465E-009
          82  5.255145569453166E-006  2.801216715541994E-008
          88  4.352597530329435E-008  2.242064672712002E-010
          92  2.067280668993494E-008  1.036159438524650E-010
          93  1.795500858545674E-004  9.337461138939415E-007
          95  5.280515834819714E-005  2.828084453782319E-007
          97  5.328625018581439E-006  2.778671481719642E-008
         110  5.894064444663186E-014  2.845842035126222E-016
         114  3.232403893566061E-005  1.680293336146438E-007
         116  1.729568030686340E-008  8.662080993863651E-011
         123  1.229383072253728E-011  6.014605656919670E-014
         125  1.124642237017905E-011  5.528558387775927E-014
         126  5.440570464323953E-011  2.693506075017914E-013
         129  2.867852595536407E-015  1.416483452049058E-017
         131  1.143926215224787E-011  5.905381282303462E-014
          20
           6  1.569650895069836E-018  7.275324830422035E-021
          14  6.129925904215738E-017  2.848691796741386E-019
          20  1.847455153877850E-009  8.674877242208387E-012
          23  2.060521111725048E-015  9.646982466195459E-018
          24  4.512401047949584E-006  2.146631485440467E-008
          37  3.334392855432476E-022  1.536781425364415E-024
          39  6.148430434227793E-010  2.878764211399907E-012
          43  3.340785471205066E-014  1.550896833582026E-016
          45  2.542290746295245E-006  1.210992343001804E-008
          49  4.543116759754415E-013  2.117687403085342E-015
          58  5.672653695715609E-011  2.668768996464266E-013
          61  2.638749490722562E-024  1.216968700228554E-026
          76  2.888554522619936E-005  1.387983143632639E-007
          77  1.005615375396574E-009  4.745278728132124E-012
          80  2.263311040245278E-015  1.056757696076520E-017
          87  1.269100029815362E-008  6.049080133982183E-011
         112  2.173853745503814E-009  1.025235891902457E-011
         117  1.256862030570751E-019  5.798253294660416E-022
         119  1.173754541835217E-005  5.655924866781112E-008
         128  1.435565598640098E-021  6.613765054847657E-024
           9
          14  2.745815817477615E-004  1.538673564393350E-006
          23  3.936417398386551E-005  2.212793636468015E-007
          50  1.218228947958544E-014  6.420852485539268E-017
          58  8.712446686166990E-007  4.706692034222317E-009
          69  4.172516809237156E-012  2.296245509606551E-014
          87  1.164961144311076E-007  6.279528908233388E-010
         106  1.467916451384579E-005  8.096473442154875E-008
         119  5.668595344708349E-023  2.654956137840792E-025
         129  1.016675513353166E-015  5.197954415699586E-018
          16
          14  6.288859437944754E-005  3.824025667159890E-007
          23  5.300193784786791E-004  3.261249850146690E-006
          30  1.530689165986861E-005  9.673940546887109E-008
          42  5.799591245982937E-012  3.515639655890394E-014
          50  6.530810445726927E-006  4.115854468585418E-008
          53  1.750835982233434E-014  9.987518947932022E-017
          58  2.361502899683958E-010  1.347577423253525E-012
          69  7.998619802490935E-007  5.046944689569872E-009
          76  1.176454810420083E-017  6.102721969483662E-020
          80  2.729985480834851E-008  1.625503924948706E-010
          87  1.771555677370776E-009  1.024310692915952E-011
         106  3.379579080775791E-015  1.827598470589571E-017
         108  1.093774218502109E-009  6.727865754392649E-012
         119  3.454060869910164E-012  1.932416942244252E-014
         129  2.191187560698449E-012  1.295873325414589E-014
         131  3.815517332986820E-016  2.103499144952167E-018
          16
          10  2.351569594351115E-006  1.140558884180006E-008
          22  1.659033608535790E-015  7.668666093850701E-018
          35  2.185174211947371E-014  1.013689272102701E-016
          44  4.059854377224472E-012  1.940184738147174E-014
          65  1.555824480314128E-011  7.297888388873953E-014
          74  5.258345759081930E-005  2.538290809572791E-007
          79  1.396672335460087E-013  6.515822807457864E-016
          82  1.494067853445434E-021  6.905832587726643E-024
          88  5.763596366999146E-008  2.805806327324425E-010
          96  2.099238651882808E-007  9.977070427237803E-010
          97  7.851050267766108E-009  3.796184993804056E-011
         109  9.381277560659523E-024  4.323005705324654E-026
         115  7.735424722959257E-005  3.763417378015054E-007
         125  1.855968040359534E-005  8.960337900225085E-008
         126  1.254343938118077E-005  6.053847502532112E-008
         140  7.910578275867834E-021  3.639984380522626E-023
           2
           3  3.073613256106113E-015  1.416645588695510E-017
         111  1.815503907669971E-018  8.354044717999483E-021
          20
           5  9.821651624564704E-007  6.340139184244404E-009
           9  3.300839810073640E-007  2.118504630729392E-009
          12  2.926829847227210E-012  1.775873357205540E-014
          18  5.119793974034755E-020  2.731762225959307E-022
          28  1.871567495647571E-014  1.083225759227007E-016
          30  1.420808809819921E-011  9.043310988697315E-014
          42  4.604723312633612E-003  2.878553124333755E-005
          44  2.563113377559482E-009  1.614146042872139E-011
          50  1.986778570308692E-003  1.242956270874900E-005
          53  1.829390361565977E-011  1.164599914022784E-013
          69  4.177387446253445E-003  2.631315377057196E-005
          71  1.561219069862653E-007  9.989658274757371E-010
          82  3.317617823122008E-006  2.142327742658701E-008
          85  1.072090640051255E-004  6.855922680933769E-007
          88  1.883146223579947E-012  1.129372763473066E-014
          95  1.017978609793810E-005  6.543577078174141E-008
          97  4.119135556732986E-014  2.402065167831398E-016
         108  2.099732432004781E-011  1.339575649768053E-013
         129  5.659613822872004E-004  3.665920690120197E-006
         131  6.525963233196647E-004  4.220013532268839E-006
           7
          21  1.981839527053627E-010  9.223908497165238E-013
          31  2.149218125821978E-010  9.990159860767671E-013
          33  2.733136739986059E-027  1.266416284827726E-029
          46  4.561123034824742E-011  2.129821080954568E-013
         110  6.976858620332938E-010  3.257364564336548E-012
         121  2.717469563403347E-011  1.265250141232489E-013
         141  1.342185833019104E-011  6.244895372226280E-014
           6
           8  1.441630580468911E-014  6.649501748582940E-017
          78  2.861691512258099E-012  1.322180799800910E-014
          81  1.356413256986367E-012  6.262022200202514E-015
         100  2.885852929402307E-011  1.334754497796383E-013
         103  8.730818370460498E-014  4.033794510368838E-016
         140  1.979654269839632E-010  9.149293574926507E-013
          14
           1  1.273627432760080E-010  5.897774100156625E-013
           2  1.836977329696209E-007  8.577788052588397E-010
           6  1.393725837192264E-011  6.499428316475017E-014
          13  9.269574418525672E-008  4.301347975848382E-010
          34  2.770963425910612E-009  1.286449213114088E-011
          41  4.036763315674536E-010  1.880001417429835E-012
          49  1.014734683049841E-009  4.718336253544955E-012
          52  1.742549207810667E-012  8.049894735218769E-015
          55  6.584392247487262E-015  3.038182791751778E-017
          61  1.037002300298513E-008  4.832966903878778E-011
          64  2.113964598300004E-015  9.774521876049079E-018
          67  2.979599961869249E-009  1.382066563014559E-011
          77  9.029359501543566E-014  4.184274053776474E-016
         112  5.860024268580812E-014  2.709590956349967E-016
          14
           7  2.645436674940820E-012  1.224548737589096E-014
          25  3.251002776137177E-010  1.515520026154052E-012
          40  8.759062687792911E-009  4.102829404305742E-011
          78  1.283224423577306E-014  5.930317401225403E-017
          81  1.403075756917974E-007  6.584871856274270E-010
          83  1.048948445104444E-015  4.840728956973484E-018
          94  2.545502650558070E-008  1.190418641467644E-010
          99  2.643203772239668E-018  1.219874933094079E-020
         100  1.225374674562610E-010  5.710357673172481E-013
         103  8.242877377908735E-007  3.887001837630145E-009
         106  2.216683631455038E-010  1.047620442107494E-012
         107  1.348867090949634E-009  6.293832388579181E-012
         136  3.189046349049878E-009  1.491437599873789E-011
         140  8.680076752698568E-010  4.051700893383789E-012
           8
           8  4.294990519795023E-017  1.982226476254857E-019
          16  1.491110532543181E-020  6.906235228051696E-023
          78  1.405847539133595E-010  6.501153071750094E-013
          81  1.837432482453251E-010  8.495232642108897E-013
          94  1.701594728349403E-021  7.851745449489324E-024
         100  7.067621754833914E-010  3.271741368430355E-012
         103  2.788043322737973E-012  1.289905945910899E-014
         140  2.582659722358314E-011  1.193281280013530E-013
          11
          18  1.394294943039341E-013  6.608701241393147E-016
          19  4.961067544480390E-008  2.430698503579338E-010
          47  1.035649407220848E-021  4.780257407004151E-024
          66  2.777905474626256E-012  1.310211951202320E-014
          73  6.555497866754583E-007  3.216472750783543E-009
          90  3.892805695662748E-006  1.889143842353817E-008
          91  4.787212700446484E-020  2.216475323553551E-022
         118  2.270356440155255E-007  1.093708235415847E-009
         121  2.972568596008623E-017  1.381567061868490E-019
         122  5.092256022588159E-008  2.508241387676060E-010
         127  4.742544951468569E-007  2.296244157754427E-009
           6
          31  3.683223487290620E-012  1.699358396692267E-014
          38  3.881915742948859E-011  1.793025632673004E-013
          63  8.239913809919885E-013  3.804816579052382E-015
          90  1.166568006100606E-013  5.388964159507416E-016
         121  1.200149737096354E-010  5.556838282390489E-013
         127  7.257325830924368E-011  3.356278824452544E-013
           4
          21  9.393043663133213E-013  4.334122891447837E-015
         110  1.747585450056263E-016  8.068585841745122E-019
         120  7.993281415566118E-014  3.686774091959024E-016
         124  1.510037104104442E-020  6.973930630263037E-023
           8
          39  1.679107996898445E-018  7.713502955566958E-021
          43  3.347765998065598E-013  1.543780107138468E-015
          58  2.084165257344472E-014  9.618725353124831E-017
          62  5.539003726426188E-009  2.569369774454622E-011
          70  5.536148189323926E-018  2.550017288592107E-020
          83  7.686302079362436E-026  3.541487116285254E-028
          87  5.829737379144171E-017  2.692928380224411E-019
          99  8.102926569898835E-021  3.739439431165773E-023
          13
          10  1.783700317683523E-005  8.705907850122161E-008
          74  2.909083713000542E-008  1.391370596969843E-010
          81  5.506485623710525E-013  2.574144073539277E-015
          88  1.554757427828261E-012  7.388520030897759E-015
          96  1.709618479321685E-010  8.054780802032771E-013
          97  8.518500054883814E-021  3.941993682409682E-023
         100  2.013484383334360E-015  9.358767483321687E-018
         103  4.856251159905985E-009  2.310943269595450E-011
         106  1.074433865572467E-011  5.112369481337339E-014
         115  4.961885820388989E-006  2.410302657848291E-008
         125  1.116100217222687E-011  5.263914499679465E-014
         126  1.897769969587310E-012  8.926181298938584E-015
         140  1.699501108502922E-006  8.150912744414149E-009
           1
         109  5.213949558705976E-025  2.409149018244923E-027
          11
          18  1.348547902847777E-017  6.278037778311864E-020
          19  2.039061758271624E-009  9.837234787735382E-012
          47  1.254601051015532E-021  5.807202855712062E-024
          66  8.505857132109485E-015  3.965980283495642E-017
          73  5.881545370651852E-009  2.832968400628587E-011
          90  9.448096833732266E-006  4.552021803827798E-008
          91  1.259003560595987E-021  5.839867373168332E-024
         118  7.880755337733957E-008  3.764820561185434E-010
         121  4.666716420098663E-015  2.178946761076048E-017
         122  9.422080384722054E-010  4.557486563133696E-012
         127  6.380122946829753E-007  3.066155654239648E-009
          12
          21  5.088922866523658E-008  2.384652866904212E-010
          28  1.749341236413952E-013  8.177511018021389E-016
          32  4.836434873263751E-006  2.278912052670072E-008
          33  2.601531496365152E-008  1.230438410798901E-010
          46  3.404051680168248E-023  1.567970530591995E-025
          92  7.085400786066112E-007  3.331408756229584E-009
          93  1.196626386949113E-007  5.674647394074864E-010
         110  3.675165013174222E-008  1.726593935687597E-010
         114  2.722289290636384E-010  1.281305996096642E-012
         116  1.028270417682920E-009  4.799070922071436E-012
         120  2.540749159050568E-020  1.173116230421562E-022
         123  6.773497972803983E-007  3.179420934525754E-009
          16
          22  2.955238390437530E-009  1.372764048146458E-011
          27  1.006934474549758E-021  4.637490420602569E-024
          28  6.383662596021131E-016  2.965695726267752E-018
          32  4.428171190522015E-011  2.057023187297523E-013
          35  9.468723851918201E-008  4.418552725008268E-010
          60  8.694533227315688E-016  4.026983253556784E-018
          65  1.100349731494932E-018  5.079329127729158E-021
          92  1.059185128324010E-008  4.948219557319662E-011
          93  6.804565123783924E-016  3.159679872024086E-018
          97  4.838997858862693E-031  2.234713689510549E-033
          98  1.923963459262942E-013  8.905437622364414E-016
         116  1.042703136150102E-006  4.886747356022722E-009
         123  1.406423214202134E-010  6.538487856142453E-013
         125  6.136128546200055E-018  2.833802545793497E-020
         126  2.677444313191802E-016  1.238193100322770E-018
         132  4.970158511486544E-028  2.294089083694991E-030
          10
           7  1.582455353196699E-018  7.301788491669272E-021
           8  9.184244757132207E-022  4.241595762722212E-024
          16  6.934572727768425E-019  3.214042514194765E-021
          78  4.626515040176033E-009  2.153243087419896E-011
          81  5.364277498419421E-007  2.504459590508836E-009
          94  1.275016554229774E-011  5.908426627023420E-014
         100  1.123198942707037E-007  5.242497939333562E-010
         103  4.417460096392670E-007  2.068525302738418E-009
         106  1.462657732155935E-021  6.762094393533189E-024
         140  2.773107434726402E-007  1.295619233570253E-009
           7
           3  1.018193701770751E-006  4.787950129841772E-009
          51  1.031692850892946E-023  4.768415844958089E-026
          54  7.985950208708819E-006  3.767500551865030E-008
          56  2.648944988576605E-016  1.225356137280049E-018
          68  4.018388172121602E-006  1.899071061107605E-008
          75  5.423806297059643E-014  2.515959674572117E-016
         111  1.251533242492884E-016  5.773777405249871E-019
           3
           7  1.013493688435115E-027  4.661470332965543E-030
          94  9.643122360357724E-028  4.438584658156424E-030
         107  8.792849752365515E-023  4.049167060995590E-025
          17
           6  6.554201012754404E-010  3.740791766622015E-012
          14  3.952861961348950E-018  2.040938668182070E-020
          23  4.515955382034925E-010  2.632069664573519E-012
          30  7.477219215534638E-003  4.717969088726598E-005
          41  8.794702110887147E-011  4.941882929398074E-013
          42  9.740224968959866E-012  5.878629712627342E-014
          48  9.586510490251051E-008  5.790086968192417E-010
          49  3.330699099337897E-028  1.559460510236066E-030
          50  8.586627785334759E-008  5.384335636818819E-010
          53  9.276858527616160E-005  5.819197193467192E-007
          61  8.352090586510156E-020  4.194486904233575E-022
          64  1.187554308461985E-015  6.284689628103120E-018
          69  4.339050018225111E-013  2.557625554901240E-015
          80  3.340745476179852E-005  2.014979888750410E-007
          85  6.881584394397798E-014  3.969228052821600E-016
         108  1.399871038648947E-003  8.812007145836601E-006
         119  3.549255614004634E-024  1.712678485037697E-026
          12
          10  6.930848573680328E-019  3.447303749647117E-021
          14  8.659816731013542E-006  5.057898030162222E-008
          23  2.891915731846193E-006  1.699397016597957E-008
          30  1.119328956229667E-016  5.910953203695539E-019
          42  7.929869966561805E-021  3.908930124188931E-023
          50  3.225879012473498E-008  1.971181690633434E-010
          58  5.185778756844157E-011  2.827319228635648E-013
          69  7.634410757148428E-007  4.683535496826446E-009
          87  2.711116175132799E-012  1.459061731234135E-014
         106  4.169646878517695E-005  2.424442497204191E-007
         129  5.779966134522053E-008  3.480826152791626E-010
         131  9.821464562610604E-010  5.782177907332516E-012
          16
           5  5.232630002438048E-010  3.281272432405403E-012
          12  4.561527355536804E-021  2.370915845395485E-023
          18  2.331046337213982E-023  1.170148605378790E-025
          19  1.068803346822858E-025  5.215517727309288E-028
          30  2.928620458936077E-005  1.878248348046252E-007
          42  3.470968211627684E-004  2.194529157458858E-006
          48  3.529412834475475E-005  2.263847652957785E-007
          50  5.963858064821904E-005  3.761951245552153E-007
          53  2.941554692368714E-003  1.887549560341651E-005
          69  1.543734433763003E-007  9.871139028233150E-010
          73  8.501533716100142E-014  4.883647104386510E-016
          85  1.194545164433216E-003  7.653905265544504E-006
         108  1.143662647376075E-003  7.356737439752938E-006
         122  1.834358259844640E-013  1.068272205703680E-015
         129  5.382799663408451E-018  3.003726486142340E-020
         131  6.980314989416223E-019  3.820595043862378E-021
           7
          32  4.642521395039319E-015  2.147622674074192E-017
          60  1.157736564229533E-014  5.374261333739953E-017
          92  5.555478440615952E-012  2.575945907059418E-014
          98  4.377860763691155E-017  2.027631616748890E-019
         116  1.235890332385229E-013  5.722794434797396E-016
         123  3.236257253972942E-011  1.499355223249170E-013
         139  1.185801510266041E-016  5.490672392747662E-019
          26
           5  3.486969885671464E-006  2.023430449364919E-008
           9  7.185822910969436E-003  4.167820272873560E-005
          12  4.909584347859052E-008  2.747342016848037E-010
          18  1.120057530481656E-012  5.891754669541667E-015
          28  1.215710830809244E-003  6.901312008274022E-006
          32  5.501409579898808E-013  2.829123689368384E-015
          33  7.885411358361152E-007  4.349113991613370E-009
          42  2.396799791809921E-009  1.404914127438324E-011
          44  1.406763911013327E-004  8.074907157066621E-007
          46  3.971182658235320E-012  2.077602831468765E-014
          50  1.052474612532136E-015  5.538568709043593E-018
          69  2.468460407110243E-010  1.423942830254093E-012
          71  6.216201271402797E-004  3.603197756102077E-006
          82  5.659895535085168E-004  3.296413486176742E-006
          85  3.544921641409205E-012  1.978176202760081E-014
          88  4.273002262242239E-007  2.390101775792280E-009
          92  3.382820057375571E-025  1.578254059184727E-027
          93  4.571167356859414E-006  2.538735181595743E-008
          95  6.664675783421501E-003  3.902484293328562E-005
          97  5.806468224696453E-006  3.269893007442731E-008
         110  4.935248189270911E-026  2.295641222140168E-028
         114  3.103290829949261E-005  1.740432107203846E-007
         125  3.664841363418049E-018  1.792480296241708E-020
         126  1.024109421495857E-016  5.077946900196295E-019
         129  6.489922047539557E-007  3.816702881932933E-009
         131  8.591423060311927E-006  5.073668510558805E-008
          15
           2  1.196571804576662E-007  5.798690476058907E-010
           6  8.186441810235798E-010  3.956570050619827E-012
          41  1.401358336210184E-007  6.821545427383191E-010
          48  7.256005899096537E-025  3.338357327278624E-027
          49  2.010193437190533E-015  9.390310806527869E-018
          54  2.984565013797925E-017  1.385230734306280E-019
          56  1.309463530777474E-004  6.426102150027913E-007
          61  2.101162401126350E-010  1.005449878648125E-012
          64  4.207020550902355E-004  2.076476752519701E-006
          68  9.928632824676038E-016  4.633434581034118E-018
          72  1.209178078163677E-016  5.624466135383388E-019
          80  8.359889950051321E-018  3.896007400042737E-020
         105  1.268616566600388E-023  5.858443360004602E-026
         130  1.202326101101055E-022  5.553812678987820E-025
         134  6.795238407654144E-010  3.252485305452312E-012
           7
          21  2.812152156151202E-016  1.298933515956891E-018
          31  5.507267317072622E-008  2.565145096202163E-010
          46  1.469228919644415E-011  6.840556802056662E-014
         110  7.805243061105056E-014  3.616637892652238E-016
         121  3.490408386146016E-008  1.630137848987348E-010
         127  1.416159082130899E-013  6.553063050568225E-016
         141  2.235509374418795E-010  1.039878077436189E-012
          16
           1  4.366536631507902E-009  2.030801662108211E-011
           2  4.105282019528792E-008  1.919490368296265E-010
           6  4.367251388393003E-011  2.044106874152671E-013
          13  8.873884964494894E-008  4.128585876595735E-010
          24  8.636950024498857E-029  3.988168330218647E-031
          34  5.027731616248056E-008  2.343969157867149E-010
          41  2.479733849263704E-010  1.157247449871472E-012
          45  4.269473150432962E-020  1.975895229139481E-022
          49  9.641593288219677E-009  4.501683021052312E-011
          52  1.193617567036733E-010  5.537841769933127E-013
          55  4.836033047868397E-018  2.236265330716197E-020
          61  2.196908528331937E-008  1.027263377127233E-010
          64  1.119517510113857E-029  5.177568123078008E-032
          67  6.428080620114829E-009  2.989728286682511E-011
          77  2.061086616638979E-010  9.609724589078748E-013
         112  1.616702134423355E-010  7.521748872716952E-013
           3
          22  5.923313870129502E-012  2.725019602403265E-014
          35  3.919896261369966E-013  1.804668313297949E-015
          65  7.984953188133122E-014  3.683943676234324E-016
          17
           5  1.885888229238643E-015  8.950292451738534E-018
           9  4.579545603491306E-013  2.190718789165929E-015
          12  4.649867944579184E-010  2.269035548940551E-012
          18  3.717547116824898E-013  1.766357631017859E-015
          21  9.747335236449604E-006  4.726658753219337E-008
          28  1.070733951876091E-008  5.222345295839302E-011
          32  1.658096375764099E-006  8.027519195624969E-009
          33  1.991155104173407E-004  9.829628318008562E-007
          46  7.418479647623647E-006  3.630307385803180E-008
          71  4.043461429481424E-009  1.993797928342596E-011
          92  9.663030956115083E-010  4.610661208398986E-012
          93  2.901218058347633E-005  1.428717676565269E-007
          95  1.109895086268427E-014  5.266074271952141E-017
         110  1.090070107546728E-004  5.323649775925290E-007
         114  5.050587890904996E-005  2.494079830480074E-007
         116  9.903454834035148E-019  4.583126114245498E-021
         123  2.086152592489416E-010  9.913628156923789E-013
           4
          37  7.233204365365238E-023  3.331550123653526E-025
          39  1.261378750905861E-019  5.800282381390879E-022
          43  1.170348685151773E-023  5.398315836922667E-026
         117  5.472913601856202E-022  2.522269311594243E-024
           1
          98  1.080652032395513E-028  4.978531187388087E-031
          15
          12  1.262932144523181E-011  6.028689637133051E-014
          18  3.897329086154378E-011  1.853607245077356E-013
          19  5.493847055704164E-014  2.575496214338485E-016
          21  2.483829311462424E-008  1.175992033906995E-010
          31  3.941479177375480E-009  1.857236680115999E-011
          33  4.215832900837527E-010  2.001234520892661E-012
          46  5.088198823299365E-006  2.446284520612800E-008
          71  9.163876088703861E-029  4.212479929000868E-031
          93  7.550021587409898E-018  3.509999080242301E-020
         110  5.728433700004179E-007  2.732080764831348E-009
         114  1.182684673654449E-011  5.582075082730981E-014
         121  1.971103776513176E-008  9.345328933587424E-011
         122  1.372200153147469E-023  6.336459272744771E-026
         127  8.534449539933896E-013  3.985506659143056E-015
         141  2.180568216271104E-013  1.018254585570263E-015
           7
           7  1.179112876345144E-013  5.423995896968671E-016
          25  3.025112796195612E-015  1.393719899578742E-017
          40  2.338720194533748E-015  1.077994916104047E-017
          81  7.202655943763763E-026  3.316167988194650E-028
          94  5.325927014361266E-012  2.452443711934316E-014
         107  7.607692759157802E-012  3.504798979882694E-014
         136  4.210381343564705E-015  1.940862290460274E-017
          19
           5  2.235104805564903E-019  1.042051390764056E-021
           9  1.763401181599060E-008  8.777077279815718E-011
          12  5.813663148308201E-014  2.774411674970034E-016
          21  1.295134029712996E-007  6.273555047026466E-010
          28  1.391139355689852E-005  6.947376048957073E-008
          32  8.435137454479915E-005  4.135746715981100E-007
          33  2.238295538107646E-004  1.112804709142135E-006
          44  6.147022306536093E-018  2.881512397537086E-020
          46  6.036827106863549E-009  2.928664453668390E-011
          71  1.035320498914536E-008  5.150983011976021E-011
          82  3.690028967172293E-022  1.709162067673938E-024
          92  2.362889017665080E-006  1.150856053648463E-008
          93  5.069507853561586E-004  2.524154282747490E-006
          95  5.281445942598538E-010  2.612158226949016E-012
          97  2.488686536154263E-026  1.151079626254760E-028
         110  2.402094337305762E-006  1.173737897252706E-008
         114  9.497665333855685E-005  4.736657743055860E-007
         116  1.512569058344039E-008  7.293894305484711E-011
         123  2.296229558662354E-007  1.112362930410812E-009
          16
           1  7.467098318343639E-013  3.496813835394274E-015
           2  8.085211519641941E-005  3.908922362934242E-007
           6  1.285363684099089E-005  6.257404605040652E-008
          13  4.121035835833331E-008  1.960359122862327E-010
          34  2.171699566541354E-009  1.030120877779907E-011
          41  6.310262389941215E-005  3.064048610420697E-007
          45  2.612766695492022E-027  1.209543926381829E-029
          49  4.202058741980606E-006  2.025854397473140E-008
          52  1.576080006184873E-019  7.294371111206161E-022
          56  2.143352482841950E-009  1.020440087354792E-011
          61  3.717006231747801E-005  1.798415662317965E-007
          64  1.793602466058513E-006  8.658345210695022E-009
          67  1.904889086009389E-011  8.961591455937390E-014
          77  6.787415763185164E-012  3.201898856186532E-014
          80  1.919580219925321E-010  9.234176308065916E-013
         112  9.048090835553761E-012  4.260303213605921E-014
           1
         141  1.052974947137282E-021  4.867148215150637E-024
          15
          20  1.965202722517119E-008  9.168502567382488E-011
          24  1.643065180073489E-006  7.709368428487207E-009
          34  5.380513255372708E-018  2.489327599193136E-020
          37  4.545734076867764E-021  2.098995719102590E-023
          39  4.498250779771030E-011  2.085508543941733E-013
          43  9.482015234841736E-019  4.384886026657048E-021
          45  1.128141099512944E-006  5.303580918320262E-009
          49  2.482276723105533E-014  1.150594627733444E-016
          76  9.837418453817130E-008  4.637351824070549E-010
          77  5.565703786132684E-009  2.608869491138305E-011
          87  1.670784886573386E-019  7.735201367013110E-022
         112  8.467919749779371E-009  3.962539994497907E-011
         117  1.944903944544907E-019  8.986143125512876E-022
         119  8.173157176334899E-009  3.854362469881989E-011
         128  3.351888016760837E-015  1.548607147651178E-017
           5
           3  3.530856268573815E-011  1.632153910243317E-013
          54  1.805569562088239E-015  8.330313817540574E-018
          68  1.447035886786730E-019  6.677927540508310E-022
          75  1.383933726211213E-018  6.401481377206337E-021
         111  8.483028083184675E-014  3.912274131627435E-016
          17
           6  4.637379960262068E-008  2.335634360232513E-010
          14  7.878696062543548E-007  4.056948860003389E-009
          20  3.265115562771529E-022  1.513630437146316E-024
          23  1.027012640877955E-005  5.357364448956616E-008
          24  5.258227378488840E-007  2.629803879660607E-009
          30  1.801130977743617E-019  8.526077311672073E-022
          41  3.763035812197880E-011  1.844174562482839E-013
          45  4.007714458335676E-007  2.008522992908221E-009
          49  1.691490029373434E-008  8.422348589747939E-011
          58  2.870542545662134E-007  1.447485887388949E-009
          61  1.032020138956415E-010  5.061445419462805E-013
          76  7.595882666482557E-004  3.892792211836155E-006
          77  1.657300432816707E-010  8.139128841918381E-013
          80  1.778435213970896E-005  9.216270410425904E-008
          87  1.352741496694787E-005  6.906930683579105E-008
         112  5.598028891714235E-010  2.752171048862735E-012
         119  1.438689226541862E-003  7.408604771601405E-006
           8
          29  9.886066235487103E-018  4.559824172092857E-020
          47  1.889983145916407E-012  8.713727250171577E-015
          57  1.326732312950326E-020  6.118196929789807E-023
          66  5.781825232908715E-018  2.664258139109495E-020
          91  2.145853479795912E-012  9.914962633774468E-015
         118  2.966074949880968E-015  1.366356552759417E-017
         135  7.217548473401743E-016  3.325015019414798E-018
         142  9.452010408363784E-020  4.361025601950754E-022
           4
          36  1.402784010325787E-018  6.477868107209122E-021
          59  3.713531906866839E-022  1.712676414985667E-024
          72  1.786568670283445E-017  8.244182873182920E-020
         134  1.877376247846551E-020  8.685997668614080E-023
          14
           6  2.849546832827741E-015  1.363571938710746E-017
          14  1.247648912489243E-004  6.530849424288197E-007
          23  1.935576064185145E-004  1.020356224844083E-006
          24  9.650713338160724E-010  4.759763727055812E-012
          39  1.855758032228100E-025  8.557249836397836E-028
          45  3.227448495189132E-010  1.589892854753955E-012
          49  2.950822241860908E-017  1.389309137860903E-019
          58  1.272514657063757E-004  6.528159575094850E-007
          76  1.683794318295151E-004  8.630314217583761E-007
          77  5.336279384464109E-025  2.476396673057357E-027
          80  7.943809018393888E-008  4.073941206411529E-010
          87  7.393068501655737E-004  3.816710821350924E-006
         112  9.999705817099823E-021  4.658871387114956E-023
         119  5.807419954503414E-004  2.998315423062452E-006
          18
           6  2.926983192201645E-008  1.596915014492922E-010
          14  1.815367011094785E-005  1.026507691603562E-007
          23  6.116583126590960E-004  3.526646308151237E-006
          24  4.550890917395092E-019  2.199980210841864E-021
          30  1.279994292620514E-005  7.616835386515912E-008
          41  9.538703977646545E-011  5.053179744394165E-013
          45  5.115211925770482E-019  2.479439810357762E-021
          49  5.240020532855780E-012  2.725906578560265E-014
          50  1.942127404218016E-013  1.064981283785704E-015
          53  8.641657868208244E-018  4.348386678288592E-020
          58  3.397553045649207E-009  1.829377847441896E-011
          61  1.409905022816292E-013  7.220658468259957E-016
          69  1.269270760005307E-029  5.667095613884968E-032
          76  6.761382804419202E-007  3.706207678199496E-009
          80  7.103465221885584E-004  4.063447473208059E-006
          87  2.418742406088688E-007  1.328038370836979E-009
         108  2.486894360406129E-010  1.413916303669599E-012
         119  9.495858508884476E-006  5.265794364816376E-008
          17
          10  7.746136531641240E-004  3.993106699887384E-006
          44  2.337764373916829E-013  1.143308277384425E-015
          74  1.041621389662875E-010  5.096971847521362E-013
          81  5.128788221381784E-013  2.459044732370202E-015
          82  2.721697066763653E-015  1.313824398978092E-017
          88  6.024149566219438E-008  3.067320111889964E-010
          96  4.868942964489554E-022  2.251151090702263E-024
          97  2.009125850634157E-011  9.919507629762864E-014
         100  8.635285797154460E-022  4.004484305622066E-024
         103  1.127407987431388E-007  5.616337716919756E-010
         106  9.282228287524450E-006  4.768226471668877E-008
         115  2.284388745687505E-005  1.162837866326631E-007
         125  1.373424752865794E-011  6.683122250344377E-014
         126  3.156084508240539E-012  1.530040703318989E-014
         129  4.005900254285930E-012  2.033539644889577E-014
         131  1.795912560164908E-013  8.953558115383878E-016
         140  1.862465891790998E-006  9.315034294227256E-009
          12
           4  2.582435606639484E-010  1.204142290685855E-012
          29  1.158574394588869E-019  5.358591285554090E-022
          47  5.012287063924903E-009  2.336156456166627E-011
          51  6.112215241074719E-008  2.863498815431019E-010
          57  1.648644070877762E-026  7.623593963198642E-029
          66  1.713826789633078E-006  8.038468640468774E-009
          73  1.147278457184705E-012  5.357635901705767E-015
          75  4.180950084829384E-009  1.955044495411390E-011
          91  4.672651944433086E-008  2.185462097458747E-010
         118  1.939663325138700E-007  9.076705535123006E-010
         135  5.943363696896299E-011  2.759385934357091E-013
         142  9.158819340246445E-029  4.237360530260419E-031
          10
           2  9.644655579829229E-025  4.458146945132060E-027
          26  1.463811023069292E-020  6.751898762434648E-023
          36  9.717652997045269E-015  4.491974547488001E-017
          56  1.958411760047665E-007  9.159349565494714E-010
          59  1.318357352631855E-019  6.082109220696802E-022
          64  1.175559249306408E-009  5.488433869801923E-012
          72  1.941238637871517E-009  9.009833339789903E-012
         105  2.327745097859167E-011  1.078336807490684E-013
         130  2.199518219400654E-012  1.017926346932446E-014
         134  8.981140460923188E-008  4.191260463233890E-010
          17
           6  4.550365696561235E-023  2.252722050447835E-025
          14  1.480694145989125E-006  9.076487244240841E-009
          23  7.265748919785634E-005  4.528090107306792E-007
          30  6.825991557076298E-004  4.348754510608722E-006
          42  9.196799596216484E-010  5.798291112262403E-012
          50  2.847256537444968E-005  1.798620425196798E-007
          53  6.345291586286000E-009  3.985236210311667E-011
          58  1.856170732108380E-015  1.007889115486385E-017
          69  7.212189036899760E-007  4.590429102512322E-009
          76  1.072768362201306E-019  5.504881752705907E-022
          80  1.151124340907417E-006  7.059307680970512E-009
          85  1.054893309809179E-016  5.923166170888898E-019
          87  1.063025233528370E-012  6.003673191349998E-015
         108  1.829432769031554E-006  1.168301739048999E-008
         119  3.963202532391795E-013  2.222703757230728E-015
         129  1.658204656265353E-014  9.610412513896555E-017
         131  7.074260578447523E-020  3.703439438786444E-022
           3
          21  5.177641533677779E-030  2.388101698350722E-032
          31  2.016719909291059E-018  9.298678789324180E-021
         141  3.009795861733310E-014  1.392071613860865E-016
          11
           7  4.028173864322670E-014  1.853525421402017E-016
          25  2.755422638379062E-009  1.273356973501642E-011
          40  4.250254645566162E-009  1.966438094061694E-011
          70  1.364505404769085E-020  6.286819093671683E-023
          81  8.126450035679056E-024  3.741709785233471E-026
          83  2.043531812898800E-011  9.433001905732957E-014
          94  2.492556552288252E-011  1.148939574308916E-013
          99  3.681811746104096E-012  1.701432241037835E-014
         107  4.428789098901862E-009  2.045147533445473E-011
         136  4.230274023942832E-009  1.956679431445526E-011
         138  2.148721424489644E-018  9.881190274551973E-021
           4
          25  2.128333031268395E-026  9.824683527650450E-029
          70  4.111110153888785E-024  1.897972723222035E-026
          83  8.714882932667125E-022  4.024650436158495E-024
          99  6.542220474134102E-022  3.026111711988384E-024
          14
           7  1.427935221260243E-014  6.598705153198007E-017
          25  2.744385415208119E-007  1.286621108631452E-009
          40  1.327866635459143E-006  6.241350447791790E-009
          62  1.458307867841353E-023  6.754974016417640E-026
          70  1.427393869750541E-015  6.601604414499727E-018
          81  1.668079310129175E-013  7.727586095824742E-016
          83  6.059041173292345E-009  2.831037083577838E-011
          94  4.226949946152844E-010  1.968182549766040E-012
          99  1.717248263832942E-009  8.030378832741944E-012
         103  3.712655114493767E-012  1.726544468364522E-014
         106  1.071718622167083E-017  4.967931463494701E-020
         107  4.320380500212664E-008  2.021339950105898E-010
         136  8.116931721997491E-007  3.813192819919323E-009
         138  1.366230991218238E-024  6.299037136476529E-027
           3
          22  5.877972953543249E-013  2.706722561464346E-015
          35  4.339158616476073E-015  1.999157840344510E-017
          65  4.886043691397907E-013  2.256889602485491E-015
          15
           2  3.891389871010003E-005  1.888837536596977E-007
           6  2.142193683893549E-006  1.044802403970624E-008
          13  3.110301191382380E-010  1.471917944997409E-012
          34  3.571275650010945E-014  1.668184268024227E-016
          41  2.918341817227044E-005  1.422905846334685E-007
          49  7.368932740717365E-008  3.542300465184578E-010
          56  1.719810851711236E-006  8.312244272224377E-009
          61  3.360739486412146E-006  1.627954169545464E-008
          64  7.602279375240760E-005  3.709120959548058E-007
          67  9.272682016527136E-017  4.303805694620388E-019
          77  2.641492048920792E-027  1.223591599979326E-029
          80  1.728228460908001E-011  8.285419848003095E-014
         112  1.043189221206882E-025  4.822099914289891E-028
         130  2.771179277384051E-024  1.279841565725646E-026
         134  2.590881094997143E-014  1.212096013725601E-016
          15
          10  1.200608390619067E-012  5.613272892319671E-015
          22  2.435746993202235E-012  1.129049905103180E-014
          35  7.277465925460102E-013  3.373454636151097E-015
          65  3.361745781621706E-009  1.571655933663340E-011
          74  4.787586237317433E-006  2.263742931118770E-008
          79  3.010247965269936E-010  1.405761876788432E-012
          84  1.643274891417062E-015  7.609232464365845E-018
          88  1.424250278563028E-015  6.651468523655549E-018
          96  1.723834968283790E-007  8.075956854370391E-010
          97  4.180653140702585E-016  1.949344402738756E-018
         101  1.174382361095501E-015  5.433713225019790E-018
         109  2.105066391346712E-016  9.743459253506818E-019
         115  3.663127014000199E-008  1.732377283493798E-010
         125  3.043686873028843E-007  1.437702898583475E-009
         126  2.051624782176516E-007  9.687882348981731E-010
          18
           9  1.083528134446264E-011  5.516757007696425E-014
          10  1.235336228230443E-003  6.562024583893617E-006
          28  2.653934524098831E-017  1.270359165391111E-019
          44  4.755863530676733E-005  2.559339635811962E-007
          69  2.270592146265408E-016  1.122165177777583E-018
          74  8.047417220706334E-008  4.118193787849781E-010
          82  8.288983926200677E-006  4.487325940383073E-008
          88  1.261045609273742E-003  6.787496066016931E-006
          95  1.614615033654441E-013  8.073449732535025E-016
          96  2.269844149956979E-018  1.071205787865069E-020
          97  1.551654358114821E-004  8.282368384979569E-007
         106  1.483664592176039E-010  7.552735226916475E-013
         115  6.749306437967752E-004  3.556932453277097E-006
         125  1.119778831981006E-005  5.827329837573499E-008
         126  8.783550960084947E-006  4.566558330491785E-008
         129  5.891064767276284E-007  3.253516166306449E-009
         131  7.063896974667709E-007  3.896130492312191E-009
         140  2.094167129089253E-016  1.000167374177988E-018
           4
           2  3.167087851472210E-020  1.463059747209854E-022
          13  3.568614542750729E-016  1.643962861696192E-018
          55  5.182679036991737E-017  2.390983957959529E-019
          67  2.552395782236816E-020  1.177867910777557E-022
          19
           5  2.418164472969313E-008  1.241725977633811E-010
           9  5.648147854284082E-010  2.825258241723248E-012
          12  5.272935895565051E-006  2.703240351909530E-008
          18  2.612955538466323E-007  1.320867901062540E-009
          19  3.127438539111400E-011  1.527987780024657E-013
          21  8.490141166855810E-007  4.197736342377994E-009
          28  6.002098096188760E-008  3.005873988994325E-010
          32  2.560537301781722E-008  1.255468378624325E-010
          33  4.589641776185039E-004  2.325505314387106E-006
          46  4.170326152684062E-004  2.107819328894142E-006
          71  3.941047495909464E-006  2.032425475235014E-008
          92  2.514844793721741E-014  1.191690715534245E-016
          93  2.319141322757994E-005  1.170123364957336E-007
          95  4.204119190998296E-010  2.109926366461680E-012
         110  5.759260408278123E-005  2.879875486858936E-007
         114  3.563670254267632E-004  1.813030575725425E-006
         121  1.661824673637535E-020  7.716181876753599E-023
         122  1.094848510036729E-013  5.266346295089560E-016
         123  5.703525086412461E-017  2.668636484933504E-019
          13
          20  5.484597715922823E-009  2.549157131035132E-011
          24  4.488992056733583E-008  2.093544906870007E-010
          37  9.531849330113974E-015  4.404834469069310E-017
          39  1.552930081219077E-009  7.199408858256370E-012
          43  3.548753830047797E-013  1.643722572082502E-015
          45  1.903605527858479E-008  8.889153530123225E-011
          76  2.866518503522478E-009  1.342103103334431E-011
          77  5.982912748146336E-013  2.782451573048375E-015
          87  4.161482178098679E-020  1.926462184489677E-022
         112  1.302009798182877E-012  6.044510296998317E-015
         117  4.208285089527707E-014  1.946531441247569E-016
         119  1.326415144600075E-010  6.210885623849313E-013
         128  6.844366196293174E-014  3.162850503384673E-016
          16
          20  1.660315891224938E-008  7.737852657071971E-011
          24  2.466050529972066E-006  1.157536648676253E-008
          34  2.167697993648562E-020  9.998755801271285E-023
          37  1.571214216612164E-019  7.234602148583337E-022
          39  2.119744762679888E-010  9.825112637711588E-013
          43  3.262386032639409E-016  1.505544893661937E-018
          45  1.575959199838231E-006  7.408510499909853E-009
          49  3.396144225555424E-014  1.570980934482387E-016
          58  4.784848722280574E-026  2.200434139250894E-028
          76  5.452867676252845E-007  2.574459733186950E-009
          77  3.632822490473912E-009  1.701059489087769E-011
          87  1.764203603564882E-014  8.187236953096857E-017
         112  6.036887286568852E-009  2.822005190512735E-011
         117  4.293258422763762E-018  1.978302975700106E-020
         119  7.442085849670018E-008  3.517170841693209E-010
         128  1.276492806525378E-015  5.881733917908897E-018
          14
           7  1.090942699146047E-016  5.035470424983901E-019
          25  3.235161527219277E-009  1.530293089195947E-011
          40  1.299308347661663E-007  6.190083534342200E-010
          78  1.440566151906410E-024  6.636708633287236E-027
          81  2.586399592509576E-008  1.228175173528297E-010
          83  6.158826658520757E-013  2.875002231371147E-015
          94  1.119959206486162E-009  5.283342268017932E-012
          99  2.417791845214990E-014  1.125625323341589E-016
         100  4.209805729186444E-013  1.965474212692029E-015
         103  1.518702139121520E-006  7.280144486946179E-009
         106  4.602402658102847E-007  2.241276188409054E-009
         107  5.276998774485375E-010  2.487243899667575E-012
         136  3.846075266290708E-008  1.828899259148944E-010
         140  8.527657093126766E-010  4.027504563740487E-012
          21
           9  5.456906604123052E-007  2.762313332369139E-009
          22  1.945973773718275E-010  9.315391100396629E-013
          28  5.307388254981057E-005  2.674439943682585E-007
          32  1.797200327579481E-007  8.773731372335505E-010
          33  1.807514316245096E-009  8.822501639464047E-012
          35  1.567018615450236E-007  7.623412673864061E-010
          44  1.015930803032139E-006  5.135974610641840E-009
          65  1.695626571181523E-029  7.839827685496515E-032
          71  6.876042271492009E-014  3.300437848155801E-016
          82  1.223945257331564E-008  6.170732783742769E-011
          88  9.443189303219585E-009  4.684079121759665E-011
          92  1.600884215238634E-007  7.812821932394261E-010
          93  2.137209903550074E-006  1.061237161728017E-008
          95  5.162984470740891E-009  2.592229665036663E-011
          97  2.213213799743356E-006  1.111073556375856E-008
         114  5.218151773275692E-009  2.559163204778968E-011
         115  2.028835985730446E-021  9.404694248231759E-024
         116  2.134361921587738E-006  1.046235006217755E-008
         123  2.998980661402073E-010  1.441347125203116E-012
         125  1.627537593136514E-008  7.941110401579807E-011
         126  4.384160324677207E-008  2.143370173228739E-010
          12
          14  4.054888659604794E-005  2.090133599296385E-007
          23  4.248720938112762E-007  2.179391914159103E-009
          25  8.238059554007850E-012  3.965745329338147E-014
          40  3.068228509556660E-009  1.501595670549970E-011
          58  7.066120231921229E-005  3.582789139032873E-007
          62  7.248903479023171E-011  3.519919267695332E-013
          83  4.287837648131635E-012  2.059481310629352E-014
          87  5.638187387228029E-006  2.853463540879018E-008
          99  2.183829341720557E-012  1.048993422733339E-014
         106  5.109548711691300E-009  2.553994988265567E-011
         119  9.276908600607587E-018  4.346308799657458E-020
         136  3.812514719908976E-010  1.855177120965074E-012
          15
           9  8.246946880332339E-023  3.801971525710508E-025
          12  9.830874796619402E-024  4.540735360245448E-026
          21  6.130360921582385E-006  2.920817020197119E-008
          28  1.417407598301507E-010  6.748337245658224E-013
          32  5.810391742475198E-006  2.771291601136100E-008
          33  1.117857338653773E-005  5.396480857766619E-008
          46  4.713292735072157E-009  2.240680183816867E-011
          71  2.566079175269459E-015  1.203036301707313E-017
          92  5.015313390342204E-008  2.376644147320626E-010
          93  4.755721932362063E-006  2.293494200722087E-008
         110  1.789574688827909E-005  8.567511734422185E-008
         114  8.439265817764068E-007  4.065403164840113E-009
         116  4.064875791158401E-013  1.893545269610359E-015
         120  2.308961364141549E-017  1.068130605089792E-019
         123  3.341086817583269E-008  1.579609489283981E-010
           0
          15
           1  1.341929375884254E-012  6.196309796582206E-015
           2  1.495197728916964E-007  6.972436304697395E-010
           6  5.165816138144720E-013  2.400979527239498E-015
          13  3.328708549257160E-008  1.542192946804190E-010
          34  6.765816376858930E-011  3.131341117820102E-013
          41  8.830283270487952E-011  4.102562532142724E-013
          49  2.941232413902213E-011  1.362725945532273E-013
          52  5.253507838489401E-015  2.421420569346140E-017
          55  3.839098286179249E-014  1.770557866529690E-016
          56  6.721659116823582E-020  3.099970320437426E-022
          61  1.327687132923198E-009  6.170808532093573E-012
          64  1.888461947754033E-013  8.740654695047575E-016
          67  5.334314979387502E-010  2.469124325173973E-012
          77  7.802807223546084E-020  3.607365251095327E-022
         112  2.196131640354499E-020  1.013157165286914E-022
          11
          19  9.570040116672656E-013  4.551858265659177E-015
          47  5.531383643546983E-012  2.610297181939208E-014
          51  1.098637501842304E-014  5.146410986959486E-017
          66  1.708476739739431E-007  8.230170214636987E-010
          73  1.295441744920938E-005  6.388658932423618E-008
          75  1.071322375559356E-021  4.967245918024521E-024
          90  1.310400430144245E-007  6.312356876694657E-010
          91  5.027744038963706E-011  2.386169571713365E-013
         118  1.066251974078320E-005  5.165383718628416E-008
         122  9.381355507214564E-012  4.505478259114587E-014
         127  5.655466901773403E-012  2.674350369999323E-014
           8
          27  2.061839933634508E-023  9.505464956647683E-026
          32  2.248278682707515E-016  1.037587967693547E-018
          60  3.437675091511373E-013  1.592647345079981E-015
          92  9.518405769947745E-012  4.405261412568023E-014
          98  1.692691795480531E-013  7.824419490773326E-016
         116  3.010318075141023E-011  1.392230151477301E-013
         123  9.382535401067287E-012  4.337878638320311E-014
         139  1.127002828791114E-016  5.207778117024438E-019
          10
           3  1.597029372775543E-013  7.720064412760189E-016
          30  1.093416027904284E-016  5.333008683965293E-019
          48  9.493914056519498E-005  5.090278823291095E-007
          53  6.189270019207706E-008  3.346349590494183E-010
          54  3.247211894526597E-006  1.654443610874317E-008
          56  5.299472674808717E-009  2.661016923606708E-011
          64  4.435766355057632E-009  2.231685375224269E-011
          68  3.176117992322773E-005  1.631621153577932E-007
          73  2.084114923238052E-013  1.016538759310751E-015
         108  4.860792888515472E-009  2.610454980998872E-011
           8
          21  8.817945704567546E-011  4.078317622291628E-013
          32  7.723467167980360E-012  3.568017218541223E-014
          33  1.569435839947291E-026  7.253152677227551E-029
          92  2.877267306875476E-013  1.329770144561719E-015
          93  1.018934308676636E-025  4.714965258138037E-028
         110  6.299840902321656E-013  2.915540627272169E-015
         120  1.068578548124964E-014  4.933634035547776E-017
         123  2.182540384648244E-011  1.008563936280629E-013
          12
          14  3.432120886847546E-009  1.658828521375239E-011
          23  3.104732256213073E-014  1.464097040597033E-016
          25  5.861084260024523E-009  2.774264638497504E-011
          40  9.060456645719074E-008  4.314664732233363E-010
          58  2.530787924869102E-006  1.221732057510193E-008
          62  2.845170098746980E-007  1.358997330244842E-009
          70  3.511873275219699E-011  1.648514242446860E-013
          83  2.597590109403629E-008  1.232626967543150E-010
          87  6.385306345147335E-008  3.069790301752663E-010
          99  2.568362683024514E-008  1.220557111565751E-010
         107  4.277604400197071E-018  1.975042383133390E-020
         136  3.220589866790036E-008  1.529510306964727E-010
          15
          10  3.427018357689810E-013  1.596956077888384E-015
          22  3.344685999232793E-008  1.563991387211250E-010
          35  5.999173269536339E-008  2.812581062298669E-010
          44  8.538177742466209E-015  4.002090802331718E-017
          65  1.230871017276178E-007  5.780271385491714E-010
          74  2.964386623096936E-006  1.403725599859633E-008
          79  6.095040957011630E-012  2.834678696602797E-014
          84  3.084117276071480E-030  1.419942858279922E-032
          88  6.878390454853411E-011  3.260414559137395E-013
          96  2.645795953896305E-009  1.235115917863784E-011
          97  4.321450090547272E-010  2.051332543036376E-012
         101  1.936015279968815E-018  8.911161365412401E-021
         115  5.623169061024087E-008  2.665215939296741E-010
         125  1.107023989973431E-005  5.262733376648796E-008
         126  1.047571451116253E-005  4.983590830656445E-008
           9
          14  8.062492291578189E-004  4.223277944710653E-006
          23  1.703208322958114E-004  8.948021129499295E-007
          24  7.768261761765203E-029  3.580558816696633E-031
          58  1.552658734842895E-003  7.979567479904264E-006
          62  1.516427904364523E-012  7.334028002995255E-015
          76  3.153059965374235E-007  1.589554351274144E-009
          80  4.207156976286074E-015  2.019204806107033E-017
          87  1.567174998315234E-003  8.083883501082598E-006
         119  3.469361009527092E-006  1.765250570956874E-008
          15
           9  5.636463617010386E-016  2.636862267859588E-018
          21  1.107744286289124E-006  5.277441354716666E-009
          28  7.865111466086444E-009  3.782978893787869E-011
          32  3.156437390481091E-005  1.511792839144396E-007
          33  1.268211543998072E-005  6.140077463889727E-008
          46  1.132145416666518E-010  5.350513357507113E-013
          71  8.390440833235921E-015  3.945405656726350E-017
          92  1.136627148261253E-006  5.421121600405487E-009
          93  1.876837822174375E-005  9.085696849458239E-008
          95  2.112175832046682E-024  9.696877010851210E-027
         110  3.681102386482139E-006  1.761938197210897E-008
         114  1.251090826714684E-006  6.046313457207469E-009
         116  9.795497679833771E-010  4.617665219100991E-012
         120  4.905682208951592E-025  2.265774926136465E-027
         123  4.687831311497638E-007  2.228677596666155E-009
          11
           6  1.418608815537064E-027  6.552081727902422E-030
          14  3.268103839560503E-003  1.798102739460646E-005
          23  4.417271632390094E-003  2.454357145500326E-005
          24  5.910139728821991E-022  2.757774139505758E-024
          30  7.666373714274062E-013  4.042341551070246E-015
          45  3.668518020214345E-026  1.695293309427843E-028
          58  2.053592660074408E-004  1.100597569517093E-006
          76  1.785640147711380E-006  9.433957233207364E-009
          80  7.819488926984196E-008  4.177909258993383E-010
          87  5.744642890560111E-004  3.093683033212325E-006
         119  2.503109020075107E-005  1.337784368441695E-007
          12
           3  2.605710986256115E-030  1.201334804098039E-032
          15  1.680022497472159E-028  7.748115385232799E-031
          36  1.508867038944102E-012  6.965963894511970E-015
          54  4.869875734532308E-019  2.241272385482204E-021
          56  3.530611200124402E-009  1.640449617481389E-011
          59  1.868266447183652E-015  8.605655238323408E-018
          64  8.930247267050825E-014  4.130671458364542E-016
          68  1.830472824144472E-027  8.429759638221725E-030
          72  1.463871098599097E-009  6.769811548855015E-012
         105  2.223006354883127E-013  1.025415557955599E-015
         130  2.135251176760752E-016  9.842814306157395E-019
         134  1.474204121531693E-008  6.844377029239046E-011
           5
          37  3.895744927430795E-017  1.795352034843873E-019
          39  4.603086910415620E-012  2.118713021261101E-014
          43  5.501387598172183E-011  2.540419089202527E-013
          62  2.463484193059953E-020  1.139619667548810E-022
         117  4.370765136762045E-016  2.015467981041891E-018
           5
          31  2.637085753435896E-008  1.225032197339805E-010
          46  7.918603009873066E-022  3.656473512262054E-024
         121  8.459441909891727E-009  3.940069258910429E-011
         127  6.885684311240713E-015  3.185970138351026E-017
         141  1.134429958524300E-010  5.271950214797834E-013
          17
           1  2.406457929872723E-012  1.114329895620664E-014
           6  2.725455059662348E-012  1.271873769204666E-014
          20  3.008212348638247E-009  1.398866259369628E-011
          24  4.703078799247568E-006  2.207580627334422E-008
          34  7.942146757606048E-010  3.697761868317910E-012
          39  2.179840312932665E-019  1.001346892866187E-021
          41  8.460603016314389E-017  3.901581360208420E-019
          45  5.490163008318273E-006  2.582545311881576E-008
          49  1.008230904201172E-008  4.717799241961682E-011
          52  1.703560758938162E-018  7.847558598955165E-021
          61  3.039857229184538E-011  1.414335481320498E-013
          76  5.895283912521500E-008  2.773174250322981E-010
          77  1.194169571105163E-006  5.617215598260077E-009
          80  2.952046503748301E-019  1.363116048264062E-021
         112  1.498953411437318E-006  7.039654561629843E-009
         119  3.831776152075315E-009  1.803113481868269E-011
         128  3.982875917941265E-026  1.831723443060778E-028
          17
           6  8.777242383097151E-008  4.627627099176229E-010
          14  2.920653161288556E-005  1.596049991932082E-007
          23  5.230237425239174E-004  2.902111810836194E-006
          24  4.143417973715621E-011  2.097801279551606E-013
          30  2.900349757958976E-008  1.628906107817402E-010
          41  1.892190758564465E-010  9.722358341944335E-013
          45  3.374118340981627E-011  1.710603562219527E-013
          49  6.082209265848658E-010  3.126101378095279E-012
          58  1.869555449109421E-007  9.868596164544495E-010
          61  9.332978168694612E-012  4.715389172180806E-014
          76  4.607655456561066E-005  2.463084553578064E-007
          77  1.554227898957124E-018  7.426202742663041E-021
          80  4.256099930482137E-004  2.336610156578052E-006
          87  7.304008962170063E-006  3.906338757160807E-008
         108  3.920455556660914E-019  1.899948233731342E-021
         112  1.099732841840101E-016  5.315087574286117E-019
         119  2.559665842364472E-004  1.379075956982319E-006
          12
           4  2.288277092225437E-011  1.061681618906508E-013
          29  4.284726144746305E-017  1.979254052453213E-019
          47  2.924612206235791E-009  1.355787383738647E-011
          51  3.226564006418137E-009  1.500439127963149E-011
          57  3.722619700643117E-020  1.719170176299099E-022
          66  8.892999044877618E-008  4.136885858716414E-010
          73  2.264067593903072E-022  1.044436520397820E-024
          75  8.085263559557389E-011  3.754744819118369E-013
          91  1.826518985242580E-008  8.494576316157927E-011
         118  1.449520557687448E-008  6.731197602451067E-011
         135  6.330918926464799E-011  2.927804981063190E-013
         142  6.022100647739891E-022  2.782541717827022E-024
          15
          22  3.469972384234917E-010  1.612298415374181E-012
          27  1.500023763857783E-024  6.912007759782276E-027
          28  1.204619984600925E-012  5.647892274964591E-015
          32  4.832547900048531E-009  2.260199554982083E-011
          33  3.271184326307298E-029  1.512605307098401E-031
          35  3.345200571269723E-008  1.563526198754762E-010
          60  1.031404799047438E-014  4.785101139882371E-017
          92  1.735966577531987E-007  8.151335415863395E-010
          93  5.917581087070628E-012  2.771858299969694E-014
          97  2.895519351012922E-024  1.338925356039849E-026
          98  3.281429522923819E-013  1.521481280560470E-015
         116  3.650830122454743E-006  1.717846592789389E-008
         123  5.680885483953645E-009  2.655642678119585E-011
         125  2.054916625225964E-020  9.488326790943248E-023
         126  5.913377761785729E-018  2.733444219024927E-020
           6
           3  1.051121165404902E-022  4.858739597158060E-025
          36  1.324240958243953E-013  6.122523325756746E-016
          56  2.025624093723949E-026  9.365366205983502E-029
          59  2.918849914402469E-016  1.347734541106081E-018
          72  2.752343540336001E-013  1.271666253588230E-015
         134  6.327133539610934E-014  2.931169445355834E-016
          17
           5  3.942558577486580E-004  2.283910890681351E-006
           9  2.383326743668688E-021  1.128763772668852E-023
          12  6.809124634219847E-004  3.875881418935215E-006
          18  2.204544424580368E-003  1.248015935259334E-005
          19  2.304197796890830E-003  1.293658254917698E-005
          33  9.046238196476786E-019  4.370734197466158E-021
          42  2.305369295892620E-009  1.333015312827118E-011
          46  1.806239491047245E-007  9.786673269255638E-010
          53  9.383563473361364E-023  4.414456202460290E-025
          71  7.150737863392868E-007  4.017172392424913E-009
          73  7.504981525123625E-010  4.005543513446901E-012
          85  9.289521160169735E-006  5.506308527941634E-008
          95  2.543996379907874E-013  1.327432260649159E-015
         114  8.028888124068857E-013  4.134070999337211E-015
         121  1.787171688124110E-019  8.565457007864506E-022
         122  4.482040718234227E-003  2.540878102074227E-005
         127  3.018145643102295E-009  1.595414164464141E-011
          13
           7  9.916577311743492E-017  4.577570901907408E-019
          25  2.517697292635438E-007  1.175617942300625E-009
          40  6.805923747678910E-007  3.184125997205576E-009
          62  5.717086386879659E-018  2.650068721240682E-020
          70  4.968823318859043E-013  2.301346268554911E-015
          81  6.992941086718261E-023  3.230086672882985E-025
          83  1.695148202926619E-008  7.902403892880727E-011
          94  9.369708846519588E-012  4.342438893125155E-014
          99  6.605049581467557E-009  3.081562253133915E-011
         103  3.605119363202201E-020  1.665892468642032E-022
         107  2.478875570477877E-008  1.154460612487003E-010
         136  5.132035268807651E-007  2.400345029519506E-009
         138  4.077956582641054E-018  1.881436761853729E-020
          13
           3  7.639927149480060E-019  3.536176983515182E-021
           4  1.788754583925333E-009  8.478991863039568E-012
          47  6.509837591094520E-013  3.042669521118005E-015
          48  1.955345178588932E-020  9.052094235866217E-023
          51  1.810277197861299E-006  8.678053850834551E-009
          54  1.342882522239522E-011  6.312929413603098E-014
          66  2.014589672736666E-005  9.681799005693564E-008
          68  4.103946280275895E-010  1.945337272561514E-012
          73  8.857816375984033E-007  4.300248540560956E-009
          75  1.118901105516185E-006  5.359922471868185E-009
          91  2.443635536709119E-010  1.154505278372838E-012
         118  5.372682678395164E-008  2.555926155565186E-010
         135  1.300067990689588E-015  6.032864941967672E-018
           5
           1  1.615091209891358E-016  7.448553422838624E-019
          13  1.387609014900358E-015  6.389067102368302E-018
          34  4.848898593276766E-018  2.236916112315525E-020
          52  1.157011613652028E-016  5.333565533208517E-019
          67  7.293736109528966E-015  3.364165196911890E-017
          12
           5  4.625616962947917E-014  2.714230043039734E-016
          30  2.230858275286569E-004  1.436049868272068E-006
          42  5.040810051733847E-005  3.208045975729704E-007
          48  1.286442421106174E-004  8.185377904128678E-007
          50  2.550676710530648E-005  1.617933473161530E-007
          53  6.763899077652133E-003  4.333530900021917E-005
          69  2.046718727610250E-008  1.308609742701517E-010
          73  2.439268216978429E-015  1.358436770918970E-017
          80  3.470942904380941E-022  1.761512785694939E-024
          85  1.606670148573366E-004  1.029474210321270E-006
         108  4.219558718260928E-003  2.706658095114469E-005
         122  7.228620600773368E-022  3.686378960733322E-024
          12
           2  6.174714546788047E-008  3.173700408263473E-010
           6  1.629069374481323E-005  8.593539850395505E-008
          30  2.557545376071131E-007  1.424558070952793E-009
          41  5.240051245835846E-005  2.760806855395160E-007
          48  3.411011767595851E-010  1.782831706860717E-012
          49  5.787913005072299E-009  2.958000531466769E-011
          53  1.181899042566676E-009  6.400596673471540E-012
          56  1.250075783274232E-007  6.455057481177691E-010
          61  2.751179515018169E-007  1.423510283046286E-009
          64  6.239181332945074E-005  3.285824364308322E-007
          80  1.079619270703413E-005  5.780798634131226E-008
         108  9.293998640083506E-008  5.150348273807824E-010
          16
           6  1.345462205410556E-009  7.089006023711783E-012
          14  2.004147275504547E-004  1.113056004713655E-006
          23  1.952115870696379E-003  1.100245017656919E-005
          24  5.582674440060516E-014  2.788054769782505E-016
          30  6.785598478775682E-008  3.880429070755264E-010
          41  1.749391166979524E-013  8.815177647335542E-016
          45  2.870699719212671E-014  1.431143196197022E-016
          49  5.749130847150205E-013  2.904655341685096E-015
          50  5.790531900097162E-023  2.680880350428664E-025
          58  1.182438905570033E-006  6.359173263606372E-009
          61  2.780479074434730E-016  1.361696764182340E-018
          76  1.195343725901996E-005  6.458856861161843E-008
          80  1.267752136243326E-004  7.049081839916874E-007
          87  2.066025492764008E-005  1.123233020858630E-007
         108  7.835050117615582E-018  3.893698891713362E-020
         119  1.050365500866435E-004  5.726254616413297E-007
          12
          10  4.820008867096269E-007  2.311905927395608E-009
          74  1.771440147437405E-006  8.442989224655561E-009
          79  2.425287157054670E-017  1.123589865198892E-019
          88  8.462498655463660E-014  3.978450542315777E-016
          96  1.188551450817423E-007  5.605100777606474E-010
          97  5.636075805533555E-020  2.613505819843676E-022
         103  2.091600712601971E-019  9.664170362943023E-022
         109  2.286446798989341E-016  1.058376540711613E-018
         115  3.051939007270213E-006  1.464331845399334E-008
         125  2.542832417095800E-009  1.201878626941776E-011
         126  8.454725167864199E-010  3.991466390172095E-012
         140  3.420069315121081E-010  1.604150908446541E-012
          22
           5  9.455392608451327E-010  5.753357388863130E-012
           9  3.120956928082135E-005  1.933665943360672E-007
          10  8.162781953346753E-011  4.703931370315679E-013
          12  1.520760178384892E-022  7.546063469565669E-025
          28  4.923709493980289E-009  2.922717483995731E-011
          42  1.358690427585873E-005  8.580453053120730E-008
          44  7.470689947180344E-005  4.627825053813659E-007
          50  1.159417362953635E-005  7.339487906045874E-008
          69  7.019164550391876E-004  4.437511347970006E-006
          71  4.298932341523926E-008  2.624258290723693E-010
          82  1.419930253297642E-003  8.892838178047176E-006
          85  2.433093142944599E-009  1.529488456995910E-011
          88  1.016444453649257E-005  6.203242300549602E-008
          95  1.120930171299055E-004  6.986715270439489E-007
          97  2.164754778949302E-006  1.317249734142655E-008
         106  6.907692781832070E-019  3.578408964143210E-021
         114  1.827964871949584E-019  9.375327368233284E-022
         115  1.677273984386892E-014  9.182731379623957E-017
         125  1.527920585376414E-023  7.475283264297890E-026
         126  1.856424717265152E-022  9.175093339468682E-025
         129  7.237919139012697E-003  4.576851572640946E-005
         131  9.655476553416399E-003  6.138785404390894E-005
           3
          74  2.961682539093656E-023  1.366701569389431E-025
          96  8.549312934104978E-014  3.931294768505051E-016
         109  9.305863084878930E-017  4.283614504864931E-019
           1
         141  1.347598474264794E-021  6.243659599964902E-024
          14
           1  1.553159246835547E-008  7.202652707918603E-011
           2  7.652207207391646E-011  3.552554447504254E-013
           6  9.175867718909838E-013  4.269817426754489E-015
          13  3.889860655854330E-009  1.800628778161813E-011
          24  8.138773584811204E-014  3.755517282559714E-016
          34  1.086406973187094E-007  5.048864868717768E-010
          41  5.349955196362467E-013  2.478077336495472E-015
          45  1.447962990876251E-012  6.702934207683554E-015
          49  5.025713029505720E-009  2.337368655521411E-011
          52  5.258789292028987E-010  2.433789630853652E-012
          61  1.613039779183395E-009  7.500956520247609E-012
          67  7.573910467979967E-010  3.507610064929837E-012
          77  1.286427986608847E-008  5.993748705248063E-011
         112  1.075946278038184E-008  5.001198545820122E-011
          18
           1  2.575896738014998E-010  1.212888028540652E-012
           2  3.359662995302400E-010  1.588289523789259E-012
           6  2.783283126926550E-006  1.348247583704831E-008
          13  8.995688220239721E-013  4.195403525660028E-015
          20  7.550845063700851E-013  3.523287744066977E-015
          24  6.304625256993150E-006  3.018467110804552E-008
          34  1.119651413891855E-007  5.326273374511641E-010
          41  1.701409487379798E-007  8.159672983243191E-010
          45  1.060495710894586E-005  5.091456706427847E-008
          49  2.964828480550729E-005  1.428850150807767E-007
          52  3.494549770575787E-015  1.621710181227082E-017
          61  3.364299023700831E-006  1.616798091128215E-008
          67  1.105630508087068E-016  5.120376271394324E-019
          76  1.204184609964281E-006  5.799464859631382E-009
          77  1.083666117582136E-005  5.207600615695946E-008
          80  2.461681809636346E-008  1.194838186027878E-010
         112  1.457035268640389E-005  6.995632092636626E-008
         119  2.831276144943397E-007  1.364159821010362E-009
          16
           6  6.339763874186126E-010  3.176937049080600E-012
          14  2.824019449911114E-005  1.481942989399183E-007
          23  1.429873270333990E-004  7.584341007285929E-007
          24  1.983565247825647E-008  9.919778275664438E-011
          30  1.084308694776981E-016  5.279543272233798E-019
          41  9.259913724760657E-015  4.447596254804448E-017
          45  1.136342834094769E-008  5.692548078713101E-011
          49  5.514213496345364E-011  2.720068910509882E-013
          58  8.541491908083360E-006  4.383966535700800E-008
          61  1.261578579754623E-014  6.053773509693702E-017
          76  4.355477270016683E-004  2.252282888615462E-006
          77  1.988986812042564E-014  9.567029485505875E-017
          80  7.258721599561675E-006  3.799364374969962E-008
          87  1.343493457638459E-004  6.962121468303652E-007
         112  1.958594115304119E-013  9.473269869863627E-016
         119  1.271134508231449E-003  6.606646637486482E-006
           4
          36  5.391154018609511E-019  2.487886441814588E-021
          59  9.579021561012249E-023  4.414851310847791E-025
          72  1.896604534055157E-017  8.746047164372017E-020
         134  3.129507144323183E-020  1.446948252570585E-022
          15
           7  6.900990741451695E-013  3.191943508393374E-015
          25  6.939506986783726E-008  3.243382708274681E-010
          40  3.551289899975476E-007  1.663538612286410E-009
          70  1.585384962054188E-020  7.320465543301080E-023
          81  1.046168637580563E-011  4.854486366650118E-014
          83  4.286311586786067E-010  1.995101692581363E-012
          94  2.799033652316284E-009  1.302698585956978E-011
          99  7.934599935835651E-011  3.694532124306990E-013
         100  1.179453333094146E-020  5.452079620517181E-023
         103  5.054166605555267E-011  2.352671656172458E-013
         106  1.361870237555731E-018  6.303979247061351E-021
         107  3.743501621576255E-008  1.746951030524466E-010
         136  2.179683099538337E-007  1.020622958424769E-009
         138  3.747777937261196E-029  1.727230064947506E-031
         140  2.863015960742120E-026  1.319258377766007E-028
           5
          74  1.210550952991299E-014  5.606181623568705E-017
          79  8.306278819603573E-015  3.841178596470748E-017
          84  9.388174727271165E-017  4.333423878953494E-019
          96  4.284693475022973E-011  1.976599663225993E-013
         109  1.080769560133723E-013  4.988921684671053E-016
           2
          22  3.877955878586523E-019  1.782239354658369E-021
          65  2.006491132822098E-016  9.252009286001430E-019
          14
          21  9.189459972524205E-017  4.240712200235335E-019
          28  9.102377954739853E-016  4.226973582814236E-018
          32  4.418942357306852E-007  2.065636473259497E-009
          33  6.938416699968980E-014  3.225077957689076E-016
          35  9.876248955024124E-021  4.544322732024506E-023
          60  4.391420710096120E-013  2.036042280271063E-015
          92  1.498386444161724E-006  7.012347809250369E-009
          93  3.806498982789989E-010  1.784997511832918E-012
          98  2.917489027984618E-014  1.348341877712793E-016
         110  3.392139512777000E-018  1.566691739847443E-020
         114  6.777448484330237E-019  3.128564834102184E-021
         116  3.167803253396634E-007  1.479291990890204E-009
         123  6.574952044333714E-007  3.069488442662562E-009
         139  4.483433731673364E-017  2.069218805720359E-019
          20
           1  5.552677835766743E-012  2.618580641648894E-014
           2  6.550889561261265E-010  3.130269298435388E-012
           6  2.107292821676154E-005  1.036458135690419E-007
          13  1.773060807924963E-014  8.267016726160592E-017
          20  1.635800689850583E-014  7.629811107780349E-017
          23  4.992798607437584E-017  2.333620580304563E-019
          24  6.868150050100130E-006  3.326614227365470E-008
          34  2.032990934668012E-008  9.742123683686884E-011
          41  1.350524819538018E-006  6.577570970850306E-009
          45  1.096099604634871E-005  5.326351973339599E-008
          49  6.626361110157939E-005  3.237347079839040E-007
          52  5.908462923981328E-021  2.726463157122517E-023
          61  9.083865671124584E-006  4.426410179762630E-008
          67  5.662141843803512E-023  2.612358734655400E-025
          76  1.133455268581071E-005  5.547194125690693E-008
          77  5.538600479815015E-006  2.691846368191578E-008
          80  2.057592877355092E-006  1.020931503216348E-008
          87  2.253288225547523E-016  1.050117672363875E-018
         112  8.335875250677404E-006  4.046605603654846E-008
         119  5.180330498694411E-006  2.538760612415001E-008
           7
           3  2.649713084728935E-011  1.227054708859409E-013
          36  5.112290381022290E-015  2.364754568289041E-017
          54  1.238123079887696E-012  5.727688235395041E-015
          59  5.297542744657607E-020  2.447162998250192E-022
          68  2.677340845749008E-015  1.238602657013222E-017
          72  2.014421573062796E-016  9.310743334800452E-019
         134  1.377802823959342E-017  6.384918737452644E-020
           5
          17  8.680878738595683E-021  4.026542346272075E-023
          62  8.007781699485647E-011  3.722584063524071E-013
          70  3.733340418320455E-016  1.729094745196601E-018
          83  7.341599472745504E-024  3.401293429020024E-026
          99  4.803614288191740E-020  2.229001795675515E-022
          15
           5  4.632061900249340E-007  2.733319077087140E-009
          12  1.702541818080015E-008  9.735885254426517E-011
          18  3.278177572663969E-007  1.881025072477505E-009
          19  4.152876854760180E-006  2.388658446463204E-008
          30  3.587636137788384E-026  1.672301800846489E-028
          42  1.175340965440014E-007  7.165158037346747E-010
          48  1.382935587385556E-006  8.124326844789591E-009
          50  1.822295097312975E-014  1.008846691915541E-016
          53  1.047768550404957E-006  6.324985250470968E-009
          71  3.794524323318678E-015  1.991981177828585E-017
          73  2.572749608146692E-005  1.477361293059288E-007
          85  1.778242308897987E-004  1.093024324436062E-006
         108  2.080089798523665E-009  1.232140085273662E-011
         122  7.843567831432778E-005  4.591761408005266E-007
         127  9.436523586835886E-029  4.359879806175746E-031
          13
          22  1.069023637390711E-008  4.971156101866367E-011
          35  5.143018913730136E-009  2.393938225221705E-011
          65  9.513850487189425E-008  4.442177516281389E-010
          74  5.111799521845233E-008  2.397647739816346E-010
          79  2.184619720161817E-011  1.015937967437926E-013
          84  9.638618188574859E-021  4.457482563062423E-023
          88  1.799207420454389E-028  8.322626787444018E-031
          96  1.590161173479946E-010  7.384636444327855E-013
          97  1.164723699627887E-019  5.407755558917672E-022
         101  6.287585869039429E-015  2.907808046277833E-017
         115  1.690438760798675E-012  7.885838376279880E-015
         125  4.877001371839766E-008  2.289861783133654E-010
         126  4.589723964084273E-008  2.155049027456328E-010
          14
           1  8.824510682191853E-015  4.087774920343768E-017
           2  2.613282217517215E-007  1.225459831545323E-009
           6  4.517995227318366E-013  2.109148568916120E-015
          13  1.422563034823556E-008  6.620540372773180E-011
          34  2.654507086960013E-012  1.232401919484499E-014
          41  1.652320817273989E-010  7.716623437090252E-013
          49  6.016688339766787E-012  2.797553044891103E-014
          52  1.079684980066488E-018  4.995806947403404E-021
          55  2.565004706578104E-014  1.188165136921924E-016
          56  2.974953384935608E-014  1.380887322206288E-016
          61  8.564515499779259E-010  3.999495961594489E-012
          64  2.807863849085383E-011  1.310009508225367E-013
          67  8.132257554944981E-011  3.778957227539034E-013
         130  8.165132888907076E-019  3.779752921182288E-021
           8
           3  1.084341238346062E-006  5.117911474240638E-009
           4  2.150826134162125E-014  1.000035249575147E-016
          51  2.386744771943007E-011  1.115373752803966E-013
          54  8.490110354872670E-006  4.023777398659060E-008
          66  1.566149698933796E-017  7.241938412920627E-020
          68  6.504971801123006E-006  3.088854775421337E-008
          75  4.050248310282559E-009  1.903902193896646E-011
         111  1.350122779139033E-014  6.255695942656056E-017
           2
          11  1.327978544628850E-016  6.143875453683508E-019
          90  3.226140026450666E-018  1.491423325362409E-020
          16
          20  1.969198481071203E-008  9.168489762304487E-011
          24  2.314502382080817E-006  1.084659363231585E-008
          34  2.289099333826973E-017  1.056462655507805E-019
          37  1.029971178087188E-021  4.743515720968344E-024
          39  4.577063723838703E-011  2.117888448484091E-013
          43  8.872183505197630E-019  4.092340828780659E-021
          45  1.616490707906824E-006  7.589814445641221E-009
          49  1.281701052539668E-013  5.933019238330434E-016
          61  5.310783383073113E-027  2.447493940968205E-029
          76  1.957794030414027E-007  9.219238915872245E-010
          77  8.614506343750148E-009  4.032208221149402E-011
          87  8.521311872944349E-018  3.938701486595334E-020
         112  1.319155011620228E-008  6.166134003911903E-011
         117  6.990953764620802E-020  3.221653794467283E-022
         119  1.931365859952422E-008  9.101953161328689E-011
         128  1.665173212218856E-015  7.673486874020588E-018
           3
          13  3.106014626157341E-020  1.431399838802477E-022
          55  3.052055574119765E-019  1.408627359464288E-021
          67  7.423256573652260E-027  3.427080230996266E-029
          11
           4  2.262707898400896E-010  1.059348738541660E-012
          47  1.977542864445380E-009  9.258251454087065E-012
          51  2.997330933178189E-007  1.417167270553474E-009
          66  1.853940078481715E-005  8.793975999405034E-008
          68  2.239452559933869E-028  1.031535971303013E-030
          73  7.213198956151963E-008  3.443709168445361E-010
          75  3.723182148868674E-008  1.755363168457700E-010
          90  6.860000461106518E-021  3.164822752208972E-023
          91  3.382788609016827E-008  1.592998183448088E-010
         118  2.078755983674366E-006  9.826422558879549E-009
         135  1.982328613511827E-012  9.199544201298105E-015
          11
          17  3.541950742236183E-017  1.638261032325178E-019
          25  3.376834646292216E-007  1.581593799583699E-009
          40  1.035545816362544E-006  4.860036188917117E-009
          58  9.901553434082187E-015  4.585745897743972E-017
          62  4.173866858012915E-009  1.952643124200098E-011
          70  1.537606087937653E-009  7.163015254984597E-012
          83  3.526944664930349E-007  1.652085712754915E-009
          99  2.700768070227440E-007  1.266336480094659E-009
         107  2.213559531087585E-010  1.029541850237637E-012
         136  7.023065305547467E-007  3.293202916680918E-009
         138  8.682743963884086E-025  4.000937393014950E-027
          20
           5  1.643199149072043E-004  9.094265785774822E-007
           9  2.652904707914327E-008  1.403897668795921E-010
          12  1.875575742341781E-003  1.022353916285559E-005
          18  4.495195043707902E-004  2.420878623939211E-006
          19  6.232702560976283E-006  3.305340107972354E-008
          21  1.530021154020750E-011  7.615058414371855E-014
          28  2.010346581974257E-008  1.048574075473214E-010
          32  4.823554614995661E-015  2.334358603301055E-017
          33  4.240392439307705E-005  2.241020089352101E-007
          42  2.128183117977863E-019  1.015304174358055E-021
          46  1.132727416865918E-003  6.003953553683814E-006
          71  3.394392741290051E-004  1.852433890002533E-006
          85  1.089818418688386E-012  5.704088486067975E-015
          93  4.782821279151532E-007  2.496624813001056E-009
          95  1.560145091398822E-007  8.396193558676537E-010
         110  1.738535789513152E-007  8.946105506080554E-010
         114  1.784691262640023E-004  9.491438076176900E-007
         121  1.710520104759148E-015  8.263994009967342E-018
         122  1.603170614853627E-006  8.532782403800304E-009
         127  5.294092033478803E-014  2.585372187271583E-016
          20
           5  1.968027818642491E-004  1.084472288973015E-006
           9  7.372156845652007E-010  3.840945179383292E-012
          12  2.736195669635533E-003  1.489963021098506E-005
          18  1.312710189296400E-003  7.075294713411300E-006
          19  5.488893780186491E-005  2.923931421457447E-007
          21  2.304304636812522E-013  1.128474296167586E-015
          28  2.162619268448795E-010  1.104747590178843E-012
          32  2.544439882493324E-025  1.173140399373686E-027
          33  5.428888762876545E-006  2.846703201592620E-008
          42  5.559216794867771E-019  2.661333751846878E-021
          46  1.078403356996441E-003  5.709991179660447E-006
          71  1.305235315223409E-004  7.100449926413832E-007
          85  1.042127832328521E-011  5.529440325126226E-014
          93  1.406412785120300E-008  7.262114133427397E-011
          95  1.143672269435818E-008  6.072044895712320E-011
         110  2.311616833958948E-008  1.181922748369932E-010
         114  2.939306317217380E-005  1.555532233761221E-007
         121  1.215565253515388E-012  5.996715707220967E-015
         122  1.711706596237017E-005  9.152535435551669E-008
         127  5.989458416780397E-011  2.996461562491105E-013
           3
          74  7.893961589075447E-025  3.645673822534142E-027
          96  1.268284763245919E-013  5.836647849625180E-016
         109  1.803143215257430E-015  8.306818903038385E-018
           2
          38  6.571627545979919E-027  3.036703084725089E-029
          63  5.801546766518336E-027  2.681586409207989E-029
          24
           5  4.041788821387781E-026  1.855645651698026E-028
           9  1.281014981743469E-004  6.796159163666304E-007
          10  1.789199981036763E-022  8.272768357568515E-025
          22  5.999013709571773E-014  2.868369743399083E-016
          28  7.008680039486521E-004  3.665356471018331E-006
          32  7.821093308147821E-009  3.895086895264935E-011
          33  1.322191793693093E-008  6.669485787713769E-011
          35  2.539982461409848E-009  1.255121991465443E-011
          44  1.890558674057505E-004  1.000531708914231E-006
          71  6.701272189945342E-009  3.452529746656144E-011
          82  2.375619463739506E-005  1.263840149505059E-007
          88  5.602619469400504E-006  2.915232538889638E-008
          92  8.585293728248223E-010  4.244847970055375E-012
          93  4.639758274383802E-006  2.375170427456329E-008
          95  9.549239336530739E-006  5.067308224981567E-008
          97  1.514445557107177E-004  7.912609776611974E-007
         114  1.600114809608863E-007  8.156132066046399E-010
         115  4.420802626206934E-013  2.147514799956910E-015
         116  1.627110168390828E-008  8.103612492005279E-011
         123  9.563790075823100E-015  4.561212910205201E-017
         125  1.225256709524000E-007  6.174613637529227E-010
         126  2.694466237509099E-007  1.362034600307835E-009
         129  5.905962592552374E-013  2.986934123178982E-015
         131  1.871623193238961E-010  9.748515837853012E-013
          15
           5  6.393467309855002E-005  3.624995412021015E-007
          12  2.308197076373294E-004  1.287838795900125E-006
          18  1.549741609818277E-003  8.612661054171260E-006
          19  3.411079348767576E-003  1.889290877863121E-005
          42  9.353823393898951E-012  5.134215747355462E-014
          46  7.565891504192857E-008  4.023467889180915E-010
          71  2.626819156516887E-008  1.434658827089661E-010
          73  9.935262390754980E-009  5.280598771422165E-011
          85  9.083476479238539E-007  5.259950056289473E-009
          90  1.831919615584748E-022  8.582467352823221E-025
          95  3.814968971759240E-020  1.814301791843843E-022
         114  3.757593147261131E-016  1.844101771002779E-018
         121  4.175684574522141E-015  2.059304590074760E-017
         122  5.673398767787376E-003  3.166317391361324E-005
         127  7.587559893327138E-008  4.002990122854333E-010
           3
          31  1.402980309508280E-019  6.459017881338453E-022
          38  2.103517087292245E-021  9.695688113077611E-024
         121  1.246522190889844E-029  5.749825197764859E-032
           0
           1
          43  2.857064853928700E-019  1.319604052552058E-021
           7
          37  4.316727500555100E-024  1.994124057310669E-026
          39  1.213795488647262E-012  5.603791149035867E-015
          43  8.586486086201846E-011  3.979709810710635E-013
          58  2.692576295566787E-015  1.246600554093900E-017
          62  6.863406259022543E-011  3.190353488870124E-013
          87  2.309457775442612E-016  1.071392007684151E-018
         117  1.050160674183982E-020  4.854103411655350E-023
          10
          10  5.360267071174048E-007  2.594414497949259E-009
          74  1.053366388108389E-014  4.912197795696373E-017
          78  5.294430742215056E-013  2.472713862164394E-015
          81  3.758642617451009E-008  1.786590064107037E-010
          96  4.767987991938875E-020  2.198392360075910E-022
         100  1.273153651307018E-009  6.022408577496789E-012
         103  3.470489396025640E-006  1.666874814961179E-008
         106  5.214437222751598E-009  2.513627739988536E-011
         115  4.986531614211161E-009  2.383950359107850E-011
         140  4.173428326768918E-005  2.006168301397970E-007
          11
          14  5.472012531965198E-003  3.049688889853296E-005
          23  3.405368904022895E-003  1.908697827863981E-005
          30  1.007267873404033E-014  5.205139338855545E-017
          50  3.761346874255411E-022  1.751765962771917E-024
          58  1.943866227428103E-004  1.054138720742751E-006
          69  6.132269852600415E-027  2.769265525146406E-029
          76  3.311568701699381E-009  1.734721630249665E-011
          80  5.638381515591917E-011  2.952691183927789E-013
          87  2.155857963487698E-004  1.170806815540127E-006
         106  1.857652464901270E-012  9.506096287628548E-015
         119  2.090408034033853E-007  1.115872455826514E-009
