         133
  0.198383667793365     
  0.199086017437033     
  0.136170385746006     
  0.199699518807507     
  0.199853804137155     
  0.195406232022487     
  0.156939470781572     
  0.199445353986337     
  0.199584062991795     
  0.105980592533539     
  0.198966444455345     
  0.199043284426060     
  0.199534553461164     
  0.200067250229953     
  0.199924607906848     
  0.200449321139120     
  0.198925414977625     
  0.200566982935358     
  0.199746212627884     
  0.200102890564671     
  0.199661782027799     
  0.199074208547718     
  0.199095513168079     
  0.199372179161173     
  0.199435576140746     
  0.199568918279058     
  0.199005056995330     
  0.163946919597630     
  0.179209761504079     
  0.119260804283773     
  0.198799115426233     
  0.191048736420978     
  0.199686573179151     
  0.200185145787395     
  0.199342769992187     
  0.200505363304234     
  0.199212725356111     
  0.200472405246485     
  0.200080797399175     
  0.200045279822886     
  0.200049716453806     
  0.199034460851961     
  0.199003170243122     
  0.199760853487226     
  0.199630652256506     
  0.199633760231393     
  0.199068349698874     
  0.200587489278766     
  0.199650603944329     
  0.198669245090928     
  0.190073316471779     
  0.199795418375630     
  0.199664097416530     
  0.200577131926188     
  0.145314125938609     
  0.200054433148860     
  0.199048777784086     
  0.199130608482931     
  0.200772565093916     
  0.200713525886470     
  0.200527687685823     
  0.198947148312561     
  0.199405071964210     
  0.201189701276259     
  0.199672680171420     
  0.198412062135498     
  0.200399354581456     
  0.200999743303475     
  0.199065811664276     
  0.200422842453047     
  0.199679290608837     
  0.200706348247671     
  0.200071254647163     
  0.198077405921298     
  0.200036071327997     
  0.200136850234074     
  0.199666435627199     
  0.200074700160292     
  0.200178759764904     
  0.199645209079132     
  0.198928281434975     
  0.198101145363398     
  0.200170865503686     
  0.200510080176858     
  0.199019156419372     
  0.200113761172718     
  0.197504557700851     
  0.200211316186936     
  0.199322886219782     
  0.198855443419419     
  0.194035935539315     
  0.198653548787584     
  0.199462345276796     
  0.199479228941232     
  0.126949975724042     
  0.197561068007100     
  0.196006153921617     
  0.199250412135827     
  0.150637676768969     
  0.199865990972111     
  0.198740385139365     
  0.200071759806423     
  0.199323186169028     
  0.199151292096982     
  0.199544279299008     
  0.199085334694119     
  0.199510766290462     
  0.199353981768248     
  0.199439949038173     
  0.200185515883184     
  0.198946943313748     
  0.198939348153719     
  0.183016752429434     
  0.199753541011102     
  0.198602459343384     
  0.200012158651933     
  0.198899023326285     
  0.199286931878644     
  0.199921774726616     
  0.199205008492731     
  0.198912333992170     
  0.198789314003981     
  0.198456518869174     
  0.200254792532249     
  0.200225476583681     
  0.199283790643832     
  0.196982761824683     
  0.200845608555436     
  0.199823998320437     
  0.198865498788198     
  0.199506260099091     
  0.199163681184352     
  0.197388406215327     
