         142
  0.199496550144034     
  0.199937383333037     
  0.199719930210263     
  0.199545272903700     
  0.178793800759303     
  0.199218203805060     
  0.200179505990318     
  0.199717206255424     
  0.192170127556667     
  0.198946070454214     
  0.198140023075751     
  0.195125880449340     
  0.200111203235324     
  0.197977455351841     
  0.199718303567299     
  0.199096525336580     
  0.199035001117093     
  0.198492815780983     
  0.199451501226766     
  0.200596507278504     
  0.198852897397680     
  0.199948380927429     
  0.193974331817400     
  0.199233880283103     
  0.199577911208037     
  0.199800281100365     
  0.199849490688183     
  0.197335854211450     
  0.199156335663269     
  0.143976732115566     
  0.200435598360229     
  0.199261476266519     
  0.200375496730534     
  0.199925091959160     
  0.200236712959422     
  0.198857214302608     
  0.198871620360471     
  0.199089971220710     
  0.199786591233972     
  0.199921454730204     
  0.199671624323284     
  9.792709090798511E-002
  0.199302243007236     
  0.194910125929936     
  0.198968723741635     
  0.199021779358848     
  0.199449406506689     
  0.187052419290197     
  0.199696721482526     
  8.912950055251527E-002
  0.200036823207364     
  0.200161945331006     
  0.150570314666810     
  0.200039825209132     
  0.198105863206144     
  0.200431548128994     
  0.200021003705338     
  0.199934585454112     
  0.199824257199252     
  0.199278753322261     
  0.199241051265699     
  0.198737473755944     
  0.198838189813354     
  0.199084698414763     
  0.199424673729312     
  0.200790001525737     
  0.199915494756849     
  0.199561676841453     
  0.103915801185643     
  0.199121554287596     
  0.191009141330781     
  0.198213406998956     
  0.199439382824372     
  0.199533252168778     
  0.198046804595180     
  0.200507311712519     
  0.198447014018946     
  0.200627849188545     
  0.198543601636585     
  0.196719962570931     
  0.200362218002327     
  0.186578798626067     
  0.199407104017446     
  0.200628071394134     
  0.124676977403724     
  0.199498666255340     
  0.199921476995776     
  0.197539184441707     
  0.199501768132613     
  0.199559244144872     
  0.199608669667799     
  0.199678755187026     
  0.198711551920629     
  0.198610466199809     
  0.184056991319319     
  0.198849912361566     
  0.198777382742194     
  0.199325304118617     
  0.200030516557950     
  0.200084664332205     
  0.199753561937136     
  0.199907286319934     
  0.199600885900285     
  0.198667675408566     
  0.198263377335539     
  0.198407735719931     
  0.199628789732543     
  0.145398432056145     
  0.199558017117912     
  0.199687720079450     
  0.199223125858064     
  0.199131387303180     
  0.198995027598437     
  0.200020576184247     
  0.199687166933952     
  0.199760153064018     
  0.198275090685326     
  0.199127312062645     
  0.199160846157815     
  0.199781682268857     
  0.199154876971257     
  0.197465007202076     
  0.200914733889096     
  0.199742934319135     
  0.200690758511925     
  0.200132366135903     
  0.200245405161594     
  0.199810101602431     
  0.150098984762595     
  0.199862081052154     
  0.154206341321361     
  0.200371315147719     
  0.200051842901367     
  0.197976050148660     
  0.200549497524436     
  0.199449192717293     
  0.200123482089003     
  0.200111451040756     
  0.199152142647606     
  0.200675299457580     
  0.198542101945649     
  0.198708450479918     
