         162
  0.199980706220948     
  0.198417618947208     
  0.195116268346394     
  0.199811620237922     
  0.195602664103607     
  0.198094271740286     
  0.199908748710348     
  0.198630568815027     
  0.200338469548889     
  0.197634491865305     
  0.199416096150276     
  0.199675300848652     
  0.196128958147884     
  0.199089356104862     
  0.199088403966555     
  0.189549943764729     
  0.199761961091130     
  0.179078448716296     
  0.198571948597844     
  0.198386142267258     
  0.198828040927382     
  0.200112509042641     
  0.200451819238999     
  0.200052105883647     
  0.190445971432987     
  0.199368930782774     
  0.198755989274159     
  0.199670904487869     
  0.199105606273449     
  0.199997597851207     
  0.200423714545447     
  0.198898887153094     
  0.200843349746066     
  0.200243943019582     
  0.200157095932767     
  0.198440136457906     
  0.199882079221808     
  0.199910347413037     
  0.198916667686642     
  0.198997050539981     
  0.198978948608078     
  0.173398136967111     
  0.198738487699101     
  0.200211264254569     
  0.199762971216202     
  0.198998449028141     
  0.183257600013177     
  0.198705789442986     
  0.200550289405710     
  0.195977501560986     
  0.199531620403655     
  0.200107705063550     
  0.199595240368180     
  0.200082039157658     
  0.199210907496458     
  0.199447857760936     
  0.197916767924292     
  0.199537693042977     
  0.200629322659353     
  0.199038091316831     
  0.198841820641463     
  0.200267847681048     
  0.199088720433804     
  0.199388590023286     
  0.198714780076494     
  0.197858765679592     
  0.200209029175128     
  0.199367477974719     
  0.199844430511613     
  0.198903950547866     
  0.199749497778912     
  0.199709244308979     
  0.199599809778573     
  0.199169031216084     
  0.200337519093464     
  0.187325388358271     
  0.199760753806164     
  0.174451031176123     
  0.199205886371334     
  0.198831040507989     
  0.200902645044455     
  0.198942771846518     
  0.187130634957295     
  0.199958553517140     
  0.199472362282919     
  0.199645841676230     
  0.199437194518938     
  0.198741310408537     
  0.191210661374183     
  0.197791957460366     
  0.198332163971016     
  0.199340495875807     
  0.197773666130868     
  0.200433181698304     
  0.199684151209024     
  0.199408134348838     
  0.200074155210679     
  0.199993419742979     
  0.200541555130476     
  0.199557416561235     
  0.198855101246361     
  0.199639394712549     
  0.199480116217286     
  0.179530043909943     
  0.199489523806751     
  0.199704970712385     
  0.199902419046131     
  0.198580356342725     
  0.199838062459224     
  0.200644717948100     
  0.200052721238365     
  0.199503761064840     
  0.199264374352055     
  0.199769812711227     
  0.197674999587985     
  0.199801320783990     
  0.199418069114218     
  0.198523050233661     
  0.199779337049471     
  0.200721774543999     
  0.198573421182874     
  0.198977304764022     
  0.199542735249969     
  0.191237407631611     
  0.199289237544194     
  0.200163409059625     
  0.200042190497686     
  0.191120862138138     
  0.200664459875190     
  0.199867755698790     
  0.199760207219599     
  0.196712616087373     
  0.199937545255535     
  0.199759171299155     
  0.199444318425778     
  0.197716044286812     
  0.199247539899734     
  0.191406682229911     
  0.199107079740092     
  0.199852627601389     
  0.199567670564665     
  0.199806900205731     
  0.199354641219505     
  0.200293954523104     
  0.200842365334965     
  0.194838944503302     
  0.200700597774486     
  0.199041037439001     
  0.200265893711601     
  0.199954031486266     
  0.198680564295090     
  0.199103179406999     
  0.199497201967493     
  0.199349742301221     
  0.199862384102162     
  0.199853743906194     
  0.198672735703157     
  0.200339904177459     
  0.199100013227150     
  0.199660591491504     
  0.199366497969570     
  0.172300236064497     
