         111
  0.199701032778948     
  0.193237343196124     
  0.199101301825238     
  0.199567247124031     
  0.199594660040715     
  0.198972453215080     
  0.198969079711666     
  0.199261381414859     
  0.185857121138763     
  0.199832556235222     
  0.198393682240165     
  0.199795517592829     
  0.194415832915686     
  0.199270649611888     
  0.199636181363414     
  0.199360535397688     
  0.200001552566391     
  0.198359350319617     
  0.200747155381054     
  0.199721265517447     
  0.198898359069069     
  0.199394317967242     
  0.199541569108557     
  0.191172112308959     
  0.199546153069171     
  0.200467676023234     
  0.195263582233187     
  0.199851639015649     
  0.196182403308991     
  0.199643646442351     
  0.199806763467726     
  0.182590689621852     
  0.200369766999784     
  0.199314044197260     
  0.195132036925850     
  0.199174093405043     
  0.199758415201050     
  0.200525325250369     
  0.200441207267792     
  0.168616672313447     
  0.199813164455340     
  0.197292945864634     
  0.200364930520359     
  0.200102431312094     
  0.199222168176444     
  0.199699883245305     
  0.199385119792251     
  0.199357186664988     
  0.188893076092984     
  0.198684041036797     
  0.199610736349163     
  0.198780083354032     
  0.199127195840493     
  0.198720694482678     
  0.195159147261249     
  0.199623938970281     
  0.198912077322016     
  0.200159885804294     
  0.199206881679883     
  0.200738080953127     
  0.199342345771444     
  0.198242436689036     
  0.199091074241574     
  0.198318701685907     
  0.200350831339050     
  0.200594186627726     
  0.199394275028855     
  0.200678265715764     
  0.200146512606782     
  0.200243760897302     
  0.200044998342141     
  0.199415848095465     
  0.198565089030589     
  0.199902403651540     
  0.200275998004442     
  0.199461198555838     
  0.186418392894145     
  0.199372929047443     
  0.200142147348456     
  0.199175261310969     
  0.200209802200141     
  0.199011328961781     
  0.198826149566527     
  0.199832121195928     
  0.198907789563246     
  0.200450389378161     
  0.199936963701587     
  0.199606662154656     
  0.198858864585524     
  0.187714246229568     
  0.196655977111513     
  0.196200325062658     
  0.199007905344403     
  0.199114085236510     
  0.200215428457469     
  0.199990449641836     
  0.199431155209858     
  0.177188205464629     
  0.199320869601266     
  0.200564935809775     
  0.179064082525275     
  0.194466093122402     
  0.192338189403288     
  0.200343824437472     
  0.200002830296080     
  0.199042114003457     
  0.200755234513174     
  0.198928021927201     
  0.199007858901229     
  0.198877918856673     
  0.199619022923495     
