0.150000000000000 0.00000000000000 0.00000000000000
0.300000000000000 0.00000000000000 0.00000000000000
0.450000000000000 0.00000000000000 0.00000000000000
0.600000000000000 0.00000000000000 0.00000000000000
0.750000000000000 0.00000000000000 0.00000000000000
0.900000000000000 0.00000000000000 0.00000000000000
1.05000000000000 0.00000000000000 0.00000000000000
1.20000000000000 0.00000000000000 0.00000000000000
1.35000000000000 0.00000000000000 0.00000000000000
1.50000000000000 0.00000000000000 0.00000000000000
1.65000000000000 1.000000000000000E-004 9.999000000000001E-005
1.80000000000000 0.00000000000000 0.00000000000000
1.95000000000000 0.00000000000000 0.00000000000000
2.10000000000000 0.00000000000000 0.00000000000000
2.25000000000000 0.00000000000000 0.00000000000000
2.40000000000000 0.00000000000000 0.00000000000000
2.55000000000000 1.000000000000000E-004 9.999000000000001E-005
2.70000000000000 0.00000000000000 0.00000000000000
2.85000000000000 2.000000000000000E-004 1.999600000000000E-004
3.00000000000000 1.000000000000000E-004 9.999000000000001E-005
3.15000000000000 5.999999999999999E-004 5.996399999999999E-004
3.30000000000000 3.000000000000000E-004 2.999100000000000E-004
3.45000000000000 1.000000000000000E-004 9.999000000000001E-005
3.60000000000000 3.000000000000000E-004 2.999100000000000E-004
3.75000000000000 4.000000000000000E-004 3.998400000000000E-004
3.90000000000000 5.000000000000000E-004 4.997500000000000E-004
4.05000000000000 2.000000000000000E-004 1.999600000000000E-004
4.20000000000000 1.000000000000000E-004 9.999000000000001E-005
4.35000000000000 1.100000000000000E-003 1.098790000000000E-003
4.50000000000000 7.000000000000000E-004 6.995100000000000E-004
4.65000000000000 7.000000000000000E-004 6.995100000000000E-004
4.80000000000000 1.400000000000000E-003 1.398040000000000E-003
4.95000000000000 1.700000000000000E-003 1.697110000000000E-003
5.10000000000000 1.700000000000000E-003 1.697110000000000E-003
5.25000000000000 2.200000000000000E-003 2.195160000000000E-003
5.40000000000000 2.600000000000000E-003 2.593240000000000E-003
5.55000000000000 2.700000000000000E-003 2.692710000000000E-003
5.70000000000000 2.600000000000000E-003 2.593240000000000E-003
5.85000000000000 3.800000000000000E-003 3.985560000000000E-003
6.00000000000000 4.300000000000000E-003 4.281510000000000E-003
6.15000000000000 4.700000000000000E-003 4.677910000000000E-003
6.30000000000000 6.400000000000000E-003 6.559040000000000E-003
6.45000000000000 6.300000000000000E-003 6.260310000000000E-003
6.60000000000000 6.800000000000000E-003 6.753759999999999E-003
6.75000000000000 1.040000000000000E-002 1.029184000000000E-002
6.90000000000000 1.070000000000000E-002 1.058551000000000E-002
7.05000000000000 1.250000000000000E-002 1.274375000000000E-002
7.20000000000000 1.480000000000000E-002 1.538096000000000E-002
7.35000000000000 1.730000000000000E-002 1.700071000000000E-002
7.50000000000000 1.780000000000000E-002 1.748316000000000E-002
7.65000000000000 2.210000000000000E-002 2.221159000000000E-002
7.80000000000000 2.280000000000000E-002 2.368016000000000E-002
7.95000000000000 2.930000000000000E-002 2.924151000000000E-002
8.10000000000000 3.450000000000000E-002 3.490975000000000E-002
8.25000000000000 3.710000000000000E-002 3.772359000000000E-002
8.40000000000000 4.520000000000000E-002 4.435695999999999E-002
8.55000000000000 5.040000000000000E-002 5.045984000000000E-002
8.70000000000000 6.100000000000000E-002 5.987900000000000E-002
8.85000000000000 6.950000000000001E-002 6.986975000000001E-002
9.00000000000000 8.359999999999999E-002 8.141104000000000E-002
9.15000000000000 8.790000000000001E-002 8.777359000000000E-002
9.30000000000000 0.113700000000000 0.114772310000000
9.45000000000000 0.124600000000000 0.122874840000000
9.60000000000000 0.141000000000000 0.141319000000000
9.75000000000000 0.167100000000000 0.165977590000000
9.90000000000000 0.200000000000000 0.201400000000000
10.0500000000000 0.227900000000000 0.226561590000000
10.2000000000000 0.258900000000000 0.255070790000000
10.3500000000000 0.310300000000000 0.304013910000000
10.5000000000000 0.351500000000000 0.348147750000000
10.6500000000000 0.412500000000000 0.410143750000000
10.8000000000000 0.483500000000000 0.482127750000000
10.9500000000000 0.560000000000000 0.539000000000000
11.1000000000000 0.648600000000000 0.642118040000000
11.2500000000000 0.753000000000000 0.746591000000000
11.4000000000000 0.891000000000000 0.867119000000000
11.5500000000000 0.993200000000000 0.975553760000000
11.7000000000000 1.16860000000000 1.13557404000000
11.8500000000000 1.39310000000000 1.36617239000000
12.0000000000000 1.58410000000000 1.56892719000000
12.1500000000000 1.83620000000000 1.76556956000000
12.3000000000000 2.12940000000000 2.08925564000000
12.4500000000000 2.50450000000000 2.48697975000000
12.6000000000000 2.89230000000000 2.90930071000000
12.7500000000000 3.32440000000000 3.21216464000000
12.9000000000000 3.84430000000000 3.68765751000000
13.0500000000000 4.49730000000000 4.50159271000000
13.2000000000000 5.18770000000000 5.05766870999999
13.3500000000000 5.95770000000000 5.75931071000000
13.5000000000000 6.90100000000000 6.51939900000000
13.6500000000000 8.03170000000000 7.50469510999999
13.8000000000000 9.22760000000000 8.94259823999998
13.9500000000000 10.6551000000000 10.2269439900000
14.1000000000000 12.2578000000000 11.4981391600000
14.2500000000000 14.0779000000000 13.1492315900000
14.4000000000000 16.1630000000000 14.7198310000000
14.5500000000000 18.5381000000000 16.9423483900000
14.7000000000000 21.2306000000000 18.5106236400001
14.8500000000000 24.2754000000000 21.2865548399999
15.0000000000000 27.8030000000000 24.1899910000000
