-0.15 0.468400000000000 0.468001440000000
-0.3 0.551500000000000 0.552947750000000
-0.45 0.622300000000000 0.624642710000000
-0.6 0.723800000000000 0.705913560000000
-0.75 0.849700000000000 0.841309910000000
-0.9 0.980300000000000 0.975511910000000
-1.05 1.13990000000000 1.14592799000000
-1.2 1.33030000000000 1.31480191000000
-1.35 1.53150000000000 1.49920775000000
-1.5 1.79010000000000 1.80464199000000
-1.65 2.10190000000000 2.09771639000000
-1.8 2.40090000000000 2.37477919000000
-1.95 2.82350000000000 2.77174775000000
-2.1 3.16390000000000 3.01363679000000
-2.25 3.80040000000000 3.76035984000000
-2.4 4.36830000000000 4.24925511000000
-2.55 5.00620000000000 4.96696156000000
-2.7 5.83640000000000 5.56863504000000
-2.85 6.75560000000000 6.56746863999999
-3 7.84660000000000 7.56186844000000
-3.15 9.00930000000000 8.41881351000001
-3.3 10.4413000000000 9.70175431000000
-3.45 12.0512000000000 11.5265785600000
-3.6 13.9070000000000 12.9667510000000
-3.75 15.8664000000000 14.9509510400000
-3.9 18.2982000000000 16.6676767599999
-4.05 20.9841000000000 19.2372471899999
-4.2 24.0740000000000 21.2085239999999
-4.35 27.3619000000000 23.9111283900000
-4.5 31.1952000000000 27.1788969600000
-4.65 35.3820000000000 29.7256760000000
-4.8 40.2821000000000 34.0263195900000
-4.95 45.5463000000000 36.7908563100000
-5.1 51.3333000000000 41.3066111099997
-5.25 57.7143000000000 44.7850755099998
-5.4 64.5140000000000 47.7334040000005
-5.55 72.1477000000000 51.6736847099992
-5.7 80.0997000000000 55.6557599099997
-5.85 88.6950000000000 59.0429750000012
-6 97.8679000000000 61.9590495899993
-6.15 107.313400000000 64.6527804399993
-6.3 117.293100000000 69.2469923900007
-6.45 127.455000000000 69.0219750000015
-6.6 138.452000000000 70.4342959999994
-6.75 149.350600000000 74.2232796400058
-6.9 160.573100000000 74.8706563899977
-7.05 172.060800000000 74.2503033600005
-7.2 183.467700000000 78.5241567099947
-7.35 194.940900000000 76.3198071899969
-7.5 206.368300000000 74.3442551099943
-7.65 217.699000000000 73.9583989999956
-7.8 228.713500000000 73.0034177499911
-7.95 239.729100000000 73.2187131900064
-8.1 250.288700000000 71.3295523099951
-8.25 260.921600000000 69.0404534399859
-8.4 271.007500000000 67.5030437500100
-8.55 280.837700000000 65.8189587100060
-8.7 290.273600000000 63.0625430400105
-8.85 299.550100000000 59.1660899900016
-9 308.358000000000 58.5666360000032
-9.15 316.753600000000 55.5452870399895
-9.3 324.740100000000 51.4731519900088
-9.45 332.437100000000 50.0262435900077
-9.6 339.768900000000 47.9620927900105
-9.75 346.831000000000 44.9916389999999
-9.9 353.417000000000 41.6989110000140
-10.05 359.715300000000 41.3714459099865
-10.2 365.714000000000 39.8580040000088
-10.35 371.286300000000 36.7035323100281
-10.5 376.642600000000 34.1838652399892
-10.65 381.773700000000 32.4448883099831
-10.8 386.547400000000 31.1177532400179
-10.95 391.047000000000 29.3819909999729
-11.1 395.242400000000 26.8784422400058
-11.25 399.393300000000 25.9018151100026
-11.4 403.123800000000 25.9088735599944
-11.55 406.705500000000 22.6943697500101
-11.7 409.999200000000 21.8183993600251
-11.85 413.277200000000 20.8347601600108
-12 416.392700000000 20.2970867099939
-12.15 419.084100000000 18.5330271900166
-12.3 421.811900000000 17.6395183900022
-12.45 424.404500000000 16.4020797500270
-12.6 426.795900000000 15.3694431899930
-12.75 429.128100000000 15.1156903899973
-12.9 431.190600000000 14.2174716400041
-13.05 433.344500000000 13.8084197500139
-13.2 435.336900000000 13.0401983899937
-13.35 437.263500000000 12.3746677499730
-13.5 439.092900000000 11.5754695900250
-13.65 440.839800000000 11.0257359599927
-13.8 442.440900000000 10.9241071899887
-13.95 443.949100000000 10.3433091900370
-14.1 445.676800000000 9.90174175996799
-14.25 447.047600000000 9.70533423998859
-14.4 448.432100000000 9.25318959000288
-14.55 449.777500000000 8.56339375002426
-14.7 451.002800000000 8.30039216001751
-14.85 452.301500000000 8.00359775000834
-15 453.390500000000 7.48840975001804
