-0.15 0.166500000000000 0.166377750000000
-0.3 0.177000000000000 0.176671000000000
-0.45 0.207500000000000 0.206443750000000
-0.6 0.246800000000000 0.248889760000000
-0.75 0.287300000000000 0.286358710000000
-0.9 0.313600000000000 0.320655040000000
-1.05 0.376700000000000 0.376397110000000
-1.2 0.442900000000000 0.452139590000000
-1.35 0.502100000000000 0.496595590000000
-1.5 0.597500000000000 0.605093750000000
-1.65 0.708200000000000 0.721452760000000
-1.8 0.805100000000000 0.793913990000000
-1.95 0.920700000000000 0.908811510000000
-2.1 1.05850000000000 1.03887775000000
-2.25 1.25870000000000 1.23077431000000
-2.4 1.47780000000000 1.45590716000000
-2.55 1.68230000000000 1.69456671000000
-2.7 1.97920000000000 1.99296736000000
-2.85 2.26700000000000 2.22231100000000
-3 2.63680000000000 2.63488576000000
-3.15 3.04840000000000 2.86905744000000
-3.3 3.53550000000000 3.44953975000000
-3.45 4.15800000000000 4.10483600000000
-3.6 4.74140000000000 4.72872604000000
-3.75 5.46540000000000 5.28940284000000
-3.9 6.41800000000000 6.27427600000000
-4.05 7.31760000000000 7.19793024000001
-4.2 8.52340000000000 8.21145244000000
-4.35 9.82200000000000 9.37311600000002
-4.5 11.3484000000000 10.5242174400000
-4.65 13.0226000000000 11.9224892400000
-4.8 15.0273000000000 14.0147547100000
-4.95 17.2629000000000 16.1707835900000
-5.1 19.7950000000000 17.6341749999999
-5.25 22.6627000000000 20.0877287100000
-5.4 25.9129000000000 22.6461135900000
-5.55 29.5010000000000 25.8581989999999
-5.7 33.5604000000000 29.4195518399999
-5.85 38.0944000000000 31.7978886399999
-6 43.1427000000000 34.8989367100000
-6.15 48.6311000000000 37.9940127899995
-6.3 54.8545000000000 42.8425297500003
-6.45 61.4400000000000 45.6206000000002
-6.6 68.5965000000000 49.0978877499992
-6.75 76.1955000000000 52.5370797500009
-6.9 84.4026000000000 57.9129132399985
-7.05 93.1927000000000 58.8105667099990
-7.2 102.494400000000 63.5169686400004
-7.35 112.214600000000 64.5533468399990
-7.5 122.252900000000 69.3509415900007
-7.65 132.551000000000 69.0457990000032
-7.8 143.325400000000 70.5603148399969
-7.95 154.014200000000 74.0049983600038
-8.1 165.160100000000 75.5222679899998
-8.25 176.489300000000 74.3206855100034
-8.4 187.475400000000 73.6549948399988
-8.55 198.747700000000 76.6654447099936
-8.7 209.805800000000 74.9442863599979
-8.85 220.752200000000 72.8705951600059
-9 231.590000000000 68.4774999999936
-9.15 242.153600000000 68.8034070399954
-9.3 252.316600000000 67.4343644400069
-9.45 262.375100000000 66.1233999900141
-9.6 271.967900000000 63.8698695900093
-9.75 281.518800000000 60.8328465600061
-9.9 290.634800000000 59.8888289600145
-10.05 299.313200000000 58.4767057600111
-10.2 307.726900000000 54.5801163899887
-10.35 315.678500000000 52.0285377500113
-10.5 323.335200000000 50.7706409600069
-10.65 330.674600000000 47.2821148399962
-10.8 337.611500000000 45.2145677500084
-10.95 344.255600000000 42.8942686399823
-11.1 350.561500000000 40.9116177499818
-11.25 356.585600000000 39.2698726399976
-11.4 362.280200000000 36.1654879600101
-11.55 367.615700000000 34.7182135100011
-11.7 372.710900000000 32.1135211900109
-11.85 377.514700000000 31.7339839100023
-12 382.277100000000 29.1571155900019
-12.15 386.384300000000 28.0098135099979
-12.3 390.552400000000 26.4664542400278
-12.45 394.395800000000 25.6131423600018
-12.6 398.026600000000 23.7874924400239
-12.75 401.504800000000 22.6759769599885
-12.9 404.747400000000 20.9735932399926
-13.05 407.786100000000 19.2911467899976
-13.2 410.719200000000 18.4889513600210
-13.35 413.634700000000 17.8350559099927
-13.5 416.102900000000 16.6473115900008
-13.65 418.501800000000 15.8769967599947
-13.8 420.838400000000 14.9560854400333
-13.95 423.026200000000 13.9323135599843
-14.1 425.099800000000 13.4330399599858
-14.25 427.031000000000 12.4012389999989
-14.4 428.972500000000 12.2555437499832
-14.55 430.780700000000 11.6594075099856
-14.7 432.578300000000 11.1382691100007
-14.85 434.213000000000 10.8574309999822
-15 435.795900000000 10.4008431899711
