-0.15 1.400000000000000E-002 1.380400000000000E-002
-0.3 1.500000000000000E-002 1.497500000000000E-002
-0.45 1.930000000000000E-002 1.912751000000000E-002
-0.6 2.060000000000000E-002 2.097564000000000E-002
-0.75 2.620000000000000E-002 2.571356000000000E-002
-0.9 2.870000000000000E-002 2.947631000000000E-002
-1.05 3.620000000000000E-002 3.568956000000000E-002
-1.2 3.860000000000000E-002 3.851004000000000E-002
-1.35 4.690000000000000E-002 4.690039000000000E-002
-1.5 5.080000000000000E-002 4.961936000000000E-002
-1.65 6.150000000000000E-002 6.111775000000000E-002
-1.8 8.019999999999999E-002 8.316796000000000E-002
-1.95 8.069999999999999E-002 8.138751000000001E-002
-2.1 9.719999999999999E-002 9.635216000000001E-002
-2.25 0.120000000000000 0.120000000000000
-2.4 0.135000000000000 0.133975000000000
-2.55 0.154600000000000 0.153498840000000
-2.7 0.187300000000000 0.185018710000000
-2.85 0.207800000000000 0.207219160000000
-3 0.248900000000000 0.249148790000000
-3.15 0.269900000000000 0.271653990000000
-3.3 0.323300000000000 0.319577110000000
-3.45 0.392000000000000 0.388536000000000
-3.6 0.448800000000000 0.448778560000000
-3.75 0.510100000000000 0.513097990000000
-3.9 0.600100000000000 0.593979990000000
-4.05 0.702000000000000 0.693796000000000
-4.2 0.806800000000000 0.796673760000000
-4.35 0.938400000000000 0.933205440000000
-4.5 1.09560000000000 1.08966064000000
-4.65 1.27870000000000 1.24742631000000
-4.8 1.46560000000000 1.46821664000000
-4.95 1.70080000000000 1.73747936000000
-5.1 1.97520000000000 1.97058496000000
-5.25 2.30110000000000 2.27623879000000
-5.4 2.65070000000000 2.61808951000000
-5.55 3.10590000000000 2.99608519000000
-5.7 3.56950000000000 3.47676975000000
-5.85 4.11710000000000 4.06138759000000
-6 4.76280000000000 4.68813616000000
-6.15 5.51440000000000 5.41059264000000
-6.3 6.45240000000000 6.28553424000000
-6.45 7.43180000000000 7.20354876000000
-6.6 8.54060000000000 8.36075164000000
-6.75 9.95220000000000 9.39791516000001
-6.9 11.4625000000000 10.8227937500000
-7.05 13.1613000000000 12.3172823100000
-7.2 15.1121000000000 14.0917335900000
-7.35 17.4269000000000 15.8914563900000
-7.5 19.9229000000000 17.6825555900000
-7.65 22.7501000000000 20.7264499900000
-7.8 25.9848000000000 22.9655689599999
-7.95 29.6251000000000 26.3931499900001
-8.1 33.6297000000000 28.6593779099999
-8.25 38.2191000000000 31.8102951900003
-8.4 43.2692000000000 35.2491313600001
-8.55 48.6884000000000 38.3729054399996
-8.7 54.7894000000000 40.9200476400001
-8.85 61.4103000000000 45.9137539100002
-9 68.4236000000000 48.1173630400008
-9.15 75.9768000000000 52.7608617599999
-9.3 84.1982000000000 56.1301167599995
-9.45 92.9578000000000 57.9440191599988
-9.6 102.017500000000 62.4783937499997
-9.75 111.469100000000 64.1340451900014
-9.9 121.213100000000 68.6030883900003
-10.05 131.509200000000 68.3845153600014
-10.2 142.154400000000 70.4319606399986
-10.35 152.738600000000 71.3990700400027
-10.5 163.458500000000 73.3222777500050
-10.65 174.312000000000 73.2608559999971
-10.8 185.152200000000 72.2910351600003
-10.95 196.129900000000 71.7616259900024
-11.1 206.996600000000 68.9311884400013
-11.25 217.377300000000 69.8201447100073
-11.4 227.945300000000 70.9345079099949
-11.55 238.366200000000 65.7108975599986
-11.7 248.326200000000 65.7509935600028
-11.85 258.149600000000 63.8632198399864
-12 267.577100000000 61.9508555900102
-12.15 276.701300000000 61.4430783100106
-12.3 285.402500000000 58.3574937500089
-12.45 293.890800000000 55.2998753599823
-12.6 302.034900000000 51.9904819899966
-12.75 309.879400000000 49.6768556400202
-12.9 317.561900000000 49.8847683900094
-13.05 324.530400000000 47.5384758400032
-13.2 331.420800000000 43.8001273600094
-13.35 337.867500000000 41.7813437500008
-13.5 343.963700000000 40.3377823099872
-13.65 349.834700000000 37.8245759100100
-13.8 355.360100000000 36.7394279900036
-13.95 360.714500000000 33.9201897500025
-14.1 365.725500000000 31.7459497499804
-14.25 370.551000000000 30.8331990000152
-14.4 375.067300000000 29.1427707099938
-14.55 379.398600000000 27.8665180400130
-14.7 383.397300000000 26.8390527100419
-14.85 387.212100000000 25.0671135899902
-15 390.934100000000 23.6725571899733
