         134
  9.068855053752048E-002
  0.199818116310046     
  0.199352728269950     
  0.199592948914355     
  0.201026628417084     
  0.199908581799144     
  0.199480357222706     
  0.199524552142602     
  0.200419033350634     
  0.199717497195186     
  0.198194316635798     
  0.198745589750371     
  0.198992813850279     
  0.102897848877303     
  0.199788414613783     
  0.200670116566385     
  0.201309987909038     
  0.197375879935354     
  0.198634586813414     
  0.198588246448422     
  0.199632322526027     
  0.200556610235785     
  0.199565780714879     
  0.199837134618383     
  0.199312447052264     
  9.252512086926994E-002
  0.198977462886591     
  0.200098337379743     
  0.197911484663263     
  0.199801867918427     
  0.200741151027313     
  0.198683196322920     
  0.198983346218980     
  0.199966321470386     
  0.199486179273321     
  0.199566760925490     
  0.152924783137354     
  0.199864816057858     
  0.177379392706958     
  0.199219505869247     
  0.200127452288668     
  0.198080240973473     
  0.154151428637032     
  0.198521044893778     
  0.199805528476017     
  0.199843098943490     
  0.199940047602852     
  0.199424665927900     
  0.199089749673574     
  0.199779160184699     
  0.200616230178294     
  0.162528292720521     
  0.199283778948543     
  0.200202669583150     
  0.200668423884537     
  0.146713332927731     
  0.200350496478147     
  0.200580649933752     
  0.197824832205942     
  0.200341148747649     
  0.200015556505999     
  0.198364924216277     
  0.198478088176403     
  0.200055808960362     
  0.200068808815370     
  0.199817331559974     
  0.199608563581710     
  0.200081475394846     
  0.200921576462203     
  0.199595783680612     
  0.200241886506286     
  0.200207167399036     
  0.198867889621849     
  0.199133811114207     
  0.200126689042123     
  0.198274255925537     
  0.200106226461286     
  0.200116548268934     
  0.198976082380991     
  0.196746088106849     
  0.200705098377588     
  0.199401193566792     
  0.199911292482870     
  0.198369913893212     
  0.178722218121544     
  0.174944216180992     
  0.192260268340540     
  0.175596553320010     
  0.199505954311390     
  0.198785598739643     
  0.199528290833089     
  0.199884811714443     
  0.199066472228827     
  0.198487259789302     
  0.200227418395902     
  0.199990463273686     
  0.170321644446374     
  0.198467512863795     
  0.200015032719255     
  0.199203893797514     
  0.200419086173556     
  0.199498767143401     
  0.194131749959834     
  0.176960614600092     
  0.199825355543604     
  0.147089351429836     
  0.200620335169663     
  0.198964011558468     
  0.199318525271198     
  0.191238217343078     
  0.198066735565085     
  0.199853115411816     
  0.199182998582974     
  0.198271733879272     
  0.199997192520839     
  0.199344630955353     
  0.171192468364861     
  0.199225870175040     
  0.199283329838544     
  0.196459151783346     
  0.199147226631293     
  0.199543014136346     
  0.200017711543818     
  0.198204402901094     
  0.198471107883751     
  0.198892036225082     
  0.198763849881124     
  0.200596064886480     
  0.198465924906216     
  0.167837340650836     
  0.199188726247505     
  0.199552153095477     
  0.184368641485004     
  0.198401580134996     
