         121         100
          15
           2  3.040977826785247E-009  1.451480874769691E-011
          18  1.920844618887480E-011  9.098339012251090E-014
          20  3.381461013467021E-017  1.570784507755503E-019
          26  2.253878799399999E-012  1.060513069126271E-014
          30  1.093326656003685E-005  5.339035120178305E-008
          32  8.563215163929431E-010  4.110147507928663E-012
          63  2.429028822761918E-016  1.128773481181360E-018
          67  1.258483662434188E-009  6.004622589260263E-012
          68  6.598202694033945E-007  3.204097295745275E-009
          71  8.441729101551220E-008  4.065114248103778E-010
          76  1.751066918162116E-007  8.476595542185465E-010
          85  6.943351962150946E-015  3.242456903574805E-017
          93  6.248588984714155E-010  2.997496781220695E-012
          96  3.847576127762288E-021  1.774744426135968E-023
          98  4.896949844308893E-011  2.323174043519031E-013
          12
           1  4.557217881168687E-012  2.113130690419931E-014
          11  4.515409574835294E-011  2.102186275254301E-013
          15  9.825365196917972E-016  4.541998184443318E-018
          34  4.201692704233561E-016  1.942096096458580E-018
          40  1.026196022212119E-007  4.776351305658236E-010
          45  3.398355534996763E-022  1.569747262447335E-024
          75  6.349063339925327E-011  2.942085151975691E-013
          80  1.382066391814383E-011  6.407375758653176E-014
          86  7.094160758076002E-023  3.278256405607759E-025
          87  3.250153760297358E-009  1.510184257588810E-011
          89  1.506177590958153E-019  6.958701770974918E-022
          97  2.139710198874765E-014  9.898194610296394E-017
           3
          10  8.371558229649530E-018  3.867315324182223E-020
          12  3.277373985371029E-015  1.517055401662397E-017
          84  1.879795785036665E-015  8.692942399750033E-018
           3
          10  5.181435250457257E-021  2.390358364428170E-023
          12  3.949187570890364E-016  1.825556247081697E-018
          84  2.319179136845015E-016  1.071028910280835E-018
          12
          11  7.879164435994615E-007  3.742510819155859E-009
          14  5.746704858266938E-009  2.705996992460586E-011
          21  5.464940621254188E-009  2.570354202804206E-011
          27  4.438625286411216E-009  2.102308293604951E-011
          34  6.844648888885206E-006  3.240360104592824E-008
          38  1.787874685836969E-013  8.303598077890782E-016
          40  9.755002181193137E-013  4.534834999052283E-015
          49  1.091506001655323E-013  5.086330196814882E-016
          53  1.747515426517069E-026  8.069978971140952E-029
          57  2.503893836622607E-008  1.181060955433361E-010
          75  3.080526118062686E-007  1.452081430802520E-009
          87  1.536656048604625E-006  7.266637088242249E-009
          14
           2  1.828950054291495E-018  8.428003559786857E-021
          16  6.532757404460430E-020  3.016477597017825E-022
          20  2.465166884833854E-012  1.140436751167289E-014
          31  2.623772660914430E-013  1.208218739201909E-015
          39  3.615802024276348E-023  1.664819989447653E-025
          60  8.497148277394932E-017  3.916902036135395E-019
          64  1.160523088440242E-016  5.354727685200146E-019
          66  1.842117107300485E-025  8.492855155676486E-028
          67  6.437220996454135E-014  2.969387887457141E-016
          71  2.793515739983106E-016  1.288356534518169E-018
          74  9.447228455929292E-013  4.354213677732877E-015
          77  2.844461788606621E-018  1.313881785225928E-020
          88  2.690269193742313E-019  1.240402647445755E-021
          90  2.537528579619274E-010  1.172016348086277E-012
          12
           7  2.162518566654430E-007  1.015390924639416E-009
          18  5.040751840246018E-009  2.360948536335771E-011
          22  3.969831253883113E-015  1.832157940400597E-017
          26  1.172660063775778E-006  5.513630537772156E-009
          50  1.543369306982594E-007  7.236661595692135E-010
          61  2.086386090263791E-007  9.807502360720594E-010
          63  7.355164181919875E-023  3.392991038818645E-025
          73  1.017987861843547E-014  4.712366687875407E-017
          76  2.192239258772260E-007  1.033722837704706E-009
          93  3.848567115583093E-013  1.789803269448103E-015
          98  3.244813727735934E-013  1.505805135111316E-015
          99  8.600567407005583E-013  3.994300356823416E-015
           8
          11  1.132319884971351E-006  5.573318827561046E-009
          27  6.115966869491481E-004  3.065191128294087E-006
          34  8.275576003735227E-023  3.813775393295243E-025
          49  8.562700676607929E-004  4.289247702036252E-006
          54  3.425889503483031E-006  1.693011130978843E-008
          57  1.405749236871966E-026  6.485077644832770E-029
          80  2.446133245846534E-014  1.150829935105867E-016
          87  6.157464544684151E-010  2.967424528825997E-012
           3
          25  6.377275973111036E-019  2.939479780039157E-021
          41  6.422734180599670E-026  2.966695780509736E-028
          95  2.253379316103497E-018  1.042795680195256E-020
          10
          11  2.054195916937334E-009  9.661875974448264E-012
          19  4.039967910749190E-008  1.893202276683227E-010
          27  2.550853435314999E-016  1.183631637753685E-018
          40  1.669916560003086E-009  7.814113269517602E-012
          45  4.647227555705648E-007  2.185469219768148E-009
          49  1.830320649271514E-011  8.574659180308490E-014
          54  5.554966333730858E-010  2.607748718403212E-012
          80  8.359596120717358E-006  3.952839621348920E-008
          87  1.414921049951626E-011  6.587176301754401E-014
          89  1.237671126835017E-025  5.705776655804223E-028
           3
          42  1.166586089834714E-024  5.388822828978703E-027
          45  9.201504080767177E-015  4.235639863462019E-017
          89  4.470341549549017E-017  2.057925008506070E-019
          13
           2  1.287617835035711E-014  6.048573772581597E-017
          20  3.465584910439840E-012  1.653121661163981E-014
          30  1.810310802498454E-004  9.017032502650409E-007
          32  5.478569284711206E-005  2.727422944010317E-007
          37  6.561184023756954E-012  3.136373001731570E-014
          67  6.287814397975950E-009  3.048073705619720E-011
          68  3.210270348899505E-005  1.591733334865325E-007
          71  1.909794347448214E-008  9.285075251413331E-011
          74  1.012445635923885E-014  4.751141748385855E-017
          76  5.339469305377591E-015  2.512566814490541E-017
          90  4.051697967948780E-020  1.874808519593823E-022
          91  2.115513102270845E-013  1.001148137608970E-015
          93  2.797213666074972E-011  1.345324397316177E-013
          10
          13  1.039918963776699E-006  5.126169028288502E-009
          26  9.018882680669709E-024  4.159039531614948E-026
          27  2.776740355823460E-019  1.291502102292990E-021
          48  2.372038739278437E-019  1.102568416915988E-021
          50  5.933129345298295E-021  2.742690842029361E-023
          52  7.699591010967170E-022  3.551682271017389E-024
          72  6.319739874225293E-013  3.004189542351506E-015
          76  1.936803200580519E-009  9.406414319312699E-012
          93  4.408084874195480E-004  2.210245063052065E-006
          99  2.209266810232374E-005  1.094298125020581E-007
          12
          13  7.777037166307583E-005  3.828061734021190E-007
          14  2.193116033381112E-016  1.020945299592782E-018
          27  1.094129420158160E-013  5.166668277858075E-016
          48  1.755343143721940E-009  8.446228925648583E-012
          52  6.376854253203980E-010  3.046472690350466E-012
          53  2.502098579799957E-011  1.189852521903052E-013
          57  5.324500707613547E-014  2.499963169012661E-016
          69  1.716585454845618E-013  8.048772521200350E-016
          72  3.365990703518473E-008  1.627950470270365E-010
          76  2.544870576436566E-019  1.176235110017593E-021
          93  1.028160759248306E-005  5.064108730338465E-008
          99  3.115551563927193E-005  1.529518873039355E-007
           5
          23  6.126833246098188E-013  2.828958453602736E-015
          29  1.049143666912345E-020  4.849508863580795E-023
          62  2.308911679053831E-013  1.067379095521319E-015
          82  2.580603692791570E-025  1.193215558777987E-027
          83  1.598638723913722E-018  7.383061573275346E-021
          12
          13  1.052527730167407E-004  5.175125739704540E-007
          14  1.647578294666840E-008  7.947951469495712E-011
          27  2.273932969602997E-009  1.098887797824421E-011
          48  6.252859507074681E-007  3.038373381700155E-009
          49  1.618341768955715E-015  7.571967744753390E-018
          52  2.425602668068707E-007  1.171101365218021E-009
          53  1.111888558657711E-007  5.377712237357488E-010
          57  9.479871889194144E-008  4.586054965975895E-010
          69  3.650388028284981E-012  1.721215917643064E-014
          72  1.524637868610502E-007  7.385804953748119E-010
          93  2.501009028017880E-009  1.207634160069710E-011
          99  1.670470209699450E-007  8.111216436135919E-010
          10
           2  5.437068611320625E-009  2.526309636931913E-011
           6  5.949435018661093E-013  2.751208781155140E-015
          18  1.752498106700080E-022  8.111370290797720E-025
          51  1.120119654268123E-009  5.200399707673528E-012
          63  6.680241333464860E-012  3.097202334035456E-014
          67  1.077305125586553E-023  4.977360086911141E-026
          71  5.990179658117942E-014  2.772932547416876E-016
          85  1.009856042245809E-007  4.705161875036108E-010
          96  5.460869959902827E-008  2.538678264484668E-010
          98  1.064212680937649E-012  4.936538470237324E-015
           3
          10  8.553929904928260E-031  3.936393642187075E-033
          12  2.394634280321274E-022  1.104208023767774E-024
          84  3.432834665755254E-024  1.581400752868623E-026
           9
          16  1.237657389561421E-013  5.712024840956228E-016
          29  2.670985032433386E-014  1.231985750780884E-016
          36  9.437668688063897E-014  4.350023632883231E-016
          62  1.222393276410008E-023  5.638535562048398E-026
          65  2.735430047866023E-024  1.264980350737636E-026
          66  3.043148400632518E-020  1.402106092150547E-022
          82  8.620831738376894E-014  3.977925369243393E-016
          88  2.192738756570095E-015  1.010468180105633E-017
          94  2.961943900417483E-018  1.367446140535590E-020
          10
           3  3.318624736540441E-018  1.539394085921016E-020
          11  9.755807869709721E-007  4.754805554329643E-009
          19  6.215539047778309E-014  2.910274543436763E-016
          27  1.953215714832057E-005  9.620838148303425E-008
          40  4.312157159841338E-015  2.016045450728057E-017
          45  3.579900950509122E-015  1.670499197610033E-017
          49  2.567064571678764E-004  1.271269364847677E-006
          54  7.169476689745576E-005  3.530452484304796E-007
          80  1.499442141572116E-008  7.219483304587438E-011
          87  6.141191755219299E-010  2.936746348167039E-012
          11
          10  1.070794778866096E-025  4.938450575647492E-028
          13  6.449308962479882E-008  3.048361176677166E-010
          25  3.604955325354901E-014  1.668426922125459E-016
          48  1.533019492135716E-012  7.149324049995611E-015
          50  6.071896012691688E-010  2.838682848869810E-012
          52  4.671261288678579E-012  2.171343013612778E-014
          53  1.540184262259076E-016  7.128909203193625E-019
          69  2.554221844800475E-008  1.197911869054473E-010
          72  1.755634585907065E-007  8.289781431978503E-010
          93  1.063700978900707E-015  4.933559487158882E-018
          99  3.121533443055489E-006  1.481190911776898E-008
           4
          23  2.678852726860413E-011  1.235472949562427E-013
          46  1.590311989856222E-024  7.324340505673743E-027
          56  5.820964078490268E-019  2.676549940342643E-021
          83  1.231151569029178E-010  5.680249977986010E-013
           0
           8
          17  4.190429534473833E-009  1.940861983784093E-011
          19  7.490712425402911E-008  3.468631625402596E-010
          24  2.209993174221101E-012  1.018828820220860E-014
          42  2.617239688839458E-017  1.209970518294913E-019
          43  1.581151466563675E-009  7.320673462415578E-012
          45  2.855487914613539E-011  1.318718928902739E-013
          70  8.258451119820222E-024  3.815439100655368E-026
          80  1.471916560334425E-017  6.786058964939267E-020
          15
           2  1.035188597951597E-009  4.897844846394206E-012
           6  3.731978919497414E-018  1.720782634938729E-020
          18  3.461518198890270E-008  1.652415174278979E-010
          26  7.817852886489823E-009  3.712716552230857E-011
          30  9.383505653188081E-008  4.504610469232340E-010
          32  3.078944979690052E-017  1.427419338592293E-019
          63  1.159003275634167E-010  5.467588243834647E-013
          67  6.952005131581061E-013  3.249562724111481E-015
          68  1.315872963926839E-009  6.259342672326553E-012
          71  1.590052612247926E-009  7.542291051740000E-012
          76  3.063525821050823E-006  1.477395253610345E-008
          85  8.190861964324312E-012  3.847123475464898E-014
          93  2.711160729373614E-010  1.289505995760347E-012
          96  4.789013424843008E-016  2.217904327153530E-018
          98  4.697428362116187E-008  2.242193256429524E-010
          11
          16  2.594677821000163E-011  1.202017241460346E-013
          23  5.846687270054364E-011  2.704700208318073E-013
          29  4.701804964336249E-010  2.178250030723358E-012
          36  2.127947801696851E-019  9.829632089474277E-022
          37  2.155228735428674E-011  1.000410129322740E-013
          62  7.856426670095888E-010  3.640264229741481E-012
          74  1.261565815449714E-021  5.817962618997414E-024
          82  3.688215071358576E-009  1.710665043800776E-011
          88  5.377593056379506E-011  2.488875581296330E-013
          91  4.029828433999179E-017  1.860889505657769E-019
          94  5.668120801904571E-015  2.622972623303966E-017
          18
          11  1.711584916430218E-015  7.997413802050274E-018
          13  2.118242450713562E-006  1.026480981858092E-008
          14  8.052313140892053E-006  3.898285398318408E-008
          21  5.598549744271333E-021  2.597807647617861E-023
          27  1.046747808548679E-008  5.045003955768365E-011
          28  3.680065142661708E-014  1.723446978263067E-016
          34  4.868051278564601E-012  2.292588360079689E-014
          38  1.895654414882816E-020  8.784275859143101E-023
          44  9.812903115800459E-015  4.591186964199182E-017
          48  1.739416462042264E-006  8.406206675843683E-009
          49  3.225366207008863E-015  1.509484588978097E-017
          52  5.997777203343209E-007  2.882025559444442E-009
          53  1.355938897654919E-006  6.540114711209232E-009
          57  2.125357469313398E-005  1.030417811988637E-007
          69  9.042858072817808E-015  4.215523680876142E-017
          72  4.668332721960916E-009  2.233625771705973E-011
          87  1.905004400724912E-021  8.807479298675924E-024
          99  1.091180521507568E-014  5.104480276130815E-017
          10
           3  3.007841422331828E-006  1.425852526931728E-008
           9  1.144478874023565E-005  5.446109070376967E-008
          23  3.309935541214404E-009  1.551033432198992E-011
          24  1.762375926337663E-011  8.195460140047643E-014
          37  4.755286056071013E-016  2.205952062464383E-018
          54  9.532710865039009E-021  4.401406008167265E-023
          56  6.004045027142848E-017  2.769410645541054E-019
          83  3.331388259510188E-009  1.560235432822993E-011
          91  6.412077432825368E-008  3.023268404962639E-010
          92  1.012334781836528E-005  4.794015154138410E-008
          11
           6  1.537841401358992E-017  7.109730220287473E-020
           7  6.013123959962402E-008  2.845576959078677E-010
          18  2.669790698765938E-006  1.271568048373908E-008
          26  2.569913442388728E-005  1.225547821932570E-007
          50  2.958864910343313E-011  1.384573390611875E-013
          61  1.191863537122405E-007  5.654214108448849E-010
          63  1.134919942995237E-010  5.329491374221594E-013
          76  3.827079744855936E-005  1.835911888657848E-007
          93  1.162043457897999E-009  5.505135837438454E-012
          98  6.303054958634096E-008  2.988751832105382E-010
          99  7.106751605957549E-016  3.298178545798740E-018
           8
           3  6.875522593703631E-015  3.179805837639228E-017
           9  4.464013150968376E-011  2.077597620395976E-013
          23  6.669959567857752E-018  3.079706701409877E-020
          24  3.657897394220405E-010  1.691354613050364E-012
          46  3.331631221921321E-015  1.537826626019778E-017
          56  2.179250133773674E-011  1.005726825250537E-013
          83  9.642762684812513E-011  4.465251928490788E-013
          92  2.108814539013138E-012  9.752082835318114E-015
          11
           1  4.606480226883843E-012  2.127679563681068E-014
          11  6.234083631910996E-011  2.892307106416577E-013
          14  1.151810230709817E-026  5.310921038255483E-029
          15  1.541529636952081E-013  7.099754070462656E-016
          21  1.401244779099602E-009  6.499072501438442E-012
          34  1.788605509504385E-007  8.300617938757326E-010
          38  3.444759988473180E-017  1.587273768556137E-019
          40  3.759349906023121E-012  1.735209512060257E-014
          57  1.446979038947059E-022  6.667248152031953E-025
          75  3.306561085709483E-007  1.534010552609150E-009
          87  1.472260230118752E-008  6.826646004883825E-011
          14
           2  2.784561815718375E-010  1.329409994547301E-012
          20  1.205499647812724E-008  5.818280892556911E-011
          30  4.309125081251322E-004  2.128450505236074E-006
          32  5.617835664935061E-005  2.772128435203762E-007
          37  5.387849701389794E-010  2.585090748749528E-012
          67  1.034162986014843E-006  5.024373518259554E-009
          68  1.829900067871596E-004  9.016927152224240E-007
          71  1.731817795391291E-006  8.429979407163581E-009
          74  5.813604301060519E-010  2.780564790853784E-012
          76  3.899376472184040E-021  1.804550337173312E-023
          88  5.298255298869409E-026  2.446112692819871E-028
          90  1.865963865088625E-011  8.858420502554602E-014
          91  2.856869714361292E-013  1.346918758536157E-015
          93  1.199026115174953E-019  5.555674665653906E-022
          13
           2  2.618225341099775E-022  1.208292024279684E-024
           7  1.072547085903035E-015  5.000143647572756E-018
          18  1.499244972852381E-007  7.229849533431647E-010
          26  7.932563407458370E-007  3.828987979896540E-009
          30  4.481863733396774E-011  2.133807984673198E-013
          61  3.140833877979531E-014  1.471930831668595E-016
          63  1.590949697616245E-012  7.494488778570317E-015
          68  3.762420227654269E-016  1.754383320521532E-018
          71  3.863584616719188E-020  1.785801682476535E-022
          76  1.189083358327019E-004  5.810455231954029E-007
          93  1.967082407366169E-006  9.595933020158627E-009
          98  1.223883789625854E-008  5.871653924968044E-011
          99  1.603816410104633E-016  7.461344249380784E-019
          11
          13  1.347214422716422E-004  6.561305952407148E-007
          14  6.879595335660242E-015  3.214096605487309E-017
          48  1.659331654808622E-007  7.979680819455932E-010
          50  3.433622502988328E-018  1.590213947931089E-020
          52  1.322610253343253E-007  6.329105001970065E-010
          53  7.483363343989091E-009  3.574970346195467E-011
          57  1.095687727366107E-013  5.136315619126135E-016
          69  3.152062070475872E-008  1.504275436611030E-010
          72  5.955854312394896E-006  2.879803528403916E-008
          93  1.510819389675940E-008  7.269677273008194E-011
          99  4.896508573974110E-005  2.378376056201925E-007
          11
           3  1.008779285402234E-010  4.830749891010121E-013
           9  1.367453113434763E-014  6.444549155235136E-017
          11  5.633386195390642E-009  2.727879610681158E-011
          19  3.679935290732207E-013  1.731945051623989E-015
          27  2.800528814313978E-006  1.379562569362682E-008
          45  1.234131127890521E-018  5.715832902003943E-021
          49  1.563083829269097E-004  7.753014100923280E-007
          54  4.063925807313066E-004  2.012469275830187E-006
          80  2.945258553461179E-010  1.410128469051421E-012
          87  4.495943001838849E-015  2.103033036329060E-017
          92  1.209793583669227E-024  5.576561086594753E-027
           1
          42  1.056080494492869E-027  4.895470873802917E-030
           8
           7  3.095219925360234E-009  1.436671556450885E-011
          18  4.322473331904613E-021  1.997634204823814E-023
          22  1.584422201095452E-010  7.327410454138941E-013
          26  4.244708268289665E-012  1.961931928582139E-014
          50  2.126954568266745E-008  9.866735979445700E-011
          61  1.305246519710718E-009  6.063770135930992E-012
          73  2.163484649698618E-010  1.003265871185629E-012
          76  2.142910724119473E-019  9.904021408995899E-022
           0
           2
           1  1.609026342953168E-021  7.423329138903384E-024
          15  1.978627106629898E-022  9.112455204700012E-025
          11
           3  1.185361640619247E-008  5.732676226695691E-011
           9  6.084093687404637E-011  2.914286212903386E-013
          11  3.548316509644042E-011  1.694718432833471E-013
          19  9.028050355677219E-012  4.272093848449718E-014
          27  1.269590003649972E-007  6.206820200042905E-010
          45  9.883833842330456E-019  4.573750477805790E-021
          49  3.311369819038818E-005  1.635352375973502E-007
          54  5.873577629384998E-004  2.906473598545913E-006
          80  4.490435733288979E-011  2.137353955396793E-013
          87  1.959183632113945E-026  9.032194508877175E-029
          92  1.678625329046850E-014  7.865400576227825E-017
           8
          13  1.707735285460814E-008  8.392468513355015E-011
          26  1.127213879592848E-023  5.197931113020453E-026
          27  1.418165617451780E-015  6.696567800032700E-018
          49  4.482628545370983E-022  2.074599451168441E-024
          72  2.029136714630207E-025  9.381846762561769E-028
          76  6.990066096687521E-009  3.423633815213538E-011
          93  7.323416466226085E-004  3.695829274652952E-006
          99  9.232253389149388E-007  4.576281548791186E-009
          13
           2  3.897861661241960E-006  1.843839742302146E-008
          20  3.228302619829939E-007  1.527998250837231E-009
          30  1.278652066894782E-006  6.087401979663864E-009
          32  3.870702056372353E-011  1.817649034379658E-013
          37  7.109671279303624E-020  3.288373026272367E-022
          67  1.134912425876203E-005  5.383930608338674E-008
          68  2.446530168391742E-006  1.163712526743405E-008
          71  2.747389116557797E-005  1.305677964487533E-007
          74  1.810388127286818E-008  8.510845231713229E-011
          85  3.445447148547945E-012  1.606467008124483E-014
          88  1.045056692720592E-018  4.825088579714720E-021
          90  1.730163718031779E-007  8.161797127973264E-010
          96  1.900484482336619E-011  8.861256165342885E-014
          13
           3  8.314659642212201E-016  3.918934856982527E-018
          27  1.134408114385884E-019  5.285639668924301E-022
          30  8.006438216259238E-007  4.000211179539022E-009
          32  7.067844249840265E-006  3.553750321336191E-008
          37  1.617861489251133E-017  7.583581715783282E-020
          49  1.673760387411036E-013  8.018888116137988E-016
          54  1.136988483923320E-013  5.427989578601790E-016
          67  3.946807908651549E-023  1.823042083141960E-025
          68  2.599518384949943E-008  1.286159450998788E-010
          71  1.682336488165214E-020  7.801274130308502E-023
          76  9.488510984764500E-023  4.391696170252741E-025
          91  5.605528291488131E-013  2.684741342958929E-015
          93  9.094094872117552E-009  4.500308613955978E-011
           5
           7  1.436303652785664E-013  6.637606092388515E-016
          22  3.976506578935186E-014  1.834120988712708E-016
          50  3.866530949245220E-028  1.783124748551552E-030
          61  2.694947429651061E-014  1.246866409197531E-016
          73  4.988655814930963E-014  2.306875735225529E-016
          12
           1  2.986161941483249E-013  1.379886561125185E-015
          11  1.603752932719687E-011  7.444552326086341E-014
          14  1.257581374452270E-017  5.807237750077395E-020
          15  9.016974843497982E-015  4.156148549527561E-017
          21  8.522986343244116E-009  3.962021742219430E-011
          34  3.350101816879001E-007  1.557503554435606E-009
          38  6.131555634599257E-014  2.831513869530130E-016
          40  4.160825716301658E-014  1.920228867084820E-016
          47  3.355397495999541E-026  1.545075063174521E-028
          57  1.248438026709304E-016  5.762701455705051E-019
          75  2.718438424988984E-007  1.262782071829006E-009
          87  5.528952699983318E-009  2.565559455333936E-011
           1
          58  2.214273395383846E-024  1.021059412100563E-026
          11
          13  1.534617234185603E-006  7.395180534266471E-009
          26  1.543768292066024E-020  7.110415879856796E-023
          48  2.085755568831198E-014  9.734012087793369E-017
          50  5.695394806896338E-009  2.701603711235535E-011
          52  1.992378852487576E-014  9.256075137206249E-017
          53  3.118185254636631E-022  1.438940008353195E-024
          69  5.748325709427659E-012  2.691543491074244E-014
          72  1.087472255815354E-008  5.183089933136171E-011
          76  1.100445784022463E-011  5.186794211061935E-014
          93  1.265028046681775E-006  6.115838853883974E-009
          99  1.890998087591144E-004  9.171463617679063E-007
           9
           1  5.949948998322668E-015  2.752479184374235E-017
          15  2.467000414110965E-020  1.139233382476158E-022
          40  1.062766088041018E-011  4.914915233143207E-014
          75  5.315268936511053E-027  2.453653033259821E-029
          80  1.131351058532752E-030  5.225429680385100E-033
          86  2.158061364238878E-017  9.963840324773482E-020
          87  1.331548569332256E-022  6.145881770172790E-025
          89  3.953795574656805E-019  1.825100379367064E-021
          97  4.053364797843047E-014  1.872722169171749E-016
           9
          10  1.979428367403981E-017  9.126588508370268E-020
          12  1.574826266581342E-014  7.280147966442613E-017
          22  2.974064611714076E-017  1.371654649572641E-019
          25  7.558548069406028E-022  3.484064800275120E-024
          50  6.322116312891175E-008  2.939893294255636E-010
          69  5.547192719139827E-028  2.555133801768449E-030
          73  7.435042355380957E-017  3.438071919118067E-019
          84  4.321928751737684E-014  1.996490484665966E-016
          99  1.805579672571102E-011  8.384389335928855E-014
           9
          16  2.549282615511769E-012  1.178324858837946E-014
          23  2.106208848837169E-014  9.713390550317416E-017
          29  2.147448386087534E-010  9.924891205550933E-013
          36  4.191297727875008E-018  1.933936983595214E-020
          37  8.082475952144704E-016  3.737661321635674E-018
          62  1.867605678054428E-010  8.631271176614349E-013
          82  6.058690661171992E-010  2.802079684520053E-012
          88  1.676290748092166E-012  7.737925412126100E-015
          94  3.869500844514263E-014  1.788522384966639E-016
           1
          42  5.790050239431439E-020  2.677298279003706E-022
           7
           1  4.894488592361595E-011  2.264304391058505E-013
          15  5.701809437076119E-012  2.632821024428770E-014
          21  2.346365701306013E-020  1.086345740592340E-022
          34  4.339720886098605E-014  2.003749015146133E-016
          40  3.094214240650450E-014  1.429743217251932E-016
          75  1.660908027734633E-010  7.674365044426781E-013
          87  3.233375769224675E-014  1.492934086834790E-016
          10
          13  1.299861136998576E-007  6.177749532869699E-010
          25  4.046308795443291E-019  1.867694775619398E-021
          48  6.814726902264798E-014  3.176110387426274E-016
          50  1.103220558562587E-008  5.195019878523948E-011
          52  1.891446558159153E-013  8.784484804473205E-016
          53  4.303093273559061E-020  1.990266416527308E-022
          69  2.137164546026812E-009  1.002992647009803E-011
          72  5.658218248424227E-008  2.680814293398560E-010
          93  3.033209806518858E-011  1.426807471263612E-013
          99  1.890241867033034E-005  9.030080918906972E-008
           0
           3
           1  5.754135080938257E-016  2.657103666214155E-018
          15  1.237007383829898E-015  5.702137614420879E-018
          75  1.101981893651469E-018  5.077934945146781E-021
           5
           1  1.005119325647945E-028  4.652031427653123E-031
          40  1.889575113127941E-021  8.736505585378635E-024
          86  1.576469406265103E-019  7.282339256748768E-022
          89  4.747745936302656E-028  2.192716569271789E-030
          97  5.524816165926797E-017  2.553791628665547E-019
          11
           1  3.677174159731913E-013  1.697698298689928E-015
          11  5.468632109400588E-015  2.528592877373247E-017
          15  1.011472991219782E-017  4.659465008220567E-020
          40  1.287963519259158E-008  5.958918197183648E-011
          45  1.187540969809319E-023  5.467207182359731E-026
          75  4.885744128543478E-014  2.250946182231618E-016
          80  5.578505226170351E-013  2.573447889762601E-015
          86  3.781171936107515E-018  1.741511895949906E-020
          87  1.079192322705978E-011  4.980417574115174E-014
          89  1.436158118681462E-016  6.613300163885977E-019
          97  3.551647635395979E-013  1.637561231512630E-015
          13
           5  2.590995044980041E-016  1.190924549804185E-018
          13  3.670078327576749E-011  1.703109759255991E-013
          25  4.297710092035982E-011  1.983147826117588E-013
          28  1.181723834865176E-021  5.450040657561922E-024
          44  1.223543081296097E-012  5.657646966116580E-015
          48  1.117880866246056E-009  5.196599178920676E-012
          52  3.490164815804244E-009  1.616417558745140E-011
          53  1.121739531678529E-010  5.199095895243405E-013
          69  5.087085513885234E-007  2.361167307185201E-009
          72  1.491635570928002E-007  6.954440341955689E-010
          95  1.170134587454330E-013  5.409592613466010E-016
          99  2.364680429668274E-015  1.091018158174069E-017
         100  1.920112013050041E-012  8.860550596021162E-015
           5
          10  9.653704838288393E-015  4.443030187514550E-017
          25  7.480111791195876E-013  3.442115361013519E-015
          41  7.412533886521741E-027  3.418118937832789E-029
          78  1.040592895804476E-024  4.798507454040413E-027
          95  4.469882369113255E-015  2.065058096093267E-017
          13
           2  3.656821892443310E-013  1.729409571096990E-015
          20  2.733838316861262E-010  1.315652882219498E-012
          30  2.920308566431848E-004  1.453101077890545E-006
          32  1.120487809453453E-004  5.574387230266542E-007
          37  3.562194333265233E-010  1.716712267821540E-012
          67  6.228028107454402E-008  3.029093819331678E-010
          68  8.320849390105171E-005  4.122898240629467E-007
          71  1.075631706032010E-007  5.241958809083346E-010
          74  6.339179360557950E-012  3.014156284462126E-014
          76  1.482749372556812E-019  6.882597541633837E-022
          90  5.888069585196566E-015  2.764520815264358E-017
          91  7.659822060943178E-012  3.654834217973225E-014
          93  2.974624317044149E-014  1.405656473543912E-016
          13
           2  4.871071805531517E-011  2.321057059585379E-013
          20  2.174811553345136E-011  1.037229137024997E-013
          30  2.415526603996331E-004  1.197793081210596E-006
          32  1.027897443531460E-005  5.074703984018884E-008
          37  3.485025676452589E-014  1.640557160085173E-016
          67  4.688625521405824E-008  2.272107381185291E-010
          68  4.257427913160411E-005  2.100934239039241E-007
          71  2.488797869264623E-007  1.210160835095534E-009
          74  5.078313298706563E-014  2.383541278299277E-016
          76  5.832666530586115E-012  2.776585514697781E-014
          90  2.866007894722857E-016  1.335249219251368E-018
          91  2.426032296308267E-020  1.120142998364488E-022
          93  2.648149953094401E-011  1.268500763246824E-013
          11
           3  8.755744780244692E-009  4.271487357120853E-011
           9  7.343589887689976E-012  3.528083520954071E-014
          11  9.325512460423331E-012  4.476283301523123E-014
          19  1.455455041212893E-021  6.722725263664714E-024
          27  1.776039979501657E-006  8.823976115245340E-009
          32  3.080043587220528E-027  1.427090515003730E-029
          49  1.324520999089881E-004  6.633650369518688E-007
          54  4.634432825843654E-004  2.318836868490294E-006
          80  5.244523473903676E-016  2.458138753412632E-018
          91  8.173730310376411E-023  3.780094262301887E-025
          92  8.110316583179088E-015  3.819751636702526E-017
          15
           2  3.696314451784874E-009  1.748931990243725E-011
           6  3.716333119894292E-013  1.732443623061626E-015
          18  1.557311112422284E-007  7.423950769198199E-010
          26  1.349519486169697E-008  6.396516353382503E-011
          30  3.692186389102833E-009  1.756925469888917E-011
          61  2.660345779140692E-022  1.230881609436344E-024
          63  5.611175818262485E-009  2.657687862152838E-011
          67  6.151788212116775E-014  2.865221106550312E-016
          68  2.767092341501334E-011  1.304785907940015E-013
          71  6.480862400309529E-010  3.061574033315385E-012
          76  1.028331305969151E-006  4.930933653759908E-009
          85  7.858687680383681E-010  3.712244391298598E-012
          93  1.291607643573381E-013  6.044558786638731E-016
          96  1.166051424167321E-012  5.447002806107065E-015
          98  3.753537691353960E-007  1.791127947436441E-009
           9
           4  1.081074485491947E-020  5.000072174221752E-023
          15  1.129594811352276E-030  5.210404942142744E-033
          21  5.586676689174387E-013  2.585207195411457E-015
          34  4.911712012716698E-017  2.265274003685747E-019
          38  2.942333942278495E-019  1.359193201066728E-021
          47  1.279192813423441E-026  5.898180092705784E-029
          59  5.557777024076784E-019  2.565559214489664E-021
          75  5.413361885863239E-016  2.496294930349498E-018
          81  6.669837386564917E-018  3.071618191839677E-020
          14
           1  4.528182334828664E-014  2.094446954063626E-016
          11  6.609567013795943E-007  3.113431303919307E-009
          14  8.748738958774631E-015  4.047585673747947E-017
          15  4.408689224653200E-018  2.030288007890483E-020
          21  5.720904270513813E-010  2.668375625265260E-012
          27  4.767389658417644E-012  2.224427611280159E-014
          34  2.149427178643023E-006  1.008761832692898E-008
          38  1.209326299391808E-019  5.576202709872186E-022
          40  2.130930102198737E-009  9.935480505834685E-012
          49  7.050152726848299E-019  3.254659052001144E-021
          57  2.324261865147963E-013  1.077044831636463E-015
          75  1.220945350847798E-006  5.719593770317543E-009
          80  1.893223842476495E-019  8.718813660478611E-022
          87  3.696902788943777E-006  1.737268978220091E-008
          12
          14  3.038478154554921E-009  1.410633883802257E-011
          21  3.045164471465763E-011  1.410279921911395E-013
          28  1.295164168689882E-009  6.001045874200516E-012
          34  9.697250394431559E-016  4.468814390531463E-018
          38  5.992175183581390E-009  2.775257884430678E-011
          44  6.167787780769245E-012  2.854056209467609E-014
          47  3.027566036532879E-010  1.397846889844259E-012
          48  1.327405214312012E-014  6.141114531983276E-017
          52  2.889069683488866E-015  1.330355011180126E-017
          53  4.417899488560163E-012  2.044078918275445E-014
          57  7.411854781740343E-010  3.437420781736625E-012
          79  3.042890881434999E-017  1.403705748167548E-019
          15
          13  2.351503947741233E-005  1.141005284634169E-007
          14  2.392808067924722E-006  1.153445213563280E-008
          27  4.719038918037261E-010  2.251921596154556E-012
          28  1.374430620426613E-014  6.405926935469776E-017
          34  9.084619294283012E-018  4.196390162719817E-020
          44  6.265422301221025E-014  2.927456887161626E-016
          48  6.084796825970012E-006  2.940365236094074E-008
          49  3.606428171094413E-020  1.665977937579160E-022
          52  2.657923256688385E-006  1.277742125455746E-008
          53  3.022131003647127E-006  1.454608374249119E-008
          57  6.429608920468495E-006  3.102638922069999E-008
          69  2.271056687493056E-011  1.067819610360150E-013
          72  1.816121850380988E-007  8.716728319401411E-010
          93  1.370734247257470E-017  6.350865393219853E-020
          99  1.660934007844486E-010  7.879904425121114E-013
          13
          16  2.081321697915065E-009  9.642506052433615E-012
          20  1.815571504691988E-016  8.404080942359260E-019
          29  4.596552852245194E-011  2.126343357412591E-013
          36  1.562960854534452E-011  7.224170654923992E-014
          37  7.906633845327690E-017  3.659989920301481E-019
          62  6.246259754627980E-015  2.887955367625574E-017
          65  6.355753134896008E-020  2.945855408832818E-022
          66  5.343625381246354E-017  2.467681877496534E-019
          74  3.405753446857286E-013  1.572057394264302E-015
          82  9.698638395433774E-010  4.491108810285459E-012
          88  1.173377199677282E-009  5.429620118320904E-012
          90  1.095021421836136E-018  5.057361368306827E-021
          94  7.313520782435988E-016  3.384205599636126E-018
          15
          11  4.136190087135903E-006  1.996987458264840E-008
          13  6.111846897436253E-019  2.831740769732321E-021
          14  5.328618531631726E-008  2.548588747134916E-010
          21  5.139533124274288E-012  2.418434737365385E-014
          27  7.139638586714694E-006  3.467693023135895E-008
          34  7.821094619612225E-007  3.745230123227245E-009
          38  5.821154600886920E-020  2.693000910463612E-022
          40  6.896241921783111E-016  3.203395494293223E-018
          48  1.476541343596248E-016  6.868477928474363E-019
          49  2.974139253135307E-008  1.429928928015364E-010
          52  1.155612527474349E-020  5.329795456924628E-023
          53  3.646361848626748E-015  1.698861635260846E-017
          57  3.285804517376293E-007  1.576823473014541E-009
          75  2.658483361640063E-009  1.260186104811105E-011
          87  8.279585148279273E-007  3.968108749719921E-009
          17
           3  5.205623951684069E-008  2.488690680156215E-010
           9  2.552782559170352E-009  1.216484342484504E-011
          16  1.788063639727098E-015  8.305288520348892E-018
          20  4.166444480793206E-011  1.964784441658310E-013
          23  1.223380821928946E-010  5.759906801526202E-013
          30  5.069262014035189E-009  2.420507720259871E-011
          32  2.880684793837995E-005  1.397615663641183E-007
          37  3.949154013017520E-005  1.908997192359832E-007
          67  6.653042113293882E-013  3.109950525904313E-015
          68  3.467375153643927E-008  1.660077908790008E-010
          71  2.902974622116969E-018  1.340377676441093E-020
          74  1.626714811915062E-010  7.664001382927801E-013
          82  4.833241777067750E-015  2.246606996618789E-017
          88  3.591976353691986E-011  1.688980739244399E-013
          90  7.304362524510191E-020  3.367995641343669E-022
          91  7.623956689066877E-005  3.683479461292220E-007
          92  2.793264169775916E-007  1.337102209542497E-009
          13
          16  5.454592415491700E-009  2.537192408259619E-011
          20  1.134861522883327E-015  5.270494468232806E-018
          23  8.097372045303031E-029  3.749768642971532E-031
          29  4.472003072825639E-010  2.077305254405954E-012
          36  6.186398751533592E-012  2.869215551992049E-014
          37  7.826961624224791E-013  3.639847141463328E-015
          62  2.503843455710986E-012  1.161986068867477E-014
          66  5.747272209308269E-021  2.662514813362462E-023
          74  1.459163411282653E-012  6.760181747304575E-015
          82  7.941757405462987E-009  3.693633538811816E-011
          88  5.100982360480656E-009  2.370412838807507E-011
          90  1.838820474268613E-019  8.519530513795122E-022
          94  1.161332981583054E-014  5.391598042416298E-017
          11
          14  8.595916402286988E-013  3.973468508762366E-015
          21  3.682912027268834E-008  1.708039323291140E-010
          34  5.983183796409549E-009  2.766771144355960E-011
          38  1.802199976781477E-009  8.334906780894079E-012
          47  1.359911423016239E-011  6.267505328039291E-014
          57  4.044354486506343E-013  1.868110929058693E-015
          59  7.231012677725327E-027  3.331565009267921E-029
          75  1.215665946452523E-010  5.609402647426339E-013
          79  1.223245554014526E-016  5.637995266494875E-019
          81  8.729621082286370E-025  4.012468773886444E-027
          87  1.549055053836959E-019  7.128252997854387E-022
           5
          23  1.037891347483732E-011  4.787513734504277E-014
          29  2.516198300978265E-023  1.161581518791634E-025
          62  1.404732686445019E-013  6.485745703088295E-016
          82  2.537594431279468E-029  1.171823457219123E-031
          83  4.773542396213993E-015  2.201861967511360E-017
           5
          12  9.915343953833071E-015  4.580363785058336E-017
          22  6.123481914408822E-017  2.823858957858523E-019
          50  4.588149292050718E-016  2.115830290528088E-018
          73  7.954199302630564E-017  3.677483154277497E-019
          84  4.559355328939055E-014  2.104145018729076E-016
           1
          83  6.785660261220668E-020  3.127806245666310E-022
          11
           6  5.675178298784994E-009  2.625670607130417E-011
           7  2.993733551140386E-023  1.384149952931026E-025
          18  1.288391274105569E-010  5.974182824196693E-013
          26  2.158515427498770E-015  9.962500296815682E-018
          51  1.034511370166583E-017  4.782653728300864E-020
          58  7.441482108073810E-023  3.432031422144952E-025
          61  7.292212659593755E-019  3.375651223326284E-021
          63  9.962941433517791E-009  4.619866874433323E-011
          85  3.149822593520045E-013  1.458321265293266E-015
          96  6.058886025820062E-021  2.798906157425221E-023
          98  2.571395111343270E-009  1.193492231511966E-011
          17
          11  2.146846050307474E-010  1.017521240431034E-012
          13  2.625848558700257E-009  1.250276980288149E-011
          14  1.196718043680676E-005  5.760733300692763E-008
          21  5.642173961108640E-012  2.653058645337978E-014
          27  4.674148053356360E-008  2.247716123169752E-010
          28  9.708243392731744E-015  4.525450457985408E-017
          34  2.835678356661991E-008  1.348663332811945E-010
          38  2.037452099080187E-013  9.522324080911965E-016
          44  3.521895882643194E-018  1.633707257043049E-020
          48  3.653054605897086E-008  1.745376471652056E-010
          49  2.096255894376798E-013  9.841153082712576E-016
          52  7.440857706578092E-009  3.530768194472373E-011
          53  6.968754028894949E-008  3.329033294850653E-010
          57  3.022543514189441E-005  1.457614413003183E-007
          72  7.110695861755239E-014  3.327518475748511E-016
          75  6.933548597443137E-014  3.231841716146838E-016
          87  1.702091007504441E-011  8.000610584079215E-014
           5
          23  5.693870327018002E-014  2.629208064849483E-016
          29  1.596224556223023E-018  7.379830107989838E-021
          62  4.764606476278589E-013  2.203061965887530E-015
          82  9.991444482478013E-022  4.620781037490032E-024
          83  1.714553878594127E-024  7.920026407758227E-027
          14
           2  6.457363474472684E-011  3.072485148775610E-013
          18  6.373608206162637E-012  3.021421710548395E-014
          20  7.359431686438265E-023  3.400885917574113E-025
          26  4.119853472725440E-012  1.946926188885482E-014
          30  8.912563974218140E-006  4.377008266964865E-008
          32  2.019427791249098E-009  9.750723135775685E-012
          63  2.035189535213412E-020  9.406306738836796E-023
          67  7.430590979672335E-011  3.539361222198603E-013
          68  3.502584670961038E-007  1.706444730298537E-009
          71  9.080341506321121E-009  4.372582572144293E-011
          76  4.991213100637956E-007  2.430922859747858E-009
          85  1.007489631175346E-020  4.659008417174444E-023
          93  3.168091774709125E-008  1.538902640329540E-010
          98  4.732394600268964E-012  2.243043358744823E-014
          14
          11  5.270591564319338E-007  2.551138194012553E-009
          13  1.185190885006147E-011  5.620342222749989E-014
          14  2.886799699715060E-007  1.393436684153979E-009
          21  2.161436314400622E-014  1.013100753288620E-016
          27  1.856393035639450E-005  9.086934873655453E-008
          34  6.524070210796596E-008  3.131706072832536E-010
          38  8.067188619750558E-025  3.732916487058771E-027
          48  6.347749191368251E-012  3.004123717061079E-014
          49  7.299586573467776E-008  3.536087387859089E-010
          52  1.786607457625667E-013  8.369589430740273E-016
          53  1.372147538160333E-011  6.497863057778135E-014
          57  1.633335047603849E-006  7.905234184758976E-009
          75  7.304584226138250E-012  3.442983309165123E-014
          87  3.104218623522895E-008  1.488486633943953E-010
          13
          16  7.929929037044344E-010  3.665593745962509E-012
          20  6.840794946637305E-021  3.159884434355437E-023
          29  1.120025767284641E-010  5.171985308363936E-013
          36  4.492695713046431E-012  2.072278219864262E-014
          37  3.647445141413217E-017  1.685107844348208E-019
          62  1.967170018096935E-013  9.078832797311650E-016
          65  7.762842047342089E-026  3.591224054894085E-028
          66  7.179444564464716E-020  3.309126629508816E-022
          74  4.261926214297265E-015  1.962572324637118E-017
          82  1.164848923383423E-009  5.383510722890731E-012
          88  3.919547962356226E-010  1.809542589383217E-012
          90  7.563857774285420E-031  3.486656300069299E-033
          94  9.528325425960198E-015  4.400852898230702E-017
          13
           2  7.896808278766501E-012  3.730823543403180E-014
          18  4.277013665753469E-010  2.043255179201743E-012
          26  5.232253973381615E-010  2.495836636278033E-012
          30  1.183530455433916E-006  5.776766847071472E-009
          32  1.582582028128172E-011  7.539980094936519E-014
          63  5.644673168152093E-016  2.627890523096333E-018
          67  5.315252864606515E-013  2.500296140368510E-015
          68  2.037243456239193E-008  9.844219644538832E-011
          71  5.736374542896184E-010  2.740501818996008E-012
          76  3.878966361494824E-006  1.892298269549160E-008
          85  1.797752431524882E-019  8.316451744497319E-022
          93  1.389849410993325E-007  6.769322844869141E-010
          98  1.728129476011101E-010  8.241225368047218E-013
           7
           9  2.401749966738992E-017  1.113691336463093E-019
          17  5.326355973720798E-021  2.460227836631539E-023
          24  3.853539245081219E-010  1.779185411722153E-012
          46  1.368008392248559E-017  6.313154765879440E-020
          56  7.343393745097809E-013  3.384505865093903E-015
          83  7.210444923218284E-016  3.331296419409066E-018
          92  2.334693622326383E-028  1.076686673957254E-030
           2
          46  2.409987277804842E-018  1.110718313082243E-020
          56  1.417638729083391E-015  6.523043021280430E-018
           6
          11  2.570510173108926E-013  1.231659649237206E-015
          13  5.643358301216242E-017  2.651261857123678E-019
          27  4.678110749170632E-005  2.369021506247284E-007
          49  6.903934156225014E-005  3.493604864028979E-007
          54  1.253163916041553E-007  6.238494854491983E-010
          93  6.233824559472116E-010  3.064013077655139E-012
           3
          17  1.530052273273832E-012  7.067152248711147E-015
          24  1.065279051393347E-015  4.909616576649268E-018
          43  2.361395411101271E-015  1.090750710362325E-017
           2
          86  5.967408414207311E-023  2.744853564358471E-025
          97  7.290891291647096E-020  3.355820508276402E-022
           8
           6  4.803905386108812E-014  2.213502939453564E-016
           7  5.049470285313344E-012  2.331829317881941E-014
          18  1.925664451175584E-012  8.899787951346438E-015
          26  2.415884798746007E-014  1.113175871802475E-016
          58  3.579079582974568E-016  1.647607493084348E-018
          61  1.381462494272358E-011  6.388385210938029E-014
          63  3.311068674696743E-013  1.528588801050779E-015
          98  1.795314162967269E-013  8.296451950117569E-016
           6
          19  2.960872323289122E-015  1.360120957693635E-017
          40  1.681454810791101E-014  7.744495235270862E-017
          45  1.753350670795869E-009  8.080456811564447E-012
          80  1.941034484557835E-010  8.954257942638670E-013
          89  2.285349455402307E-012  1.051576506609842E-014
          97  2.220473731920566E-015  1.022201529519861E-017
           9
          13  4.405935069507082E-014  2.102029097707492E-016
          27  3.848237297656166E-008  1.916609570312665E-010
          30  1.857382219908208E-016  8.744497342423096E-019
          32  1.099903769526013E-013  5.270837896915635E-016
          49  4.621373112705951E-008  2.303150024316697E-010
          54  1.185733123823071E-012  5.704553828227830E-015
          76  1.436047584864546E-020  6.657615762902259E-023
          93  5.982060002178695E-006  3.020846904579168E-008
          99  1.675030744318969E-014  7.961492510604970E-017
           9
          11  2.931431550236603E-006  1.419329021543508E-008
          19  1.555133139380943E-011  7.314497851485375E-014
          27  2.438251164806207E-006  1.186908022180104E-008
          40  4.815013583584650E-011  2.274270367597421E-013
          45  3.773466343231350E-011  1.779713605346515E-013
          49  3.806798054818859E-005  1.860670384965032E-007
          54  1.082718491430877E-005  5.261151137610073E-008
          80  5.741085770465340E-007  2.759106345293736E-009
          87  1.139447479578552E-008  5.443285995952582E-011
           5
           5  1.420398256506541E-021  6.544001557801339E-024
           8  1.959130109421606E-017  9.052758073254371E-020
          28  2.859301052065108E-020  1.322034549226364E-022
          44  5.849777477588526E-018  2.705897348244646E-020
         100  1.630293079912846E-019  7.526832487796525E-022
           1
          43  6.561241679411226E-026  3.022590899514307E-028
          10
           7  1.276553038750678E-007  5.941943831309688E-010
          18  9.582907818610822E-011  4.450867706318927E-013
          22  8.601797757861281E-014  3.973794848214138E-016
          26  6.052356005827180E-009  2.810839337598547E-011
          50  1.264553387591776E-011  5.853173631723007E-014
          61  1.144759989247353E-007  5.335417444204817E-010
          63  3.819168907957868E-021  1.766062960623000E-023
          73  1.485559482277124E-013  6.881308685717648E-016
          76  2.355600908894064E-013  1.092701435656115E-015
          98  3.127947435596002E-015  1.448356110126154E-017
          10
           7  3.010878566420454E-016  1.398484960871753E-018
          13  1.136674591961993E-011  5.387464662142212E-014
          18  1.908355828471322E-012  8.992458843828216E-015
          26  2.486313351953747E-008  1.192499647908114E-010
          50  3.204309743631316E-010  1.522575596763762E-012
          61  1.006864272565425E-015  4.688554800001811E-018
          76  1.434161124253914E-005  6.991506563233312E-008
          93  1.827184145952641E-004  8.989663610897235E-007
          98  1.001372582934185E-022  4.618423064188988E-025
          99  4.523645509318511E-006  2.201459268250950E-008
          11
           3  6.491440093488688E-007  3.207791813856501E-009
           9  2.159055709150566E-009  1.053471271254992E-011
          27  2.288764397606501E-016  1.075235489865500E-018
          30  6.031522226285090E-010  2.939035776941942E-012
          32  7.170434304081028E-006  3.576800913809170E-008
          37  1.613086489087195E-011  7.755927703782305E-014
          49  4.496241691407273E-010  2.191782907585171E-012
          54  2.353563975891704E-007  1.162755834629554E-009
          68  3.310060774880699E-011  1.595685818412131E-013
          91  2.027683088420995E-007  9.985835670329473E-010
          92  6.521394123959545E-009  3.180793403133962E-011
           9
           2  3.390970783868187E-011  1.565362928542988E-013
          20  2.679613735531373E-024  1.238310132993327E-026
          39  3.954124085426868E-014  1.821109763434190E-016
          51  4.353585695796132E-022  2.009312240637898E-024
          67  1.072143018432376E-016  4.943314875552931E-019
          71  7.303055506060858E-015  3.369860599960926E-017
          85  4.227566293597268E-017  1.952884211775240E-019
          90  7.211555034049560E-015  3.326723472052886E-017
          96  9.556919153866142E-013  4.409291899086535E-015
          12
          13  7.769941559749707E-005  3.841642742038920E-007
          14  7.291994378736111E-009  3.529921732080449E-011
          27  1.131938927227439E-008  5.524973812630096E-011
          48  2.255356789212079E-007  1.100618032573005E-009
          49  1.621196522190893E-013  7.690126919693159E-016
          52  7.674941528808300E-008  3.721235931113780E-010
          53  3.457698689218499E-008  1.678455269418638E-010
          57  5.204056428310646E-008  2.529086760163028E-010
          69  1.677993896909263E-013  7.909238113757845E-016
          72  4.695603271969818E-008  2.284472139539184E-010
          93  8.146067897538146E-009  3.966835590015418E-011
          99  1.370774234929768E-007  6.690160534362057E-010
          18
          11  7.921818284227911E-010  3.736774264947766E-012
          13  4.557745105141434E-014  2.121058519699023E-016
          14  6.183008078659484E-006  2.947814150048172E-008
          21  2.971873937888870E-009  1.400074335483158E-011
          27  1.412210739195047E-009  6.692364401829816E-012
          28  1.112416542482496E-014  5.164375932696154E-017
          34  6.502686084970443E-007  3.080634969100042E-009
          38  1.066150668395590E-010  4.993078712931634E-013
          44  2.568829628967214E-021  1.187319584714330E-023
          47  6.803542323551275E-018  3.138118907911343E-020
          48  3.922396321547845E-010  1.846378889092968E-012
          49  1.237398849035585E-017  5.728247206038206E-020
          52  4.399490386070041E-011  2.056238655106403E-013
          53  2.406841693302563E-009  1.134126982255291E-011
          57  1.303730990782215E-005  6.215151202229605E-008
          72  1.025874573371323E-030  4.741077196420170E-033
          75  2.340186496833402E-010  1.095994734726915E-012
          87  6.822593692367362E-010  3.202608401638424E-012
          16
          16  7.149970306073352E-010  3.315271375431778E-012
          20  5.970176211369066E-012  2.769780413067196E-014
          29  1.281064163239922E-016  5.928404534117395E-019
          31  1.747007095504220E-018  8.065082617164507E-021
          36  7.235986257211505E-012  3.347859428919044E-014
          37  3.304068626915347E-029  1.530461180896715E-031
          60  9.844903530120534E-016  4.550373541775662E-018
          64  9.584253665648403E-017  4.434051615086566E-019
          65  4.775511543508811E-015  2.215796869700548E-017
          66  8.377279640100204E-014  3.873170653261264E-016
          67  7.753926603048928E-019  3.583237468761723E-021
          74  8.030817703852530E-011  3.715002482841578E-013
          77  3.336963435665046E-015  1.545541640221629E-017
          82  1.304023717576071E-012  6.039449478813785E-015
          88  4.750541277912597E-010  2.200027255901542E-012
          90  1.427049517930427E-011  6.605695292095751E-014
           8
          11  7.850335195208994E-024  3.632649645994925E-026
          13  2.810153557496032E-012  1.357446492889499E-014
          27  4.387403964816998E-006  2.217729285241912E-008
          32  1.274026940176417E-023  5.898107126005967E-026
          49  3.063419791679783E-006  1.542994422286252E-008
          54  2.427259455873984E-010  1.187962573637354E-012
          93  3.658327989260203E-007  1.834505630784862E-009
          99  5.195565431060537E-016  2.452649329700621E-018
          14
          13  3.116416847570211E-005  1.491489794689978E-007
          14  5.563628647554553E-012  2.599905297277761E-014
          25  1.955521729563653E-020  9.002807452073610E-023
          28  3.259512496658572E-019  1.505206841449248E-021
          44  5.310814512935614E-013  2.473442150309531E-015
          48  2.560856022984952E-006  1.218964785511762E-008
          52  2.751586105665664E-006  1.305296776394162E-008
          53  3.519360055810724E-007  1.668829736106271E-009
          57  1.071563787691423E-011  5.008881527784669E-014
          69  1.590055769182585E-006  7.524049826353783E-009
          72  2.832486710816016E-005  1.351792478005481E-007
          93  4.905370646899231E-017  2.269592442563210E-019
          99  7.335038104257358E-007  3.489661038721656E-009
         100  3.116178101333292E-027  1.436250669965149E-029
           8
           6  2.824610149724566E-011  1.304842807424459E-013
           7  1.549515290570658E-019  7.166701054798125E-022
          18  1.944352304700685E-013  9.002640010612647E-016
          26  2.744057909132691E-020  1.266346792666749E-022
          58  1.474387903319563E-016  6.802323670845992E-019
          61  2.182574974435383E-017  1.010713015253437E-019
          63  2.121317181872935E-011  9.818525770404758E-014
          98  1.608503488125441E-012  7.451148528872722E-015
           4
           9  5.088919666947891E-021  2.360935205033553E-023
          17  4.243460189047553E-012  1.963147471442296E-014
          24  6.711877815528918E-009  3.103964063326335E-011
          56  2.515852847449417E-019  1.160130673308358E-021
          17
           2  6.534499203997930E-007  3.129379400496170E-009
          18  6.139285016837883E-019  2.838190143847500E-021
          20  1.472657876726907E-009  6.995616561880217E-012
          30  5.163922540724687E-005  2.506679891987809E-007
          32  1.656556675266131E-008  7.941613302596228E-011
          37  1.916154789398501E-026  8.849717080636146E-029
          63  2.161650139126640E-024  9.972538056219177E-027
          67  1.352709933048812E-006  6.492263750884520E-009
          68  1.610269475402552E-005  7.788190174165445E-008
          71  1.116495836745101E-005  5.376461174382076E-008
          74  7.187484089273582E-012  3.369723960042437E-014
          76  2.167970829105954E-012  1.019208593649953E-014
          85  1.944051896039596E-012  9.119369423785167E-015
          90  4.581932289578268E-011  2.157469626581180E-013
          93  4.377032267156790E-027  2.018211007284892E-029
          96  9.173425719539494E-014  4.276992166833389E-016
          98  1.211303588437851E-014  5.644612321911575E-017
           0
           0
           3
          29  1.351798991455575E-021  6.253381263099462E-024
          36  6.537326720104366E-031  3.022040432059878E-033
          94  1.637499988008432E-023  7.582071101338123E-026
           7
          10  5.665640611804435E-017  2.615034241481898E-019
          12  5.646463206001264E-013  2.612772685913910E-015
          22  1.089196247326874E-016  5.028825081740045E-019
          50  6.689106938821335E-010  3.096566467650073E-012
          73  1.988388440976775E-016  9.203907658962887E-019
          84  1.169403968600246E-012  5.406288688817935E-015
          99  1.979514680381255E-027  9.148806791488802E-030
           4
          10  9.692045886703071E-015  4.463412845495572E-017
          12  6.097566282600434E-016  2.813747341624331E-018
          25  2.992343443323642E-021  1.377770589451245E-023
          84  1.210005035182290E-016  5.578191331179992E-019
           6
           5  1.394710905633376E-013  6.410959677327844E-016
           8  9.327991336278560E-016  4.300445058968147E-018
          44  4.044005861180214E-016  1.866394703631529E-018
          69  5.002324331462108E-017  2.299765566434522E-019
          95  2.162361862075198E-026  9.987453890158382E-029
         100  1.667997948265527E-012  7.683644369592118E-015
           6
           5  5.286262932704606E-014  2.439524939489943E-016
           8  3.915403377079898E-014  1.812224645486496E-016
          28  9.610059377460176E-017  4.450723911985275E-019
          44  1.674248043892436E-013  7.758343900990646E-016
          69  2.714145720200987E-025  1.252661280886548E-027
         100  7.454029769859965E-013  3.447232736258014E-015
          14
          16  4.813182876688389E-011  2.224813712900028E-013
          20  6.279171124043153E-016  2.903263631143118E-018
          29  1.602522611133682E-017  7.399513864964789E-020
          31  6.028691713436680E-022  2.776950026309148E-024
          36  3.237421833689494E-012  1.494021039694454E-014
          60  1.383837226663890E-016  6.381821594760547E-019
          64  8.054789177907858E-018  3.718168746662490E-020
          65  3.515081137492238E-015  1.627300623973398E-017
          66  4.834718390170113E-014  2.230063312728515E-016
          74  1.169327289163107E-013  5.389826948584112E-016
          77  8.494634226566752E-016  3.925500460019893E-018
          82  6.832651207730835E-014  3.156334589346465E-016
          88  1.259996732450491E-011  5.816224002635505E-014
          90  6.409721265747006E-015  2.957435023281353E-017
           5
          21  5.644725387513695E-018  2.613104000318150E-020
          38  1.685234922421709E-014  7.789890669273086E-017
          47  3.760710062450995E-014  1.735075806655558E-016
          55  1.497412643712745E-022  6.906475667999290E-025
          79  2.584281772676553E-016  1.194044534325304E-018
          11
           2  1.051860487548186E-028  4.842232303191355E-031
          20  1.044249750958670E-029  4.820181191061754E-032
          30  1.736217704829981E-005  8.661939595009456E-008
          32  3.190916772528057E-006  1.588995216066713E-008
          37  1.041354772349055E-022  4.812124893057474E-025
          67  4.982324676521978E-013  2.368225956880715E-015
          68  8.117754249616325E-007  4.020705729954407E-009
          71  1.610503477116762E-011  7.729141923250182E-014
          76  7.188923731031170E-011  3.473638417494569E-013
          91  1.086204643003314E-022  5.006989798763502E-025
          93  1.584839427019593E-007  7.840078696255919E-010
           9
          17  3.198529073454627E-015  1.478100396691935E-017
          19  1.829123183102025E-007  8.511402818869979E-010
          40  8.928506844197815E-018  4.123596142153794E-020
          42  8.815769132021914E-018  4.080801969247394E-020
          43  1.614545202058627E-012  7.474754715539240E-015
          45  3.365401131662358E-007  1.567621630850194E-009
          54  1.153705065453808E-020  5.324804421644274E-023
          80  5.207537079566114E-008  2.426374250935516E-010
          89  6.219221352639733E-022  2.868869570406997E-024
          11
          11  1.880303731060912E-005  9.021690603981801E-008
          19  4.198309312464149E-014  1.944250140286147E-016
          27  1.461486971633778E-007  6.997885963916125E-010
          34  6.232225883730836E-015  2.886082359866914E-017
          40  1.041828849936417E-007  4.935341048737906E-010
          45  2.621974567225090E-010  1.229423827773051E-012
          49  6.088998102071884E-007  2.919319630885722E-009
          54  5.474385475508099E-009  2.596167753324098E-011
          75  7.325348195139309E-014  3.398667486833209E-016
          80  2.618872926277823E-006  1.246984564977808E-008
          87  1.320703695447906E-006  6.286211304077781E-009
           4
          17  2.449880928316479E-009  1.131846143921930E-011
          19  6.030052202185228E-013  2.774828769620167E-015
          24  4.475983321511463E-009  2.064470184303217E-011
          43  1.040280011703409E-012  4.798461874121259E-015
          12
           1  1.027624797604154E-023  4.745393323247912E-026
          11  7.576551244182104E-011  3.531658979159402E-013
          14  1.347203084363724E-009  6.287192919031855E-012
          21  1.290294695122450E-007  6.036977307130895E-010
          27  8.915566895727072E-021  4.123681299637511E-023
          34  2.300070250828984E-006  1.076734690293772E-008
          38  4.054719029416605E-010  1.885428273592484E-012
          40  1.943480398530430E-021  8.965298729779875E-024
          47  1.401718077460918E-014  6.468003159249598E-017
          57  2.525689050476658E-009  1.178639817024331E-011
          75  1.263866886196709E-007  5.897431772370144E-010
          87  4.374772074764848E-009  2.037691822991750E-011
           5
           5  7.019852550938208E-016  3.239776850208869E-018
           8  1.713135578064633E-014  7.929748147665554E-017
          28  1.400264400361779E-014  6.485931770621967E-017
          44  4.040058688529396E-013  1.872324182559782E-015
         100  2.294556144176697E-014  1.061206151178647E-016
           0
