         100
  0.199211105737149     
  0.199891976490698     
  0.200322628834229     
  0.200165539716524     
  0.198895626591974     
  0.200047598230318     
  0.199381071461283     
  0.200641141359542     
  0.199604968102648     
  0.199693366526349     
  0.199677809425593     
  0.199726514726847     
  0.199137178870876     
  0.199300312836172     
  0.199920061027262     
  0.198646332842045     
  0.200134627788806     
  0.200101174167238     
  0.199625734294951     
  0.199488292841988     
  0.199497006809866     
  0.201118512915747     
  0.199337633236737     
  0.200632487142871     
  0.199893302316364     
  0.199599396691470     
  0.199747290184636     
  0.198955714945188     
  0.199031605365448     
  0.198926034249893     
  0.199915624564070     
  0.199308332779760     
  0.199815345911381     
  0.198632835181818     
  0.199559031595875     
  0.199266883704459     
  0.200295678053467     
  0.199972070129807     
  0.200122559786858     
  0.199574817235385     
  0.199218462555964     
  0.198547874940307     
  0.200547318387288     
  0.198551876010218     
  0.199560275092138     
  0.199856859846900     
  0.199998465579655     
  0.199911757854299     
  0.198929330311118     
  0.201695473600684     
  0.199577414757398     
  0.200056865786297     
  0.200173067232971     
  0.199386448155443     
  0.199348934315945     
  0.200193843070445     
  0.199502100696645     
  0.199839891642615     
  0.199715664020782     
  0.199960736888706     
  0.199560451352880     
  0.199798842382854     
  0.200159153483138     
  0.200152294480456     
  0.199001993387728     
  0.199686701026126     
  0.200249563214959     
  0.199449755491791     
  0.200587564845851     
  0.199005195535902     
  0.201432466131264     
  0.198313079525541     
  0.200357044035157     
  0.199900353622079     
  0.200423824098365     
  0.199668882126022     
  0.198869765618599     
  0.199580060196525     
  0.200290013167465     
  0.199221133078010     
  0.199131086708480     
  0.199761994299300     
  0.198891091401600     
  0.199812964048359     
  0.199777897144567     
  0.198951127250413     
  0.198897742924145     
  0.199798338585679     
  0.199261091752566     
  0.198720605978228     
  0.198736998164302     
  0.200957481354613     
  0.198833469080874     
  0.199273192922593     
  0.200899283283002     
  0.199369969631568     
  0.200891781158933     
  0.198931800689816     
  0.200344176134716     
  0.200592823802328     
