# d (nm)	h (nm)	F (kT)
# Total number of tethers: 8
-40	0.5	23.9659
-40	1.52632	15.0378
-40	2.55263	10.9237
-40	3.57895	8.22013
-40	4.60526	6.20308
-40	5.63158	4.59356
-40	6.65789	3.25425
-40	7.68421	2.10734
-40	8.71053	1.10442
-40	9.73684	0.213346
-40	10.7632	0
-40	11.7895	0
-40	12.8158	0
-40	13.8421	0
-40	14.8684	0
-40	15.8947	0
-40	16.9211	0
-40	17.9474	0
-40	18.9737	0
-40	20	0

-37.9487	0.5	23.9659
-37.9487	1.52632	15.0378
-37.9487	2.55263	10.9237
-37.9487	3.57895	8.22013
-37.9487	4.60526	6.20308
-37.9487	5.63158	4.59356
-37.9487	6.65789	3.25425
-37.9487	7.68421	2.10734
-37.9487	8.71053	1.10442
-37.9487	9.73684	0.213346
-37.9487	10.7632	0
-37.9487	11.7895	0
-37.9487	12.8158	0
-37.9487	13.8421	0
-37.9487	14.8684	0
-37.9487	15.8947	0
-37.9487	16.9211	0
-37.9487	17.9474	0
-37.9487	18.9737	0
-37.9487	20	0

-35.8974	0.5	23.9659
-35.8974	1.52632	15.0378
-35.8974	2.55263	10.9237
-35.8974	3.57895	8.22013
-35.8974	4.60526	6.20308
-35.8974	5.63158	4.59356
-35.8974	6.65789	3.25425
-35.8974	7.68421	2.10734
-35.8974	8.71053	1.10442
-35.8974	9.73684	0.213346
-35.8974	10.7632	0
-35.8974	11.7895	0
-35.8974	12.8158	0
-35.8974	13.8421	0
-35.8974	14.8684	0
-35.8974	15.8947	0
-35.8974	16.9211	0
-35.8974	17.9474	0
-35.8974	18.9737	0
-35.8974	20	0

-33.8462	0.5	23.9659
-33.8462	1.52632	15.0378
-33.8462	2.55263	10.9237
-33.8462	3.57895	8.22013
-33.8462	4.60526	6.20308
-33.8462	5.63158	4.59356
-33.8462	6.65789	3.25425
-33.8462	7.68421	2.10734
-33.8462	8.71053	1.10442
-33.8462	9.73684	0.213346
-33.8462	10.7632	0
-33.8462	11.7895	0
-33.8462	12.8158	0
-33.8462	13.8421	0
-33.8462	14.8684	0
-33.8462	15.8947	0
-33.8462	16.9211	0
-33.8462	17.9474	0
-33.8462	18.9737	0
-33.8462	20	0

-31.7949	0.5	23.9659
-31.7949	1.52632	15.0378
-31.7949	2.55263	10.9237
-31.7949	3.57895	8.22013
-31.7949	4.60526	6.20308
-31.7949	5.63158	4.59356
-31.7949	6.65789	3.25425
-31.7949	7.68421	2.10734
-31.7949	8.71053	1.10442
-31.7949	9.73684	0.213346
-31.7949	10.7632	0
-31.7949	11.7895	0
-31.7949	12.8158	0
-31.7949	13.8421	0
-31.7949	14.8684	0
-31.7949	15.8947	0
-31.7949	16.9211	0
-31.7949	17.9474	0
-31.7949	18.9737	0
-31.7949	20	0

-29.7436	0.5	23.9659
-29.7436	1.52632	15.0378
-29.7436	2.55263	10.9237
-29.7436	3.57895	8.22013
-29.7436	4.60526	6.20308
-29.7436	5.63158	4.59356
-29.7436	6.65789	3.25425
-29.7436	7.68421	2.10734
-29.7436	8.71053	1.10442
-29.7436	9.73684	0.213346
-29.7436	10.7632	0
-29.7436	11.7895	0
-29.7436	12.8158	0
-29.7436	13.8421	0
-29.7436	14.8684	0
-29.7436	15.8947	0
-29.7436	16.9211	0
-29.7436	17.9474	0
-29.7436	18.9737	0
-29.7436	20	0

-27.6923	0.5	23.9659
-27.6923	1.52632	15.0378
-27.6923	2.55263	10.9237
-27.6923	3.57895	8.22013
-27.6923	4.60526	6.20308
-27.6923	5.63158	4.59356
-27.6923	6.65789	3.25425
-27.6923	7.68421	2.10734
-27.6923	8.71053	1.10442
-27.6923	9.73684	0.213346
-27.6923	10.7632	0
-27.6923	11.7895	0
-27.6923	12.8158	0
-27.6923	13.8421	0
-27.6923	14.8684	0
-27.6923	15.8947	0
-27.6923	16.9211	0
-27.6923	17.9474	0
-27.6923	18.9737	0
-27.6923	20	0

-25.641	0.5	14.9017
-25.641	1.52632	7.98557
-25.641	2.55263	4.41717
-25.641	3.57895	2.56033
-25.641	4.60526	2.43871
-25.641	5.63158	2.87543
-25.641	6.65789	1.64101
-25.641	7.68421	0.696794
-25.641	8.71053	1.10442
-25.641	9.73684	0.213346
-25.641	10.7632	0
-25.641	11.7895	0
-25.641	12.8158	0
-25.641	13.8421	0
-25.641	14.8684	0
-25.641	15.8947	0
-25.641	16.9211	0
-25.641	17.9474	0
-25.641	18.9737	0
-25.641	20	0

-23.5897	0.5	11.3163
-23.5897	1.52632	5.3234
-23.5897	2.55263	2.36589
-23.5897	3.57895	0.164974
-23.5897	4.60526	-1.59988
-23.5897	5.63158	-2.5125
-23.5897	6.65789	-1.94255
-23.5897	7.68421	-2.29823
-23.5897	8.71053	-2.64275
-23.5897	9.73684	-2.05595
-23.5897	10.7632	-1.10282
-23.5897	11.7895	-1.08599
-23.5897	12.8158	0
-23.5897	13.8421	0
-23.5897	14.8684	0
-23.5897	15.8947	0
-23.5897	16.9211	0
-23.5897	17.9474	0
-23.5897	18.9737	0
-23.5897	20	0

-21.5385	0.5	12.0895
-21.5385	1.52632	6.09594
-21.5385	2.55263	3.21329
-21.5385	3.57895	1.23496
-21.5385	4.60526	-0.322708
-21.5385	5.63158	-1.66648
-21.5385	6.65789	-2.96954
-21.5385	7.68421	-4.23809
-21.5385	8.71053	-4.98974
-21.5385	9.73684	-5.40098
-21.5385	10.7632	-4.02034
-21.5385	11.7895	-3.32899
-21.5385	12.8158	-2.20061
-21.5385	13.8421	-1.09265
-21.5385	14.8684	0
-21.5385	15.8947	0
-21.5385	16.9211	0
-21.5385	17.9474	0
-21.5385	18.9737	0
-21.5385	20	0

-19.4872	0.5	10.1763
-19.4872	1.52632	4.43211
-19.4872	2.55263	1.67185
-19.4872	3.57895	-0.250036
-19.4872	4.60526	-1.85134
-19.4872	5.63158	-3.18226
-19.4872	6.65789	-4.0765
-19.4872	7.68421	-3.55232
-19.4872	8.71053	-4.83844
-19.4872	9.73684	-5.57616
-19.4872	10.7632	-5.62202
-19.4872	11.7895	-5.54477
-19.4872	12.8158	-5.46681
-19.4872	13.8421	-3.33687
-19.4872	14.8684	-2.19913
-19.4872	15.8947	-1.08729
-19.4872	16.9211	0
-19.4872	17.9474	0
-19.4872	18.9737	0
-19.4872	20	0

-17.4359	0.5	10.3535
-17.4359	1.52632	4.61967
-17.4359	2.55263	1.89034
-17.4359	3.57895	0.0320434
-17.4359	4.60526	-1.41517
-17.4359	5.63158	-2.63767
-17.4359	6.65789	-3.74938
-17.4359	7.68421	-4.91285
-17.4359	8.71053	-5.71253
-17.4359	9.73684	-6.71558
-17.4359	10.7632	-6.85219
-17.4359	11.7895	-5.72186
-17.4359	12.8158	-5.62954
-17.4359	13.8421	-5.53828
-17.4359	14.8684	-5.13925
-17.4359	15.8947	-3.31063
-17.4359	16.9211	-1.09551
-17.4359	17.9474	0
-17.4359	18.9737	0
-17.4359	20	0

-15.3846	0.5	10.2074
-15.3846	1.52632	4.48369
-15.3846	2.55263	1.76806
-15.3846	3.57895	-0.0717693
-15.3846	4.60526	-1.49348
-15.3846	5.63158	-2.6782
-15.3846	6.65789	-3.72285
-15.3846	7.68421	-4.69907
-15.3846	8.71053	-5.72486
-15.3846	9.73684	-6.75873
-15.3846	10.7632	-7.07182
-15.3846	11.7895	-6.95561
-15.3846	12.8158	-6.84097
-15.3846	13.8421	-5.68275
-15.3846	14.8684	-5.57979
-15.3846	15.8947	-5.48009
-15.3846	16.9211	-3.32259
-15.3846	17.9474	-1.09619
-15.3846	18.9737	0
-15.3846	20	0

-13.3333	0.5	9.86196
-13.3333	1.52632	4.15262
-13.3333	2.55263	1.45109
-13.3333	3.57895	-0.374157
-13.3333	4.60526	-1.78031
-13.3333	5.63158	-2.94787
-13.3333	6.65789	-3.97245
-13.3333	7.68421	-4.92173
-13.3333	8.71053	-5.87911
-13.3333	9.73684	-7.08602
-13.3333	10.7632	-7.28732
-13.3333	11.7895	-7.14946
-13.3333	12.8158	-7.01569
-13.3333	13.8421	-6.88632
-13.3333	14.8684	-6.76152
-13.3333	15.8947	-5.58743
-13.3333	16.9211	-5.4807
-13.3333	17.9474	-3.31352
-13.3333	18.9737	-1.08925
-13.3333	20	0

-11.2821	0.5	7.24566
-11.2821	1.52632	2.14358
-11.2821	2.55263	-0.400866
-11.2821	3.57895	-2.32971
-11.2821	4.60526	-3.45181
-11.2821	5.63158	-3.43346
-11.2821	6.65789	-4.46108
-11.2821	7.68421	-5.45419
-11.2821	8.71053	-6.4332
-11.2821	9.73684	-7.3458
-11.2821	10.7632	-7.48641
-11.2821	11.7895	-7.3257
-11.2821	12.8158	-7.1723
-11.2821	13.8421	-7.02606
-11.2821	14.8684	-6.88668
-11.2821	15.8947	-6.75385
-11.2821	16.9211	-6.0396
-11.2821	17.9474	-4.88833
-11.2821	18.9737	-2.83642
-11.2821	20	0

-9.23077	0.5	5.83772
-9.23077	1.52632	0.884831
-9.23077	2.55263	-1.56458
-9.23077	3.57895	-3.44203
-9.23077	4.60526	-4.5949
-9.23077	5.63158	-4.9979
-9.23077	6.65789	-6.0462
-9.23077	7.68421	-6.88071
-9.23077	8.71053	-7.64429
-9.23077	9.73684	-8.16817
-9.23077	10.7632	-7.65251
-9.23077	11.7895	-7.47054
-9.23077	12.8158	-7.29939
-9.23077	13.8421	-7.1382
-9.23077	14.8684	-6.98617
-9.23077	15.8947	-6.84256
-9.23077	16.9211	-6.70667
-9.23077	17.9474	-6.32276
-9.23077	18.9737	-4.45869
-9.23077	20	0

-7.17949	0.5	3.93317
-7.17949	1.52632	-0.941827
-7.17949	2.55263	-3.38605
-7.17949	3.57895	-4.92646
-7.17949	4.60526	-6.07936
-7.17949	5.63158	-6.86345
-7.17949	6.65789	-7.56329
-7.17949	7.68421	-8.20068
-7.17949	8.71053	-8.40716
-7.17949	9.73684	-8.48619
-7.17949	10.7632	-8.34837
-7.17949	11.7895	-8.14576
-7.17949	12.8158	-7.95613
-7.17949	13.8421	-7.21343
-7.17949	14.8684	-7.05243
-7.17949	15.8947	-6.90126
-7.17949	16.9211	-6.75896
-7.17949	17.9474	-6.6247
-7.17949	18.9737	-4.85609
-7.17949	20	0

-5.12821	0.5	3.55712
-5.12821	1.52632	-1.26697
-5.12821	2.55263	-3.72375
-5.12821	3.57895	-5.36271
-5.12821	4.60526	-5.9237
-5.12821	5.63158	-6.86437
-5.12821	6.65789	-7.69704
-5.12821	7.68421	-8.32867
-5.12821	8.71053	-8.9552
-5.12821	9.73684	-9.22506
-5.12821	10.7632	-9.07644
-5.12821	11.7895	-8.59961
-5.12821	12.8158	-8.02662
-5.12821	13.8421	-7.84105
-5.12821	14.8684	-7.66711
-5.12821	15.8947	-6.92541
-5.12821	16.9211	-6.78039
-5.12821	17.9474	-6.64383
-5.12821	18.9737	-6.04389
-5.12821	20	0

-3.07692	0.5	4.51616
-3.07692	1.52632	-0.307625
-3.07692	2.55263	-2.63338
-3.07692	3.57895	-4.23938
-3.07692	4.60526	-5.53232
-3.07692	5.63158	-6.7152
-3.07692	6.65789	-7.77001
-3.07692	7.68421	-8.46763
-3.07692	8.71053	-9.0648
-3.07692	9.73684	-9.20254
-3.07692	10.7632	-9.12111
-3.07692	11.7895	-8.90596
-3.07692	12.8158	-8.70443
-3.07692	13.8421	-8.51516
-3.07692	14.8684	-7.68407
-3.07692	15.8947	-7.51925
-3.07692	16.9211	-6.76939
-3.07692	17.9474	-6.38762
-3.07692	18.9737	-6.03674
-3.07692	20	0

-1.02564	0.5	3.92173
-1.02564	1.52632	-0.964442
-1.02564	2.55263	-3.12528
-1.02564	3.57895	-4.29802
-1.02564	4.60526	-5.27649
-1.02564	5.63158	-6.15619
-1.02564	6.65789	-7.02385
-1.02564	7.68421	-7.90328
-1.02564	8.71053	-8.66594
-1.02564	9.73684	-9.33392
-1.02564	10.7632	-9.28984
-1.02564	11.7895	-9.0833
-1.02564	12.8158	-8.69596
-1.02564	13.8421	-8.50957
-1.02564	14.8684	-8.33348
-1.02564	15.8947	-7.49979
-1.02564	16.9211	-7.34683
-1.02564	17.9474	-6.12728
-1.02564	18.9737	-4.66516
-1.02564	20	0

1.02564	0.5	5.58226
1.02564	1.52632	0.721751
1.02564	2.55263	-1.62293
1.02564	3.57895	-3.23231
1.02564	4.60526	-4.50064
1.02564	5.63158	-5.62015
1.02564	6.65789	-6.53994
1.02564	7.68421	-7.38373
1.02564	8.71053	-8.17984
1.02564	9.73684	-9.11644
1.02564	10.7632	-9.21798
1.02564	11.7895	-9.02297
1.02564	12.8158	-8.8373
1.02564	13.8421	-8.66058
1.02564	14.8684	-8.2943
1.02564	15.8947	-8.13251
1.02564	16.9211	-7.58561
1.02564	17.9474	-6.59259
1.02564	18.9737	-3.59862
1.02564	20	0

3.07692	0.5	6.12672
3.07692	1.52632	1.24583
3.07692	2.55263	-1.11161
3.07692	3.57895	-2.72732
3.07692	4.60526	-3.99004
3.07692	5.63158	-5.05733
3.07692	6.65789	-6.01929
3.07692	7.68421	-6.96444
3.07692	8.71053	-7.97162
3.07692	9.73684	-8.93255
3.07692	10.7632	-9.10691
3.07692	11.7895	-8.92563
3.07692	12.8158	-8.75156
3.07692	13.8421	-8.58468
3.07692	14.8684	-8.42485
3.07692	15.8947	-7.85733
3.07692	16.9211	-7.29096
3.07692	17.9474	-5.01831
3.07692	18.9737	-2.83966
3.07692	20	0

5.12821	0.5	6.321
5.12821	1.52632	1.4276
5.12821	2.55263	-0.939798
5.12821	3.57895	-2.56541
5.12821	4.60526	-3.83923
5.12821	5.63158	-4.92081
5.12821	6.65789	-5.90786
5.12821	7.68421	-6.87562
5.12821	8.71053	-7.74157
5.12821	9.73684	-8.83295
5.12821	10.7632	-8.96756
5.12821	11.7895	-8.80016
5.12821	12.8158	-8.63838
5.12821	13.8421	-8.48237
5.12821	14.8684	-7.92043
5.12821	15.8947	-7.05287
5.12821	16.9211	-5.69207
5.12821	17.9474	-4.33769
5.12821	18.9737	-2.19587
5.12821	20	0

7.17949	0.5	6.127
7.17949	1.52632	1.23
7.17949	2.55263	-1.14627
7.17949	3.57895	-2.79326
7.17949	4.60526	-4.12799
7.17949	5.63158	-5.24019
7.17949	6.65789	-6.06724
7.17949	7.68421	-6.93342
7.17949	8.71053	-7.83977
7.17949	9.73684	-8.74386
7.17949	10.7632	-8.80702
7.17949	11.7895	-8.43642
7.17949	12.8158	-8.0946
7.17949	13.8421	-7.23509
7.17949	14.8684	-5.86915
7.17949	15.8947	-5.75214
7.17949	16.9211	-4.45524
7.17949	17.9474	-3.997
7.17949	18.9737	-1.7473
7.17949	20	0

9.23077	0.5	6.10834
9.23077	1.52632	1.20419
9.23077	2.55263	-1.18692
9.23077	3.57895	-2.85705
9.23077	4.60526	-4.22052
9.23077	5.63158	-5.46993
9.23077	6.65789	-6.42842
9.23077	7.68421	-7.26273
9.23077	8.71053	-8.06753
9.23077	9.73684	-8.1914
9.23077	10.7632	-8.2228
9.23077	11.7895	-7.37896
9.23077	12.8158	-6.34211
9.23077	13.8421	-5.89987
9.23077	14.8684	-4.59842
9.23077	15.8947	-4.50741
9.23077	16.9211	-4.05005
9.23077	17.9474	-2.48328
9.23077	18.9737	-2.15226
9.23077	20	0

11.2821	0.5	5.4757
11.2821	1.52632	0.393318
11.2821	2.55263	-1.31207
11.2821	3.57895	-2.42201
11.2821	4.60526	-3.91628
11.2821	5.63158	-5.15184
11.2821	6.65789	-6.25876
11.2821	7.68421	-6.27548
11.2821	8.71053	-6.90012
11.2821	9.73684	-6.44977
11.2821	10.7632	-6.12739
11.2821	11.7895	-6.01113
11.2821	12.8158	-4.72099
11.2821	13.8421	-4.6276
11.2821	14.8684	-4.16792
11.2821	15.8947	-3.51892
11.2821	16.9211	-2.53264
11.2821	17.9474	-2.48367
11.2821	18.9737	-2.15483
11.2821	20	0

13.3333	0.5	7.17978
13.3333	1.52632	1.89117
13.3333	2.55263	-0.834982
13.3333	3.57895	-1.68269
13.3333	4.60526	-1.6591
13.3333	5.63158	-2.34888
13.3333	6.65789	-3.58073
13.3333	7.68421	-4.43599
13.3333	8.71053	-5.35519
13.3333	9.73684	-4.73628
13.3333	10.7632	-4.8089
13.3333	11.7895	-4.71777
13.3333	12.8158	-4.26165
13.3333	13.8421	-3.61423
13.3333	14.8684	-2.62528
13.3333	15.8947	-2.57203
13.3333	16.9211	-2.5216
13.3333	17.9474	-2.47376
13.3333	18.9737	-2.14827
13.3333	20	0

15.3846	0.5	11.1669
15.3846	1.52632	4.99233
15.3846	2.55263	4.50652
15.3846	3.57895	2.37499
15.3846	4.60526	0.737175
15.3846	5.63158	-0.631409
15.3846	6.65789	-1.92482
15.3846	7.68421	-3.00033
15.3846	8.71053	-3.80348
15.3846	9.73684	-4.2177
15.3846	10.7632	-4.31881
15.3846	11.7895	-2.76539
15.3846	12.8158	-2.70681
15.3846	13.8421	-2.65113
15.3846	14.8684	-2.59819
15.3846	15.8947	-2.54783
15.3846	16.9211	-2.49989
15.3846	17.9474	-2.17626
15.3846	18.9737	-1.10176
15.3846	20	0

17.4359	0.5	14.1874
17.4359	1.52632	7.39145
17.4359	2.55263	4.12996
17.4359	3.57895	1.85529
17.4359	4.60526	0.935655
17.4359	5.63158	-0.67119
17.4359	6.65789	-1.60071
17.4359	7.68421	-1.78258
17.4359	8.71053	-1.6487
17.4359	9.73684	-2.53858
17.4359	10.7632	-2.76625
17.4359	11.7895	-2.71163
17.4359	12.8158	-2.65905
17.4359	13.8421	-2.60852
17.4359	14.8684	-2.56004
17.4359	15.8947	-2.51353
17.4359	16.9211	-2.19345
17.4359	17.9474	-1.75463
17.4359	18.9737	-1.0947
17.4359	20	0

19.4872	0.5	18.9166
19.4872	1.52632	11.0846
19.4872	2.55263	7.46011
19.4872	3.57895	5.06463
19.4872	4.60526	3.26358
19.4872	5.63158	1.81102
19.4872	6.65789	0.583427
19.4872	7.68421	-0.494167
19.4872	8.71053	-1.48327
19.4872	9.73684	-2.49036
19.4872	10.7632	-2.69496
19.4872	11.7895	-2.64778
19.4872	12.8158	-2.60171
19.4872	13.8421	-2.55688
19.4872	14.8684	-2.51339
19.4872	15.8947	-2.19837
19.4872	16.9211	-1.76665
19.4872	17.9474	-1.10964
19.4872	18.9737	0
19.4872	20	0

21.5385	0.5	19.0115
21.5385	1.52632	11.1771
21.5385	2.55263	7.54927
21.5385	3.57895	5.14961
21.5385	4.60526	3.34331
21.5385	5.63158	1.88409
21.5385	6.65789	0.647548
21.5385	7.68421	-0.444009
21.5385	8.71053	-1.4764
21.5385	9.73684	-2.42769
21.5385	10.7632	-2.61822
21.5385	11.7895	-2.57814
21.5385	12.8158	-2.53843
21.5385	13.8421	-2.22944
21.5385	14.8684	-1.80434
21.5385	15.8947	-1.7675
21.5385	16.9211	-1.11701
21.5385	17.9474	-1.09002
21.5385	18.9737	0
21.5385	20	0

23.5897	0.5	19.0386
23.5897	1.52632	11.2019
23.5897	2.55263	7.56959
23.5897	3.57895	5.16297
23.5897	4.60526	3.34621
23.5897	5.63158	1.87065
23.5897	6.65789	0.604552
23.5897	7.68421	-0.578459
23.5897	8.71053	-1.5448
23.5897	9.73684	-2.35276
23.5897	10.7632	-2.53996
23.5897	11.7895	-2.23936
23.5897	12.8158	-1.82436
23.5897	13.8421	-1.79035
23.5897	14.8684	-1.1425
23.5897	15.8947	-1.1161
23.5897	16.9211	-1.09072
23.5897	17.9474	0
23.5897	18.9737	0
23.5897	20	0

25.641	0.5	18.9446
25.641	1.52632	11.103
25.641	2.55263	7.45835
25.641	3.57895	5.02763
25.641	4.60526	3.16165
25.641	5.63158	1.56459
25.641	6.65789	0.303642
25.641	7.68421	-0.670341
25.641	8.71053	-1.24448
25.641	9.73684	-1.66163
25.641	10.7632	-1.82335
25.641	11.7895	-1.79433
25.641	12.8158	-1.15477
25.641	13.8421	-1.13065
25.641	14.8684	-1.10702
25.641	15.8947	0
25.641	16.9211	0
25.641	17.9474	0
25.641	18.9737	0
25.641	20	0

27.6923	0.5	18.995
27.6923	1.52632	11.1144
27.6923	2.55263	7.3358
27.6923	3.57895	4.86804
27.6923	4.60526	3.99498
27.6923	5.63158	2.44926
27.6923	6.65789	1.08675
27.6923	7.68421	0.104905
27.6923	8.71053	-0.79989
27.6923	9.73684	-0.989815
27.6923	10.7632	-1.15179
27.6923	11.7895	-1.13147
27.6923	12.8158	-1.11102
27.6923	13.8421	-1.09061
27.6923	14.8684	0
27.6923	15.8947	0
27.6923	16.9211	0
27.6923	17.9474	0
27.6923	18.9737	0
27.6923	20	0

29.7436	0.5	19.1575
29.7436	1.52632	11.144
29.7436	2.55263	7.37229
29.7436	3.57895	6.71061
29.7436	4.60526	4.82399
29.7436	5.63158	3.29323
29.7436	6.65789	1.98441
29.7436	7.68421	0.773972
29.7436	8.71053	-0.194045
29.7436	9.73684	-0.935708
29.7436	10.7632	-1.10212
29.7436	11.7895	0
29.7436	12.8158	0
29.7436	13.8421	0
29.7436	14.8684	0
29.7436	15.8947	0
29.7436	16.9211	0
29.7436	17.9474	0
29.7436	18.9737	0
29.7436	20	0

31.7949	0.5	20.8024
31.7949	1.52632	12.7806
31.7949	2.55263	9.02259
31.7949	3.57895	6.50673
31.7949	4.60526	4.57396
31.7949	5.63158	2.89621
31.7949	6.65789	1.64014
31.7949	7.68421	0.696007
31.7949	8.71053	1.10442
31.7949	9.73684	0.213346
31.7949	10.7632	0
31.7949	11.7895	0
31.7949	12.8158	0
31.7949	13.8421	0
31.7949	14.8684	0
31.7949	15.8947	0
31.7949	16.9211	0
31.7949	17.9474	0
31.7949	18.9737	0
31.7949	20	0

33.8462	0.5	23.9659
33.8462	1.52632	15.0378
33.8462	2.55263	10.9237
33.8462	3.57895	8.22013
33.8462	4.60526	6.20308
33.8462	5.63158	4.59356
33.8462	6.65789	3.25425
33.8462	7.68421	2.10734
33.8462	8.71053	1.10442
33.8462	9.73684	0.213346
33.8462	10.7632	0
33.8462	11.7895	0
33.8462	12.8158	0
33.8462	13.8421	0
33.8462	14.8684	0
33.8462	15.8947	0
33.8462	16.9211	0
33.8462	17.9474	0
33.8462	18.9737	0
33.8462	20	0

35.8974	0.5	23.9659
35.8974	1.52632	15.0378
35.8974	2.55263	10.9237
35.8974	3.57895	8.22013
35.8974	4.60526	6.20308
35.8974	5.63158	4.59356
35.8974	6.65789	3.25425
35.8974	7.68421	2.10734
35.8974	8.71053	1.10442
35.8974	9.73684	0.213346
35.8974	10.7632	0
35.8974	11.7895	0
35.8974	12.8158	0
35.8974	13.8421	0
35.8974	14.8684	0
35.8974	15.8947	0
35.8974	16.9211	0
35.8974	17.9474	0
35.8974	18.9737	0
35.8974	20	0

37.9487	0.5	23.9659
37.9487	1.52632	15.0378
37.9487	2.55263	10.9237
37.9487	3.57895	8.22013
37.9487	4.60526	6.20308
37.9487	5.63158	4.59356
37.9487	6.65789	3.25425
37.9487	7.68421	2.10734
37.9487	8.71053	1.10442
37.9487	9.73684	0.213346
37.9487	10.7632	0
37.9487	11.7895	0
37.9487	12.8158	0
37.9487	13.8421	0
37.9487	14.8684	0
37.9487	15.8947	0
37.9487	16.9211	0
37.9487	17.9474	0
37.9487	18.9737	0
37.9487	20	0

40	0.5	23.9659
40	1.52632	15.0378
40	2.55263	10.9237
40	3.57895	8.22013
40	4.60526	6.20308
40	5.63158	4.59356
40	6.65789	3.25425
40	7.68421	2.10734
40	8.71053	1.10442
40	9.73684	0.213346
40	10.7632	0
40	11.7895	0
40	12.8158	0
40	13.8421	0
40	14.8684	0
40	15.8947	0
40	16.9211	0
40	17.9474	0
40	18.9737	0
40	20	0

