         176
  0.201386419345667     
  0.198731701484098     
  0.197030414841230     
  0.196789758802755     
  0.198083778443429     
  0.196568516245887     
  0.196716862901573     
  0.199475426993003     
  0.201373379975179     
  0.199881214530066     
  0.197914059091836     
  0.199806077024559     
  0.200286975020020     
  0.198396891838125     
  0.200837406304965     
  0.198883793481964     
  0.192170806535843     
  0.200876974296959     
  0.199762703769226     
  0.198651412925746     
  0.196322218894179     
  0.188033938743160     
  6.220923906828124E-002
  0.174620952897093     
  0.200125183342985     
  0.153808648353230     
  6.230933492701927E-002
  4.415285473335538E-002
  0.199096065038648     
  0.199665642915515     
  0.199085690617109     
  0.199100297490449     
  8.311138695679666E-003
  0.200307015006473     
  0.198451561397371     
  0.198926832803277     
  0.200292357077038     
  0.197957651626917     
  0.199064305300574     
  0.166052751669426     
  0.118944295681648     
  0.198956412992097     
  0.199050188688968     
  0.200920715093960     
  0.199922743092515     
  0.200846034937951     
  0.198695658444730     
  0.200992399253827     
  0.197337968012070     
  0.136234999632683     
  0.200558046351492     
  0.201129651802742     
  0.199764388277897     
  0.199864837553288     
  0.141606807229934     
  0.200130584930178     
  0.177585665805374     
  0.150156520923789     
  0.197994726996640     
  0.163025409758027     
  0.201012012875273     
  0.199087002881476     
  0.201732608710286     
  0.199048469848815     
  0.197963646713641     
  0.200037612555410     
  0.200757448991186     
  0.198094938027648     
  8.753956217851482E-003
  0.204487596164176     
  0.186800172614473     
  0.198914481450226     
  0.200750073825699     
  0.197991899990262     
  0.201830224652757     
  0.201494319587031     
  0.200180422550323     
  0.199596832941534     
  0.199364554449613     
  0.145322805229374     
  0.198756438861691     
  0.199663550807218     
  6.761545712155070E-002
  0.197677865854882     
  0.101596142519977     
  0.202985531202663     
  0.201962707385203     
  1.106253707561321E-002
  0.201111658785375     
  0.200299986100620     
  0.198950646162077     
  0.194104062117788     
  0.187630478117883     
  2.246044484128906E-002
  0.199465435355249     
  0.130620174113278     
  0.198135880108277     
  0.199296819372785     
  0.200460172805063     
  0.199838703714003     
  0.198791283790957     
  0.198505520390981     
  0.200141590548516     
  0.198733427743952     
  0.196033319789129     
  0.197677644466531     
  0.136081890164370     
  0.200160960201918     
  0.199441227244210     
  0.201464299512652     
  0.200078554984265     
  0.198355036820749     
  0.176773428921902     
  0.202654661493621     
  0.198891110156827     
  0.199423150434476     
  0.132458693533691     
  1.583361996200000E-002
  0.199861842217847     
  0.200060172431695     
  0.201788628690219     
  0.200653426834383     
  0.198155424249676     
  0.111125144956562     
  0.198157937831504     
  0.199464305622031     
  0.136997580307008     
  0.198051634406741     
  0.198692761660901     
  0.199103013444710     
  0.200770294047918     
  0.201767117299808     
  0.197847366860590     
  0.199916687455112     
  0.195851916484614     
  0.199517446627500     
  0.200088636123914     
  0.200607615783558     
  0.198571665901746     
  0.200691670013937     
  0.200424659446633     
  0.190950090226667     
  0.200955381467015     
  0.196661188921628     
  0.197454395227366     
  0.163893775223848     
  0.201564640060823     
  0.195069928514797     
  0.199990196892094     
  0.142512783568833     
  0.199903258256796     
  0.200276864383316     
  0.197871302668718     
  0.200257593269753     
  0.199541190027969     
  0.199520780988640     
  0.199643587445510     
  0.118210499048226     
  0.201187993308917     
  0.199340941731383     
  0.186782498535753     
  0.199680928214328     
  0.199202034252574     
  0.202297585828319     
  9.315243758328529E-002
  0.199943439029882     
  0.199110588056859     
  0.196078027051999     
  0.192656463455593     
  0.196553094086370     
  0.201412988436125     
  0.198536587518433     
  0.199577732125194     
  0.197948717407937     
  0.199484433298934     
  0.142122809067703     
