         150
  0.192658786872558     
  0.199570768247726     
  0.200871987167561     
  0.198820663921600     
  0.198283232672168     
  0.198857156911444     
  0.170196111963663     
  0.200162497558384     
  0.199153683200460     
  0.199275527839011     
  0.199699129368085     
  0.198800848117185     
  0.199803398132600     
  0.200395425179993     
  0.198846210101941     
  0.199397605081322     
  0.199585476236672     
  0.199000182384200     
  0.199913003458047     
  0.199691159800859     
  0.179623607396243     
  0.199218704908357     
  0.199412284259252     
  0.200271547808281     
  0.199808062328195     
  0.200167725947306     
  0.198719547426761     
  0.195224903720919     
  0.199592079807021     
  0.199335111273072     
  0.198221743171306     
  0.201360193345936     
  0.199362773723234     
  0.200327124801908     
  0.199043828223120     
  0.199599888063162     
  0.199003677129868     
  0.198957709476039     
  0.198797180707277     
  0.200694709889190     
  0.199567541737780     
  0.194282855768887     
  0.198258328898804     
  0.199028975226981     
  0.198653554544371     
  0.198836667402625     
  0.199622776771288     
  0.199897286853901     
  0.200387273810338     
  0.199000152977065     
  0.199961869848571     
  0.199075232879617     
  0.171390643540174     
  0.199524502634321     
  0.199352530775249     
  0.199696051610271     
  0.199213737927888     
  0.199118929972027     
  0.187808135671742     
  0.200615363009793     
  0.199190971183659     
  0.200528610786151     
  0.199728381464444     
  0.196843746317212     
  0.196906762994120     
  0.200233919229565     
  0.200325484201174     
  0.199768103772181     
  0.197303713055208     
  0.195233906855692     
  0.199280942752721     
  0.199342924687388     
  0.198283647619179     
  0.198383826156016     
  0.199008622401436     
  0.200223848053179     
  0.199447451328984     
  0.199924173410867     
  0.194854926972117     
  0.199233408617007     
  0.199592541836270     
  0.170016409873143     
  0.198149785044465     
  0.198920624422607     
  0.198254168418685     
  0.199865049659546     
  0.198708970960698     
  0.199187260344885     
  0.200398579131316     
  0.199308083731794     
  0.199305240114449     
  0.195603497477807     
  0.198962019692580     
  0.200460946056342     
  0.198916942572819     
  0.198862549659762     
  0.196407297124522     
  0.201343355792652     
  0.198786660059873     
  0.200135261543456     
  0.199302900597142     
  0.166854513924140     
  0.199384597352436     
  0.198527430697825     
  0.199638954464944     
  0.199991353622312     
  0.196192671319590     
  0.199243883842206     
  0.198995108286085     
  0.198960980177515     
  0.200438721958320     
  0.198673546319848     
  0.199638530660403     
  0.199879944976497     
  0.199575505570323     
  0.199725044769134     
  0.199682881930262     
  0.198364474505985     
  0.171327247566526     
  0.200262376252627     
  0.199564011313995     
  0.199728621963544     
  0.199486464993171     
  0.199289077695232     
  0.199803648951513     
  0.192564028687243     
  0.199643852252092     
  0.199519543915927     
  0.196299780732022     
  0.200186825387289     
  0.199863216320969     
  0.171382568859730     
  0.199311083787011     
  0.199796200190504     
  0.199102549852799     
  0.199766465098295     
  0.199433740607997     
  0.185944094367870     
  0.199631167761761     
  0.199220619302275     
  0.199787481409292     
  0.199864509788848     
  0.199393646410678     
  0.198047259306699     
  0.200621121451930     
  0.199093824657913     
  0.199686652025927     
  0.198992912695348     
  0.200011657895477     
  0.199286069087997     
