          94
  0.198383667793365     
  0.199188477412033     
  0.199178050593422     
  0.199863301132507     
  0.199853804137155     
  0.200078172964049     
  0.198974489508594     
  0.199445353986337     
  0.200903724454599     
  0.199940112096024     
  0.199925181485564     
  0.199031405233904     
  0.199611284851858     
  0.199341694506177     
  0.200248679258001     
  0.200603861278608     
  0.198419807871944     
  0.200637880945389     
  0.199770469637135     
  0.200399986301221     
  0.199669126397689     
  0.200207671251175     
  0.200168214798423     
  0.200419533288154     
  0.198615405219455     
  0.198993873008547     
  0.200881648662996     
  0.199660044150099     
  0.199622142656980     
  0.199113941297377     
  0.199344455885555     
  0.198228066455708     
  0.200004278747800     
  0.200028993319030     
  0.199328625014825     
  0.198477412261621     
  0.200853497921331     
  0.200141467293195     
  0.199881624593145     
  0.199695519919447     
  0.198533637852055     
  0.199077279722147     
  0.198066801086709     
  0.201356757868857     
  0.198639126683974     
  0.199072946860731     
  0.198633172187562     
  0.199825171762428     
  0.199912003215950     
  0.200041545939109     
  0.200137796572159     
  0.199290970317378     
  0.198834303268647     
  0.199653480087202     
  0.199525827520660     
  0.199241223254154     
  0.199750517391737     
  0.200188677666462     
  0.198495739672514     
  0.199477037180706     
  0.199777114108917     
  0.198895119077966     
  0.198460865973845     
  0.199723180890225     
  0.199620421471296     
  0.199730985036804     
  0.199817562693809     
  0.200425147480443     
  0.199955728711401     
  0.199943320761575     
  0.199530920244595     
  0.199026727879136     
  0.198581874741023     
  0.199447848702340     
  0.199201361004257     
  0.198000339903710     
  0.200236763471929     
  0.199135690627756     
  0.200007126951076     
  0.200071377085864     
  0.199966806821445     
  0.199807351672576     
  0.198482717789191     
  0.199097497681375     
  0.199310383460802     
  0.199718868227055     
  0.199332683241684     
  0.199335910880815     
  0.199996904251859     
  0.199075852926672     
  0.199234489394388     
  0.198257823296613     
  0.200008026849297     
  0.201181129914778     
