          94
  0.199361511862656     
  0.199522502774430     
  0.199237458240498     
  0.199185300486485     
  0.198862917741459     
  0.198360025080560     
  0.199273148591451     
  0.198795409504249     
  0.200288712010629     
  0.199856580300861     
  0.199466351464542     
  0.199203574503153     
  0.199878281505153     
  0.200429422216518     
  0.199842412334654     
  0.198894451623602     
  0.199111923613979     
  0.199291390752839     
  0.200948714556055     
  0.199797625905062     
  0.199665594412140     
  0.199045884185597     
  0.199846880426712     
  0.199171604809056     
  0.199149694440650     
  0.199722875175979     
  0.199955832665888     
  0.200480516995435     
  0.198963629634641     
  0.199372917999701     
  0.198531557674614     
  0.200165815489973     
  0.199018578176564     
  0.198826256546198     
  0.199031449058523     
  0.200248548540407     
  0.199644663838804     
  0.199608825580360     
  0.199553399561427     
  0.200440080465441     
  0.200113499996231     
  0.200050542189152     
  0.199599642037823     
  0.197937764976369     
  0.198113190217955     
  0.199407299178521     
  0.198980904279044     
  0.198650639772181     
  0.200111131817374     
  0.199787459568296     
  0.199995356972837     
  0.199436019726457     
  0.200169286557350     
  0.198985907395605     
  0.198794043079688     
  0.200262965828111     
  0.199911866240223     
  0.199403941466013     
  0.198939707004448     
  0.198279629043327     
  0.200007787714785     
  0.199333764716469     
  0.198346299988605     
  0.199390405729032     
  0.198650305122364     
  0.200332255089569     
  0.198773502135628     
  0.199464312767880     
  0.199517405470069     
  0.200087431004587     
  0.199286798674017     
  0.200521183212992     
  0.199981010878424     
  0.199770458925977     
  0.199220666369334     
  0.198857459752570     
  0.200835235746477     
  0.199794075874562     
  0.199970806495235     
  0.199732856936794     
  0.199835972622755     
  0.199202339510704     
  0.199551460528755     
  0.199073000190953     
  0.199608013497842     
  0.199729684516190     
  0.199389479358621     
  0.199371416849139     
  0.199571611933018     
  0.199011325829593     
  0.200177759959792     
  0.199338543184399     
  0.200061597989125     
  0.199469931343758     
