         109
  0.200314090688493     
  0.199795789793576     
  0.195111718688250     
  0.199630213325937     
  0.200030402872524     
  0.199818207995910     
  0.199251591405496     
  0.200081562172191     
  0.199386995161976     
  0.199427549515715     
  0.199689529845871     
  0.198680461671922     
  0.200569216290931     
  0.199802996605077     
  0.200558885826656     
  0.199657428314858     
  0.200212421490884     
  0.200288329490519     
  0.192804151507828     
  0.199715264782442     
  0.199127058438088     
  0.198730971088008     
  0.200517648156499     
  0.199486962053013     
  0.200294832661821     
  0.199898684893221     
  0.198043247857811     
  0.198258325574645     
  0.199677404000265     
  0.199688814098277     
  0.198514019630661     
  0.198699989013634     
  0.199159722093158     
  0.200344398578696     
  0.198254476565553     
  0.201833667728810     
  0.198870929340292     
  0.198728986954280     
  0.199823544472821     
  0.200070215723706     
  0.199240691444465     
  0.199458428706027     
  0.196028027973410     
  0.199337155010229     
  0.197093467868946     
  0.198820310807815     
  0.199108515213957     
  0.199946343921908     
  0.199977824943949     
  0.200872509403165     
  0.199030064879474     
  0.198998266345576     
  0.198805790745193     
  0.199335065727067     
  0.200589175958327     
  0.198748461663639     
  0.197094036740925     
  0.198856544443682     
  0.198672857709779     
  0.198910279196487     
  0.199223248148446     
  0.199679742355032     
  0.200387880249863     
  0.198912141984558     
  0.199250798614108     
  0.199296928087145     
  0.198942168140197     
  0.199305571795883     
  0.199329332258393     
  0.198708597490444     
  0.199591713006026     
  0.197865011004423     
  0.194305523502594     
  0.199155556505753     
  0.199714582522222     
  0.200288067574375     
  0.199764084310137     
  0.198654476827698     
  0.199376804943878     
  0.200292723271755     
  0.199594913957573     
  0.198653744567432     
  0.199416569809024     
  0.199662530387420     
  0.199775099948590     
  0.199456427757911     
  0.199887574541076     
  0.199305832141105     
  0.199354679090993     
  0.199815856699056     
  0.198478669457027     
  0.199255617314302     
  0.195105623494332     
  0.200096904924728     
  0.199634609364514     
  0.194370061470301     
  0.198979622062068     
  0.199924129785514     
  0.198559525870855     
  0.199272492516696     
  0.199524600065348     
  0.198872906310358     
  0.199403261192406     
  0.198736451424799     
  0.199459636321372     
  0.199399571201532     
  0.199889960536976     
  0.198898647620562     
  0.199383839849994     
