         131         104
          13
          14  4.394018673132407E-008  2.150761072781652E-010
          16  5.228799685522399E-013  2.497035649282855E-015
          40  1.631665209123599E-006  7.995969948621153E-009
          42  4.928974513969598E-007  2.406929284365471E-009
          48  1.286466952837019E-007  6.068738790691008E-010
          50  4.014581006711856E-018  1.847357671048984E-020
          56  3.417498874054838E-013  1.635489191975539E-015
          64  1.705894024018384E-009  7.959135789471278E-012
          88  1.782858337205874E-005  8.708754088002903E-008
         100  6.351283427970025E-005  3.060129917457215E-007
         104  5.002742569987304E-014  2.315632256710978E-016
         108  2.171808908649410E-012  1.026947663301668E-014
         114  2.217470299700066E-005  1.062742969879281E-007
           7
          12  3.422777470117882E-019  1.581953819165153E-021
          44  1.952388904134999E-019  8.974140838326125E-022
          50  7.276548367114872E-018  3.343982326847662E-020
          59  3.154340524279831E-011  1.455939385200879E-013
          74  1.895665231051985E-014  8.737165175818877E-017
          83  2.782726483997502E-016  1.286478569050660E-018
          86  1.420672261947244E-014  6.550918852996827E-017
           3
          30  5.923739716104083E-018  2.733507538252065E-020
          36  2.817306631806765E-019  1.301884230905664E-021
          54  1.067445627185112E-016  4.921459070844937E-019
          10
           6  1.052199020929331E-014  4.896334290446588E-017
           8  2.217447385606264E-016  1.024353683540326E-018
          31  8.627631824055595E-009  4.003214293547448E-011
          49  1.887007437317420E-011  8.787126402812344E-014
          61  6.390221055859026E-021  2.948784419021431E-023
          71  5.201413895102887E-012  2.437125188882528E-014
          79  7.518113121919596E-014  3.469275182666828E-016
          85  5.950650908116779E-016  2.745131243678263E-018
          99  6.128595103515656E-022  2.825680735475502E-024
         122  9.162798851912525E-014  4.239900161026574E-016
           9
          12  2.484710867872460E-014  1.151752537981889E-016
          23  3.082743068545145E-014  1.422391711521108E-016
          44  3.433072296037144E-013  1.581249065350018E-015
          53  4.509764295101531E-013  2.089207903154929E-015
          73  2.538375840899534E-027  1.171820930956302E-029
          74  2.049061257125267E-015  9.458584153331697E-018
          78  8.587914112527964E-031  3.970212185791509E-033
         111  3.212796299842994E-019  1.482965819039795E-021
         123  1.853946270735647E-019  8.538345465349682E-022
          10
           9  1.174821495435243E-014  5.416538475224061E-017
          24  3.192803048431195E-009  1.482363575877224E-011
          61  3.757084842383768E-017  1.734008141521462E-019
          92  1.138470049429538E-027  5.259895879885364E-030
          93  4.818971010719384E-011  2.230623555369396E-013
          94  5.305571660298630E-012  2.450960359856727E-014
          95  2.415895691921830E-009  1.118848121800089E-011
         107  1.425653557538737E-017  6.584040006070200E-020
         113  1.797348695184480E-016  8.285734966235041E-019
         117  6.575950559757495E-011  3.053793808516185E-013
          21
          11  5.159938761722854E-005  2.473428582757896E-007
          16  1.957783345099550E-016  9.172634162553834E-019
          17  1.530502181230287E-010  7.092342527092407E-013
          20  6.395859067520329E-005  3.087682780033552E-007
          29  4.988656251121923E-009  2.393339688045834E-011
          35  3.480876112701063E-028  1.608107266416517E-030
          36  4.340606636087122E-015  2.003580501920346E-017
          41  1.252142277154279E-015  5.886542007879487E-018
          62  6.313653216373654E-022  2.910470568828975E-024
          63  4.032514898893125E-005  1.930056229258079E-007
          68  2.904527776597178E-023  1.338750579794296E-025
          87  4.933706768765434E-006  2.330645246488556E-008
          89  3.285283263136548E-012  1.539395296494367E-014
          90  6.434366873233348E-012  2.973311703038114E-014
          98  2.101585485958226E-013  9.936301657377328E-016
         102  4.097859383853762E-006  1.951382879100520E-008
         103  9.476733291576365E-007  4.472981470388826E-009
         106  1.528830757486836E-008  7.140754458580482E-011
         112  1.616894837068970E-018  7.453309745529871E-021
         116  1.885366485633115E-010  8.917087618162808E-013
         128  1.257659392037144E-007  5.957955393207131E-010
          18
           5  7.326555648104872E-011  3.465116433340006E-013
           7  1.484538219940152E-013  6.867587408846790E-016
           8  5.952346860710565E-011  2.776113922649526E-013
          13  4.031072509802116E-018  1.862458726324404E-020
          21  1.561508586813292E-013  7.218007885805553E-016
          22  5.379690385838142E-009  2.494213519300763E-011
          26  2.859784748267124E-009  1.340134383407055E-011
          27  1.262009945047788E-009  5.892833475443585E-012
          32  3.977737299627944E-008  1.851539424316450E-010
          43  2.761792133593998E-015  1.293488995485902E-017
          49  6.888222417952208E-017  3.194726915259396E-019
          55  9.866552642078610E-007  4.652290707512983E-009
          66  2.295067444547379E-015  1.070007246522480E-017
          81  5.394563289277625E-009  2.541136448117578E-011
          82  1.876097243751858E-019  8.692784726694675E-022
          97  3.549543169220647E-011  1.644606637664883E-013
         125  1.339237016884613E-007  6.278566281067491E-010
         127  2.318174644050303E-009  1.080434329749574E-011
          18
           5  1.740191285189435E-011  8.221574138148824E-014
           6  7.978808803402853E-005  3.854768825970692E-007
           8  1.062931068500205E-006  5.016926361922610E-009
          10  1.964598108359825E-007  9.718437098352941E-010
          15  5.478803325246473E-028  2.533183258666745E-030
          31  2.664962992229005E-010  1.238648641769488E-012
          43  3.213768485465287E-005  1.579873071747202E-007
          49  5.887785086781680E-007  2.780590547483464E-009
          55  5.142838755841268E-014  2.387702690867717E-016
          66  4.324524587296345E-016  2.011750480094403E-018
          71  1.893236853211221E-007  9.038763761850988E-010
          80  3.078566693811357E-010  1.501128601690623E-012
          81  2.338699925074010E-020  1.079618186663568E-022
          82  5.765057340577201E-005  2.834808081503523E-007
         101  6.683850442279991E-007  3.256419910250468E-009
         115  9.449856501424104E-012  4.531513085591902E-014
         122  3.445991524149209E-009  1.622265752054578E-011
         129  3.037088818754915E-006  1.494529746327360E-008
          13
          11  1.626661670332226E-013  7.570240326148501E-016
          18  3.718032850097244E-025  1.712156820889303E-027
          20  1.133673504998025E-018  5.244704226953917E-021
          52  8.271983954803627E-017  3.806950266098641E-019
          60  1.385356608016802E-013  6.386711879080603E-016
          69  6.369395008635694E-012  2.941252041114401E-014
          77  5.686031900752252E-010  2.618587840002550E-012
         102  1.821980129191478E-010  8.535477536764381E-013
         105  5.913933781873317E-009  2.741380593130337E-011
         116  5.684447382460379E-020  2.623413123133424E-022
         118  2.030631863127325E-017  9.362636208799838E-020
         128  2.777026407676648E-010  1.300163651502866E-012
         130  6.228972733292193E-017  2.863739098171778E-019
           6
           8  5.428586949461623E-016  2.506847734795213E-018
          13  5.454919055787546E-014  2.514687760159409E-016
          31  2.483465294589782E-016  1.144257766011751E-018
          39  2.730144552793938E-013  1.261374536358029E-015
          49  2.043203414614780E-015  9.461695110437312E-018
         109  1.302819178450767E-017  5.997413885039018E-020
          20
           2  2.247220600545229E-008  1.066312358091864E-010
          12  5.272566948794753E-017  2.440399546173461E-019
          14  2.322075048150880E-017  1.082699439652086E-019
          40  1.865254764330897E-014  8.768701487548651E-017
          42  3.965382710273157E-005  1.954491792080553E-007
          48  2.068683489455078E-007  9.769188058191126E-010
          50  1.631593404057999E-005  7.758923931881959E-008
          56  1.247963556160333E-008  6.156936883204580E-011
          59  1.005403898525112E-011  4.655295201002959E-014
          66  6.337070806652035E-026  2.920445588408077E-028
          74  5.861169824151549E-013  2.712315522767269E-015
          78  3.909175988078983E-011  1.826580718402829E-013
          80  1.517123075315503E-025  7.005718372866820E-028
          83  1.979941218169408E-006  9.406065203124727E-009
          88  1.801102689613011E-005  8.796387829105987E-008
         100  1.368259609621049E-014  6.370317737703938E-017
         104  8.170358529101806E-013  3.786536915046245E-015
         108  1.597626290736615E-004  7.826351664604043E-007
         110  7.098587760312182E-008  3.482614822052148E-010
         114  4.554908322747754E-007  2.172464014343580E-009
          18
           6  1.414273519471517E-009  6.759010101028292E-012
          10  8.966622912454256E-005  4.528659262094626E-007
          15  2.107132011098115E-006  1.067323104102790E-008
          16  5.995452895099714E-015  2.846435628274376E-017
          29  6.731428761014415E-008  3.281735046925890E-010
          35  1.329004195566536E-005  6.745532072366903E-008
          41  6.045853983333684E-005  3.047847001842985E-007
          43  3.843935866271842E-008  1.879188083798827E-010
          56  2.593159224395357E-013  1.247823844483265E-015
          71  3.577674693866325E-009  1.708487957184399E-011
          80  1.931564206817524E-007  9.650098268721146E-010
          82  4.500533271681458E-007  2.209741786753911E-009
          98  3.261368628970069E-005  1.630108070340098E-007
         101  1.952082981468981E-004  9.679962845088173E-007
         115  1.013975593669581E-003  5.113902557220191E-006
         116  3.906220444080615E-010  1.866863835337900E-012
         122  6.330333968546028E-009  3.003319213283609E-011
         129  2.494115829948004E-004  1.245551588010963E-006
           7
          48  5.710482254573399E-012  2.657201396274219E-014
          59  2.743271044523298E-014  1.266729992058536E-016
          76  1.037850908277066E-013  4.795579411816823E-016
          91  2.114830545301866E-015  9.767791370468348E-018
          96  4.211964003409634E-011  1.940674285844961E-013
         104  1.928702899680719E-009  8.965711450514490E-012
         114  3.621225249988136E-019  1.673254784540201E-021
          27
           2  9.758951593363720E-007  4.661115034622247E-009
           5  1.735266187516916E-005  8.405469033404245E-008
           7  1.149376623826072E-010  5.338321538774024E-013
          12  3.316414381273752E-018  1.537977045140042E-020
          21  1.888173732393143E-012  8.741163605860618E-015
          26  9.484898498691762E-007  4.482636707961552E-009
          27  8.493730425687298E-008  3.988134036017203E-010
          32  1.192321612629320E-017  5.515989535162920E-020
          34  2.079555857257784E-027  9.619420613559704E-030
          43  3.492900979496132E-013  1.651373700364427E-015
          55  1.776144082164081E-009  8.337050675021166E-012
          66  5.045807482708540E-005  2.456189352578533E-007
          70  5.744317887974838E-009  2.680803882562437E-011
          73  1.204002873588107E-011  5.587864743042259E-014
          74  1.185234306252797E-028  5.473690843960140E-031
          78  5.152256810484174E-009  2.425318179463190E-011
          80  7.364538188158467E-012  3.554022136529040E-014
          81  6.985066692941871E-006  3.328034250561953E-008
          82  3.217454442774485E-018  1.493716409087861E-020
          83  1.419493089198219E-019  6.573131264381682E-022
          84  1.816097479749603E-018  8.383224502502664E-021
         108  3.443396856717777E-013  1.624530715458639E-015
         110  8.113931363986527E-008  3.979196599612970E-010
         120  3.506893309610416E-019  1.615605440924750E-021
         124  3.907319222475632E-015  1.808858841183203E-017
         125  2.601303537810395E-010  1.216016272699371E-012
         127  2.504810597695587E-009  1.169556962619201E-011
          20
          10  6.966336231886816E-009  3.445959087971466E-011
          14  1.105061045260217E-004  5.558497458968813E-007
          15  2.626568409785241E-004  1.346422781693618E-006
          16  2.728822778933694E-004  1.382545312676853E-006
          29  1.533408948894666E-018  7.116928835791212E-021
          35  4.622492761506779E-005  2.357369631804397E-007
          40  1.641589724774824E-005  8.164015205917101E-008
          41  9.249691809742967E-008  4.602006969765834E-010
          42  5.252488754952934E-006  2.604880763717878E-008
          56  6.236410128199703E-004  3.182207083086394E-006
          80  7.112405576359075E-007  3.571301346110760E-009
          88  1.398655949591614E-007  6.830402988641309E-010
          89  3.237616680724543E-023  1.500390903494092E-025
          98  2.944693416154033E-009  1.442223774745718E-011
         100  1.888200905636728E-013  8.871558698565238E-016
         108  1.681899540506051E-010  8.085718861291281E-013
         110  1.405856558534241E-007  6.974975612554852E-010
         114  7.831455574171816E-018  3.630711076788495E-020
         115  2.599964284633904E-010  1.267023197882179E-012
         129  4.641219540182199E-016  2.177671366082034E-018
          22
           2  2.250900809029418E-025  1.036476794956114E-027
           5  6.941242286686490E-006  3.346469167356413E-008
           7  1.184795631051365E-009  5.493997009474556E-012
           8  1.141603778583693E-014  5.280436507793223E-017
          21  2.627046113407379E-010  1.215516974689837E-012
          22  1.121187546620727E-010  5.185520834932158E-013
          26  3.757483751130503E-006  1.772651130589945E-008
          27  8.442936056108969E-007  3.960253374943668E-009
          32  1.880582278501910E-008  8.741486673407136E-011
          43  1.637530223072875E-009  7.860372067186534E-012
          55  9.533484036569783E-006  4.502541304447420E-008
          66  6.883303774615656E-007  3.314276977735230E-009
          70  8.309133798944164E-025  3.831931859761560E-027
          80  8.378698247094947E-017  3.928808846557709E-019
          81  1.493453802874987E-005  7.097654372591226E-008
          82  2.470783634070135E-011  1.174873276207697E-013
          84  8.187082207691365E-020  3.770304416221623E-022
          97  1.035435057439190E-016  4.782430097053831E-019
         110  6.414048129503554E-018  2.989021344136269E-020
         120  4.015387724203661E-017  1.845959355514345E-019
         125  1.297915892891852E-006  6.091753454196133E-009
         127  2.763187019000622E-007  1.290548366096811E-009
          17
           9  7.047986368759659E-011  3.259774200595844E-013
          18  6.030124586617318E-017  2.784777212822278E-019
          24  3.497762523620535E-008  1.631471854682781E-010
          29  2.083551906968301E-010  9.933433872138810E-013
          67  3.447235847471235E-017  1.593148181945309E-019
          69  2.611902760111849E-016  1.208938273452322E-018
          92  5.046801574731798E-011  2.338974672483296E-013
          93  3.818466013250390E-008  1.776936264186304E-010
          95  6.420313322990659E-010  2.980262261127694E-012
          98  1.580485496879231E-017  7.357546415452622E-020
         102  1.065304115952708E-012  4.975076946516786E-015
         105  1.867073795275670E-011  8.665461349433130E-014
         116  1.418565127106422E-007  6.799921549481665E-010
         117  1.296559871105198E-007  6.061808934862829E-010
         118  1.615839909960792E-012  7.477644202899150E-015
         128  3.246151842345051E-009  1.531560764291645E-011
         130  4.371602086384228E-015  2.015925628733118E-017
           6
          48  7.238252945909909E-020  3.333898236165715E-022
          59  3.724794392295892E-023  1.714835442610078E-025
          76  3.683501180986842E-016  1.698075505961233E-018
          91  9.292321468823329E-018  4.282189354682290E-020
          96  2.617935067071689E-012  1.203275284887745E-014
         104  3.336965187195859E-012  1.542999213173950E-014
          24
           2  1.079682426039031E-011  5.067642912476270E-014
           5  2.151086050506068E-004  1.048294694535376E-006
           6  1.558017134246547E-013  7.291606216456089E-016
           7  4.974600617065679E-017  2.297573078553234E-019
           8  5.218914710333808E-016  2.415353907743228E-018
          10  1.840714457266807E-008  9.059633506618818E-011
          15  5.888967775005416E-014  2.821202335049454E-016
          21  2.867671830522288E-022  1.322593148625493E-024
          26  1.260216361679812E-007  5.946285346798829E-010
          27  2.641194302717312E-009  1.236662321881637E-011
          32  9.424003208458362E-016  4.359824814862016E-018
          43  1.244659625412240E-005  6.115235795852892E-008
          55  1.800224342117692E-007  8.502418721124287E-010
          56  1.056027535925735E-014  5.016124278538940E-017
          66  1.119672962118620E-004  5.462842124258497E-007
          80  1.682697513049752E-006  8.401141350201521E-009
          81  7.115917402668263E-006  3.395724664055949E-008
          82  1.835513582204544E-006  8.987083312752010E-009
         101  1.481193317595276E-023  6.833924009412355E-026
         108  4.146210207076919E-026  1.917383433763911E-028
         110  3.830065571869193E-007  1.890872240162811E-009
         125  7.562449709953026E-010  3.539465934578284E-012
         127  5.824435009717350E-011  2.711199659095155E-013
         129  1.312256419680805E-011  6.275394458520092E-014
          24
           2  1.128745750925297E-008  5.366869899880638E-011
           5  7.979383970365151E-005  3.880965747241365E-007
           7  3.935875509254928E-010  1.832438393366992E-012
          10  3.203702715976124E-019  1.494811280698206E-021
          21  1.647376290521775E-011  7.648533483914269E-014
          22  4.353159060465911E-021  2.014781667258105E-023
          26  4.189754782034675E-006  1.986371207799336E-008
          27  4.432462229133078E-007  2.088644572851245E-009
          32  1.612550464968979E-012  7.493706799965049E-015
          43  1.290955275466103E-009  6.227759171971299E-012
          55  2.147425362106474E-007  1.015268606423931E-009
          66  7.987289299517649E-005  3.896545283291933E-007
          70  2.836700578156276E-011  1.321127503762578E-013
          73  1.124239363800152E-016  5.208260098058871E-019
          78  9.217990718263496E-013  4.304589798619749E-015
          80  1.769261796410753E-010  8.626030312922690E-013
          81  3.279115513408423E-005  1.567840254630439E-007
          82  8.582527865372676E-012  4.089940744783338E-014
          84  1.598870178297026E-019  7.392797441030123E-022
         108  4.138688732164730E-021  1.920900097429636E-023
         110  2.031566035816228E-008  9.958061961418819E-011
         120  6.939178296100539E-019  3.202611056262532E-021
         125  2.115693912548180E-008  9.943707047101997E-011
         127  3.066670634103212E-008  1.437194315388033E-010
          12
          12  2.046138067327691E-013  9.489279373889804E-016
          23  1.356911059272271E-011  6.264753601865621E-014
          34  5.150868904556429E-016  2.379659916052408E-018
          44  1.757189845465379E-014  8.092178008119106E-017
          53  7.425945786456692E-012  3.441901773925815E-014
          70  1.169336641279872E-017  5.398007032620175E-020
          73  5.386017735292156E-014  2.487794856268056E-016
          74  8.977966389536866E-016  4.143087702015528E-018
          78  2.170404667475391E-018  1.003617341816790E-020
         111  4.202170230685177E-019  1.939425251964948E-021
         123  7.195463107472853E-014  3.313529576573752E-016
         124  1.144002586373006E-014  5.285159554121894E-017
           5
          19  1.018130563240574E-015  4.694287443311580E-018
          46  1.799470707482421E-013  8.287524607754669E-016
          57  3.710922012212761E-018  1.707068605505477E-020
          68  8.254616052494648E-023  3.804839230273747E-025
         119  5.954043012989291E-012  2.746624414849665E-014
           3
           3  7.570652778715354E-021  3.498526244627833E-023
          19  1.032849052456356E-012  4.778040941475564E-015
          68  3.120976917395248E-024  1.443046096707148E-026
          13
           3  2.582820094274751E-010  1.198512008480731E-012
          14  3.327180829687724E-011  1.599258504727324E-013
          16  1.844642039307018E-015  8.693080548967957E-018
          19  1.881947247452335E-013  8.703965291831749E-016
          40  5.660519910027676E-010  2.723816625396733E-012
          63  1.282481634424679E-022  5.937354763884806E-025
          68  2.473795330992123E-006  1.165916158944116E-008
          87  1.979698001353161E-016  9.140484328239069E-019
          89  7.580255998104695E-006  3.634875347165047E-008
         100  8.775076728734801E-011  4.138094180709147E-013
         103  3.225033814737142E-013  1.498216632920061E-015
         106  1.336351039385128E-012  6.197573611525547E-015
         112  4.556456299206775E-009  2.124286560307825E-011
          10
           6  4.989598682825095E-014  2.325911817702018E-016
           8  2.155894956773267E-017  9.956290909551755E-020
          31  7.601159018200484E-009  3.527861257008720E-011
          49  1.055948895714163E-011  4.916082923802078E-014
          61  3.582211059724406E-016  1.653597992605648E-018
          71  5.655028043653945E-011  2.657291971293902E-013
          79  2.269062214526603E-012  1.047677300266510E-014
          85  1.915200620796598E-015  8.836346733931416E-018
          99  4.743099304487255E-029  2.187150927691933E-031
         122  3.631160959228420E-012  1.687215176062046E-014
           9
          14  9.123708966610729E-020  4.234042336939630E-022
          40  2.094195687758115E-012  9.936344088602020E-015
          46  7.368465261648999E-011  3.405368748706571E-013
          48  1.234115924236857E-015  5.707368333707046E-018
          64  4.949502470841866E-007  2.314992909598668E-009
          88  2.201130661832544E-014  1.030967012564194E-016
         100  1.550227892626582E-006  7.413351531566621E-009
         114  4.129465460069250E-010  1.943931654511470E-012
         119  2.399812453452855E-016  1.108995388647584E-018
          11
           3  3.432160269058041E-009  1.592216929868733E-011
          19  1.617813084987315E-010  7.482997327099757E-013
          40  1.569301589758911E-019  7.267471725616942E-022
          68  1.219206626775783E-006  5.734440871684738E-009
          87  4.806781212621294E-022  2.213988295560874E-024
          89  2.697402359395839E-007  1.285110610300058E-009
         100  1.270674815416072E-018  5.879113226444850E-021
         103  2.492939142218882E-015  1.153164964950424E-017
         106  3.257619771325631E-013  1.507528404679323E-015
         112  1.200505895382334E-008  5.591465543901293E-011
         119  5.197655766274090E-023  2.400843671724404E-025
          12
          11  2.070335068323767E-019  9.569912803224624E-022
          17  1.076935948994293E-009  4.988881933526247E-012
          30  1.693386097382906E-016  7.807421727427549E-019
          36  1.298736247542758E-011  6.005345379965988E-014
          52  2.208735223101294E-016  1.017485221817867E-018
          54  1.892834280982850E-017  8.719402341747559E-020
          62  2.468986508202129E-010  1.140254337195790E-012
          63  5.930369143755592E-015  2.755953151591473E-017
          87  1.484728207915961E-012  6.882558054520773E-015
          90  2.252969397716959E-009  1.041964251203673E-011
         103  3.799341321801741E-013  1.761656667032920E-015
         106  2.948532385466042E-013  1.363112679948998E-015
          14
           6  8.227641491029103E-005  3.972396598706904E-007
           8  2.697334098155367E-007  1.271202604740905E-009
          10  9.680650368448432E-010  4.725528814911513E-012
          31  3.962815385446596E-008  1.849713590092264E-010
          43  2.044555659728622E-007  9.952330984821170E-010
          49  1.127057665360395E-006  5.325912880669698E-009
          61  5.164064498142154E-025  2.387166403425010E-027
          71  9.239061737234920E-006  4.435211850960337E-008
          80  1.550871874061505E-018  7.246016200527333E-021
          82  1.164389103627107E-006  5.679527159665706E-009
         101  1.206752034517092E-006  5.883788706915814E-009
         115  1.640526968350002E-012  7.833706700073272E-015
         122  9.350511649681709E-007  4.440219832875483E-009
         129  6.040706308907260E-007  2.961420705576595E-009
           7
           9  9.090092130047726E-015  4.187378585923374E-017
          24  1.838628845217616E-015  8.481169277828966E-018
          67  2.420781389741503E-018  1.116037880110537E-020
          92  1.043056188441895E-020  4.814980811062262E-023
          93  5.081480884300147E-014  2.346162876655632E-016
          95  1.893161175154064E-013  8.737440154058695E-016
         117  1.560141934948519E-014  7.222293943086373E-017
           3
          13  2.116283335097752E-015  9.762469242453593E-018
          39  1.500743029999175E-014  6.938345186378729E-017
         109  4.226463802503932E-020  1.947027079053255E-022
          14
          40  5.450491208677771E-022  2.520200148861900E-024
          42  5.903203873345711E-009  2.853040062767955E-011
          48  1.767973043454573E-005  8.380272613331548E-008
          50  2.742763090548870E-008  1.291871945833146E-010
          59  2.230048735692784E-010  1.034782266278024E-012
          64  6.273088016616024E-016  2.906636707685423E-018
          76  3.984698019604623E-017  1.841739625810715E-019
          83  3.047038411020214E-011  1.426683456762450E-013
          88  4.405027007426316E-007  2.134908073069639E-009
          96  2.273020176372413E-017  1.047387119116191E-019
         100  4.655812449899874E-010  2.201746244988805E-012
         104  3.127847623468210E-007  1.462433448693147E-009
         108  1.002975900695913E-009  4.798114390138203E-012
         114  1.144035309544128E-005  5.470351482014423E-008
           3
          61  5.906696857871829E-030  2.728306915632694E-032
          79  6.365625668904519E-016  2.939571017777828E-018
         113  2.973517616065085E-025  1.371998699761207E-027
          16
           9  1.429453073353085E-009  6.587191230498756E-012
          18  1.444136215411241E-012  6.647555425536814E-015
          24  1.372236100193597E-009  6.359421088512692E-012
          38  9.926826374120050E-016  4.567411144919823E-018
          60  4.636367467530332E-017  2.135664800169612E-019
          67  2.009216768014863E-012  9.255429969693402E-015
          69  1.924714327589481E-013  8.879404457752517E-016
          92  1.514162525998699E-009  6.992298769253624E-012
          93  2.652692527222868E-008  1.229009282945591E-010
          95  2.140393308724052E-010  9.888024859069733E-013
         105  1.070451748881684E-011  4.946808450135743E-014
         116  5.861060658772037E-013  2.738270219498497E-015
         117  4.721171445358628E-008  2.195743791601675E-010
         118  1.410235208251528E-010  6.504489565078636E-013
         128  3.222660267825388E-014  1.493038064133722E-016
         130  5.385416231476455E-012  2.475329072190091E-014
          26
          10  1.780215403779380E-019  8.277197498585776E-022
          11  1.545062717233584E-009  7.340333379051915E-012
          14  3.803124603639717E-005  1.900006126828627E-007
          15  2.551291073134621E-007  1.281575999819454E-009
          16  4.701058626696216E-004  2.374289051845926E-006
          20  2.189982230737047E-007  1.056197091808646E-009
          29  4.445582020648800E-008  2.155864272903454E-010
          35  2.033584739313008E-005  1.028795438520475E-007
          40  2.088421280441966E-006  1.030969257234946E-008
          41  2.472424111001309E-006  1.235020399310442E-008
          42  4.236548989087376E-017  1.971831696338787E-019
          56  4.857442056516656E-009  2.402148927086467E-011
          63  8.270841486694048E-009  3.937960820445567E-011
          68  4.722944758742972E-019  2.181043869246672E-021
          80  3.087222651530387E-020  1.434050644478683E-022
          87  1.691977719021994E-011  7.907142381774332E-014
          88  3.111705300832967E-024  1.435705454805557E-026
          89  2.758067637997079E-008  1.320136930515970E-010
          98  1.010349008863609E-006  5.002200149500723E-009
         100  9.625616387172485E-024  4.445608676444300E-026
         102  1.101620246743868E-012  5.155151250008939E-015
         103  2.891781491676576E-012  1.349425863901038E-014
         106  8.462044877558065E-019  3.902367826654158E-021
         115  2.841087689269592E-011  1.370837577363587E-013
         116  3.155864445939262E-013  1.481624822279613E-015
         128  9.128256066615142E-017  4.226974506791167E-019
           9
           6  1.380042902852630E-015  6.423211491437107E-018
           8  1.822661277230923E-022  8.429725049658482E-025
          31  2.160363913174364E-009  1.003763067491570E-011
          49  5.015919915879111E-013  2.334829235478065E-015
          61  7.991929101438831E-015  3.697942716146819E-017
          71  2.896247646862565E-011  1.362399412389449E-013
          79  1.153493981177989E-011  5.337301718200122E-014
          85  7.814179273255169E-015  3.612474973274148E-017
         122  2.995501633857404E-012  1.393977012860075E-014
          10
           3  5.778468281232962E-011  2.674546589977931E-013
          19  3.315450436431981E-011  1.532621376177952E-013
          40  2.316674567223560E-018  1.075037629448909E-020
          46  2.527652815378971E-016  1.165491458071260E-018
          68  1.961902460598016E-007  9.206305982702516E-010
          89  3.864234764307699E-008  1.836209995804109E-010
         100  2.615927029397599E-014  1.218065254310056E-016
         106  2.788102913760733E-020  1.284997106430909E-022
         112  1.991643559064592E-010  9.247363784215014E-013
         119  1.893990201886868E-015  8.748056921922971E-018
           2
          79  7.774000299493525E-018  3.578575228696649E-020
          85  1.059836387857092E-023  4.878487786151944E-026
           4
           8  2.051360211270528E-029  9.450660530608843E-032
          13  2.818822152403693E-014  1.297764277764594E-016
          39  7.038502748641361E-014  3.247660800629857E-016
         109  1.031263394172881E-022  4.741255490027064E-025
          16
           9  7.105968030476791E-013  3.281059986855364E-015
          24  7.678795686807725E-007  3.585097126021924E-009
          29  3.707659367179548E-014  1.737287811239038E-016
          61  3.434509006646932E-013  1.589226859663368E-015
          92  3.607343545290996E-016  1.668042153427400E-018
          93  1.518411179338802E-008  7.057997997396478E-011
          94  2.100031984474795E-013  9.708475886484872E-016
          95  2.272186083590093E-008  1.055263311120084E-010
          98  1.892439811980470E-022  8.726421788709604E-025
         101  6.348358963564390E-022  2.931357267770725E-024
         113  1.202290015714654E-020  5.546119362134871E-023
         115  6.417731037844990E-024  2.961390254846148E-026
         116  5.165818776394383E-010  2.448829030824862E-012
         117  5.728177863010278E-008  2.673944595617903E-010
         122  8.625179172890363E-015  3.988000682740473E-017
         128  1.335783422957960E-017  6.177103097930858E-020
          10
           6  1.086591270938258E-013  5.059971811683922E-016
           8  4.976571904652892E-017  2.294478977785748E-019
          31  8.837392504382535E-009  4.095486059127177E-011
          49  1.471151362395936E-011  6.838524900281348E-014
          61  7.512375740368008E-016  3.462016448675402E-018
          71  9.240008318973724E-011  4.338015188082136E-013
          79  2.799851491736353E-012  1.290509480442311E-014
          85  1.616251912915303E-015  7.443882251810372E-018
          99  1.755552063979030E-030  8.080924763797791E-033
         122  6.624437743841122E-012  3.075034122591725E-014
           7
           7  4.104317981620854E-028  1.895556444152558E-030
          21  2.312836883437169E-024  1.067574541363290E-026
          28  8.253506578027422E-019  3.812529857453761E-021
          47  3.095754672774377E-018  1.433134356419267E-020
          58  3.086146592727204E-029  1.426756034578711E-031
          84  8.613442816469229E-019  3.974236049924161E-021
         120  1.683273258537412E-018  7.751793486238987E-021
          22
           2  5.130906800153392E-014  2.394921376494633E-016
           5  2.927660084371720E-011  1.390762849401277E-013
          10  3.803707727878952E-006  1.909576373393970E-008
          14  3.371909843717769E-008  1.663883600952092E-010
          15  4.278599939954742E-004  2.193438294876008E-006
          16  2.536451672702208E-007  1.265858710396549E-009
          35  3.792931737389785E-006  1.920891248114875E-008
          40  1.021564494920158E-009  4.961171917623485E-012
          41  1.167404377454000E-009  5.733242912360707E-012
          42  3.435212698515713E-006  1.700683998967916E-008
          43  1.517035804111486E-009  7.352622347515578E-012
          56  1.091775208033524E-003  5.582540514376048E-006
          66  2.806051756546456E-009  1.350410341265229E-011
          80  2.586052060954867E-004  1.313219941637847E-006
          82  4.874186239548868E-010  2.353476189013548E-012
          88  5.780847070283872E-009  2.799977839616558E-011
          98  3.599092959851496E-012  1.725500698789316E-014
         101  2.452698933702551E-017  1.141411131428073E-019
         108  8.017302345352220E-008  3.903333571266066E-010
         110  1.415451794929285E-004  7.113999562332537E-007
         115  1.160139314198050E-009  5.673988996999206E-012
         129  3.384644267363114E-010  1.640494110380469E-012
           9
           6  2.879467891678713E-011  1.353591402487661E-013
           8  4.766877000457716E-008  2.231779301197783E-010
          13  6.150909170018477E-013  2.837671765444714E-015
          31  1.607350085728403E-008  7.462739661525716E-011
          39  1.023691369954591E-012  4.733049078393796E-015
          49  1.057948911090881E-007  4.963803884927095E-010
          71  5.053500692188741E-018  2.344013197200455E-020
          99  1.315480677405209E-025  6.065315529067478E-028
         109  4.289591430591412E-021  1.975719277520243E-023
           6
           8  1.685944404697129E-013  7.804519102659867E-016
          13  1.006542139652468E-012  4.640344699954063E-015
          31  6.033920012225676E-015  2.781455855901065E-017
          39  2.371942823731455E-012  1.095928417996913E-014
          49  1.948850077137375E-013  9.041584991877880E-016
         109  7.847174998532769E-018  3.612370020022644E-020
          14
          14  4.764256957207007E-011  2.289573955614479E-013
          16  1.768643089824339E-027  8.157640261043091E-030
          40  1.517921978395888E-008  7.351678163665841E-011
          42  9.602398723644999E-008  4.667954224870562E-010
          48  1.482940799135457E-006  7.007653592869666E-009
          50  3.058370680991639E-014  1.413793420926481E-016
          56  1.406923251487438E-018  6.556438846278732E-021
          64  3.485102383226878E-009  1.624702471069617E-011
          76  1.368476573320870E-021  6.311411933685153E-024
          88  7.374879010350490E-006  3.589116647721140E-008
         100  1.342551200213716E-005  6.450047889792899E-008
         104  1.693040152533195E-010  7.865728934656782E-013
         108  2.987593878634522E-012  1.411668738359016E-014
         114  4.158351136725745E-005  1.991380851042118E-007
          16
          10  5.420332039963667E-015  2.562780613729228E-017
          11  2.711040339001996E-008  1.290654320097981E-010
          15  7.368450071606473E-012  3.577386369654741E-014
          16  3.740248229726860E-012  1.797715051689329E-014
          20  1.998261985298789E-007  9.607507272875864E-010
          29  4.893298423046703E-004  2.409374364946999E-006
          35  7.586854122151837E-007  3.801577282194579E-009
          41  6.942885755230530E-005  3.481008291211708E-007
          63  1.588746326885967E-012  7.442772584664467E-015
          98  1.984996395395630E-004  9.889341938887623E-007
         101  1.089766352603088E-011  5.183254526673835E-014
         102  7.030744225579112E-007  3.354587067274526E-009
         115  1.542006824694258E-006  7.632917764646825E-009
         116  1.380154838829730E-004  6.707926817263129E-007
         128  2.366142863535232E-006  1.130759904863767E-008
         129  2.818993990392769E-013  1.335508981625117E-015
           7
          31  3.835238999179746E-018  1.770805715549401E-020
          61  1.494089092270958E-013  6.915340127028858E-016
          71  1.246683897691164E-020  5.786920207670040E-023
          79  7.690789906551840E-011  3.558410292516963E-013
          85  1.018097206949445E-014  4.705026739193368E-017
         113  6.957230143003749E-018  3.212743245521934E-020
         122  7.473077797569655E-020  3.442582813237808E-022
          13
           3  3.885043128031936E-012  1.792639435267329E-014
          17  3.454041744101372E-010  1.597379654350771E-012
          30  4.058358228314790E-012  1.869015049392565E-014
          36  2.127792038539334E-009  9.840061136356858E-012
          54  2.943708623730879E-011  1.354677174136488E-013
          62  3.005196246967377E-013  1.385476888800859E-015
          63  7.949386716205122E-020  3.673262361915050E-022
          68  1.007967035749565E-018  4.646391780375095E-021
          87  7.586619964797794E-013  3.510671531218572E-015
          90  4.568270101035844E-013  2.106343714172311E-015
         103  1.037856406760558E-011  4.819877476754619E-014
         106  3.118056308769104E-010  1.446803132913061E-012
         112  1.748268563506163E-011  8.088003470946121E-014
          14
           3  7.017056417704364E-010  3.248307262965635E-012
          14  1.669834030332255E-009  8.078085396652522E-012
          16  1.340428951608331E-011  6.433977759631414E-014
          19  3.043040923384489E-015  1.402205669340651E-017
          20  1.017017889204883E-024  4.691140660018783E-027
          40  6.242182561599439E-009  3.013209151090357E-011
          63  2.831175774574348E-013  1.318625293696872E-015
          68  4.985138072865035E-006  2.345546487582377E-008
          87  1.035809298119966E-011  4.808896167046912E-014
          89  3.714601043949230E-005  1.781244253645827E-007
         100  2.030022095476160E-011  9.524460534044805E-014
         103  3.243262271529190E-010  1.512946422533210E-012
         106  3.278279370523260E-010  1.522900822735330E-012
         112  2.226727812880279E-008  1.036387394959824E-010
           0
          12
           6  5.793139364192521E-015  2.692638709721434E-017
          24  4.527047540188809E-013  2.092059779202449E-015
          31  9.821715656359996E-022  4.522784685066186E-024
          61  4.554978767747225E-007  2.120461347780170E-009
          71  1.242751422405173E-007  5.904558852454309E-010
          79  6.952989309946318E-010  3.213444139655073E-012
          94  1.666580283115459E-010  7.703101052466797E-013
          95  1.669969416307450E-019  7.702955679959500E-022
         101  3.427368842750817E-011  1.627510285539712E-013
         113  3.296032145325885E-010  1.521353590411234E-012
         122  1.053097466606445E-006  4.975860577772616E-009
         129  2.804949698062756E-019  1.297601649859474E-021
          19
           3  2.278432570316752E-016  1.049079276433307E-018
          11  9.753586653921935E-009  4.603947110602512E-011
          17  1.420590342582415E-007  6.589740648809421E-010
          20  2.413881742175758E-009  1.143832463261740E-011
          30  1.594686813201579E-016  7.339147405932459E-019
          36  5.795134571848565E-009  2.681104057824054E-011
          52  6.242869812972593E-024  2.870502172869388E-026
          54  1.417117776125866E-015  6.516576866963456E-018
          62  2.260907217383058E-010  1.042897985638780E-012
          63  2.588920989576014E-007  1.227306228157855E-009
          68  9.576324931244811E-019  4.411499975481332E-021
          87  7.845997455253309E-007  3.685856776426859E-009
          89  6.987071948642751E-017  3.234348573163607E-019
          90  2.056166012534255E-008  9.508302112904329E-011
         102  2.102754296474721E-012  9.788481031329545E-015
         103  4.474949345289650E-007  2.102721289239104E-009
         106  1.427474010947949E-007  6.665086286623354E-010
         112  2.295866972786851E-012  1.060958180768993E-014
         128  4.231543463488710E-021  1.948862830739956E-023
           6
           8  1.997769780644166E-012  9.270753596359315E-015
          13  9.091612699962580E-012  4.195422364486586E-014
          31  2.168864715104869E-015  1.000427921368429E-017
          39  1.083331685339093E-011  5.009857477333126E-014
          49  7.225810318083432E-013  3.357936010750485E-015
         109  3.715675729583929E-019  1.711892045733568E-021
           0
          11
          18  4.481957961455050E-015  2.064944090229552E-017
          38  2.845672184033743E-020  1.310802626984922E-022
          60  1.191876393411944E-011  5.497712034783013E-014
          69  1.163397720189461E-010  5.375597442309877E-013
          77  1.526476220985414E-010  7.030238970420582E-013
          92  7.184681138273245E-018  3.316922523381655E-020
         102  1.902940753750641E-016  8.798222656101813E-019
         105  3.046207558084616E-009  1.412197330135062E-011
         118  3.738699340494698E-013  1.724966024522869E-015
         128  4.113447420564072E-014  1.908598601974735E-016
         130  6.282937976753122E-013  2.890360468824656E-015
           2
          95  3.349830344297381E-024  1.548620968341317E-026
         107  3.041657381519346E-029  1.406607352349123E-031
          20
          10  1.046426671295368E-008  5.187457452613306E-011
          14  1.162856728555152E-004  5.856986737800824E-007
          15  3.093151538731340E-004  1.589380677958392E-006
          16  3.671687831419274E-004  1.861692413542864E-006
          29  8.113640733476958E-016  3.800554861276062E-018
          35  8.069449994118243E-005  4.126552844935913E-007
          40  1.471041610577560E-005  7.326231576487840E-008
          41  2.814557130800969E-007  1.407488885940921E-009
          42  2.263122167935599E-006  1.121361888460751E-008
          56  4.767437827027010E-004  2.435336770256733E-006
          80  6.152336949372633E-007  3.093888988341140E-009
          88  4.698003154919550E-008  2.293061106881382E-010
          89  9.895271949255653E-021  4.595714901823970E-023
          98  1.292571713869856E-008  6.362355382704852E-011
         100  3.710442904780873E-014  1.741527681864702E-016
         108  2.011351713503734E-011  9.631476630561834E-014
         110  5.800344490893566E-008  2.874065033706417E-010
         114  5.003784467171241E-021  2.317143852598033E-023
         115  9.881583016617050E-010  4.842548282800655E-012
         129  3.591423215055673E-015  1.694117221208581E-017
          16
          11  2.411370568437297E-009  1.137496613114862E-011
          17  1.076064058626066E-021  4.965604743229159E-024
          20  3.178679293322056E-011  1.497295829471246E-013
          29  3.486001151784987E-027  1.605811771287395E-029
          52  1.142052151287504E-013  5.261298956417810E-016
          60  2.662779941408623E-020  1.228413588223915E-022
          63  9.859414094091956E-013  4.604380854619428E-015
          69  8.086067329313060E-016  3.735213379082849E-018
          77  5.615380110831675E-011  2.588003278102826E-013
          87  5.083018225447890E-016  2.344362794372776E-018
          90  1.953171717768472E-014  9.013158557949522E-017
         102  1.977147386294130E-008  9.330803805675841E-011
         103  2.613057356756497E-025  1.205092632980302E-027
         105  5.702944227899732E-010  2.643807538263509E-012
         116  1.925679949295705E-016  8.929720583412921E-019
         128  5.170092236916733E-009  2.433736658207459E-011
           5
           4  3.502691009561142E-019  1.622463274756691E-021
          61  5.171359094238543E-013  2.394894378670912E-015
          79  3.248708646663868E-015  1.502010608919062E-017
          94  2.692112507584123E-012  1.245945774919258E-014
         113  7.030928832486925E-012  3.249505269402694E-014
           2
          30  1.134799986545183E-025  5.229899818424032E-028
          54  1.164740045264993E-028  5.363223513348707E-031
          17
          14  6.483433390835540E-004  3.255024053010809E-006
          15  4.426165777217004E-009  2.200301497266812E-011
          16  8.056343458399353E-005  4.055790840040689E-007
          35  8.046642406522415E-010  3.969099925469522E-012
          40  7.702030941462314E-004  3.837129919310393E-006
          41  2.083795726243267E-018  9.727215893548617E-021
          42  3.078541909854983E-006  1.518829481313158E-008
          48  2.501976813918249E-019  1.155880773480899E-021
          56  1.510906473101953E-006  7.581253512843041E-009
          68  2.149498159457339E-024  9.930347844970956E-027
          80  2.456844980639698E-023  1.137729058944335E-025
          88  4.383066432306663E-006  2.146419329231258E-008
          89  1.905196720359770E-009  9.071500446406787E-012
         100  2.711329212230354E-006  1.307845018737987E-008
         108  1.899146302073033E-013  8.965373821467635E-016
         110  2.777427961804128E-016  1.304935229008274E-018
         114  2.568205460709263E-009  1.219408774909734E-011
          18
           9  5.277969862521161E-010  2.435756435109765E-012
          18  3.137867330561185E-014  1.446087703692194E-016
          24  1.696583291398732E-008  7.887259078375420E-011
          29  9.079357294259166E-014  4.251718564920097E-016
          38  2.899361310697320E-020  1.335576661759825E-022
          60  2.500464313068178E-020  1.153170570536396E-022
          67  3.120981522529813E-014  1.439399553144068E-016
          69  2.004203323959496E-014  9.257178994701789E-017
          92  4.511876819652663E-010  2.086896171378132E-012
          93  5.652797183535207E-008  2.624724320699295E-010
          95  8.056058171647966E-010  3.729586400408955E-012
         102  1.371098131130914E-015  6.347649855153809E-018
         105  3.153015557112844E-011  1.460028208902803E-013
         116  3.395557382322153E-009  1.612584332460441E-011
         117  1.437187114506563E-007  6.701573201446615E-010
         118  2.690720381036017E-011  1.242647573169595E-013
         128  1.195877900855250E-010  5.601446492045876E-013
         130  3.588732850333231E-013  1.651488202888157E-015
           6
           4  3.826947075094542E-019  1.770206820091464E-021
          24  1.527168816709979E-027  7.051708407824067E-030
          61  2.038208717561159E-010  9.447527593990949E-013
          79  2.328090405434016E-012  1.075416452862130E-014
          94  9.275123211874210E-011  4.289220590299765E-013
         113  2.066431133098457E-010  9.541822175999966E-013
           4
          13  1.541552673203152E-016  7.091374412024788E-019
          22  1.541542831033943E-024  7.092712706266298E-027
          39  2.281626260301734E-020  1.051923491222840E-022
          97  1.157627778901552E-019  5.335086170754663E-022
           2
          59  4.333189711687268E-019  2.002765338985653E-021
          86  2.266843401729672E-026  1.049609798822858E-028
          20
           6  1.431307257256374E-006  6.894911290605901E-009
           8  4.313387840374841E-020  1.994628190619187E-022
          10  6.478203262809796E-006  3.240994364645824E-008
          15  7.048981831951858E-011  3.455224744724422E-013
          29  7.836168423229722E-013  3.704499854453933E-015
          31  5.766064550064261E-024  2.661717853397299E-026
          35  7.076929074697646E-010  3.486663639762415E-012
          41  4.132949584580088E-008  2.041417309558228E-010
          43  8.949399350474238E-008  4.362231530062775E-010
          49  1.279311469819787E-015  5.945571611067168E-018
          61  1.384182481048489E-017  6.403454560016587E-020
          71  6.026090887378773E-006  2.901590870537795E-008
          80  2.982972628580536E-010  1.458942524818550E-012
          82  1.283790361813915E-006  6.287547875293315E-009
          98  2.332043033799231E-008  1.141603734330467E-010
         101  5.017002518094339E-004  2.480793645204022E-006
         115  5.219464822383943E-005  2.605004672583449E-007
         116  1.037438949108707E-015  4.835176625101578E-018
         122  6.249262039607236E-006  2.984440892285396E-008
         129  2.074735382074843E-004  1.032234462154829E-006
          11
           6  1.248662964729238E-005  5.981385094598935E-008
           8  2.196322101589496E-006  1.032000517996139E-008
          10  1.940775127950483E-016  9.088102975066025E-019
          31  3.105424169753668E-007  1.444245462469211E-009
          43  2.414049833802211E-009  1.159082186165434E-011
          49  5.592186401440842E-006  2.632944927464045E-008
          71  2.245972142514563E-007  1.066460653790718E-009
          82  1.269963740956718E-008  6.111376064951045E-011
         101  3.583770771034406E-010  1.709621306133216E-012
         122  4.435580168123388E-009  2.078608851311816E-011
         129  1.579708225054625E-010  7.563228030537239E-013
           4
          37  1.112305787354627E-015  5.135088382115614E-018
          64  9.770664500645367E-016  4.511414148567108E-018
          76  3.348945628371795E-022  1.542600545713851E-024
          91  2.878651829135278E-025  1.325519750421486E-027
           7
           9  9.032431706773478E-013  4.164883518504541E-015
          24  5.146559945860154E-012  2.381187428635924E-014
          67  3.378175699251251E-016  1.558656554189818E-018
          92  1.610195562157946E-016  7.438967420987754E-019
          93  1.436351362025768E-011  6.645340181556815E-014
          95  3.508414704473134E-011  1.622175894970097E-013
         117  9.335800301205699E-012  4.331946682731469E-014
          10
          37  8.839880860192829E-013  4.100822536122724E-015
          46  4.036136442193017E-022  1.865440102191706E-024
          48  1.682704565592781E-010  7.872136200715015E-013
          64  3.148734709112697E-008  1.471337722900066E-010
          76  1.045942525201786E-010  4.844807825697480E-013
          88  3.206321070764397E-020  1.485694301011978E-022
          91  2.450402116196503E-012  1.133939406965434E-014
         100  1.394838372191034E-010  6.581709186265412E-013
         104  6.165675762170728E-012  2.863843035669471E-014
         114  9.094524818114805E-010  4.291020040371144E-012
          13
           6  2.395863367124567E-009  1.133829056827918E-011
           8  1.757492014323388E-006  8.254954334139109E-009
          13  2.211228144388706E-011  1.019881875991792E-013
          22  1.104277792204551E-025  5.089280749370613E-028
          31  2.237391751325032E-010  1.035987841898825E-012
          32  1.813682400150100E-021  8.367157766136717E-024
          39  2.392273836718086E-012  1.105450225319965E-014
          43  6.706744084674638E-013  3.161977204789106E-015
          49  3.165207358652324E-007  1.486469749297645E-009
          55  4.384170366488024E-012  2.036380449536346E-014
          71  1.857344372672243E-021  8.597595888612852E-024
          82  4.034812845993956E-013  1.899634058833544E-015
         125  1.026885602163485E-019  4.747148192359121E-022
          23
           6  9.307187620863509E-024  4.290879444423400E-026
          10  9.303161920982294E-006  4.660892624937132E-008
          11  4.013113854302686E-020  1.851598863255469E-022
          14  9.217339294451644E-014  4.373457127228251E-016
          15  2.698752121579040E-005  1.370651851997597E-007
          16  3.810049367290576E-008  1.884517583185410E-010
          20  1.345289698649755E-013  6.302530218852746E-016
          29  1.230392212546653E-005  6.037434472014982E-008
          35  4.568400509394132E-004  2.328645966382786E-006
          41  1.058426423685079E-003  5.345679268719356E-006
          43  1.988023547508488E-012  9.438496042063930E-015
          56  6.030602933495986E-010  2.961809399404470E-012
          71  2.239777438614641E-019  1.036537257203222E-021
          80  4.699285206796981E-008  2.331862731689879E-010
          82  1.065856241019492E-010  5.107286341606164E-013
          98  6.763826741134170E-004  3.388936652761632E-006
         101  1.967902420564142E-006  9.646673270124397E-009
         102  5.471732045370451E-016  2.533818439868954E-018
         115  6.603945392437987E-004  3.317715597063803E-006
         116  1.033299770697851E-007  4.974078306269393E-010
         122  7.810171075248307E-017  3.596363735114793E-019
         128  2.322789439993677E-014  1.079469655977121E-016
         129  4.813080063473363E-006  2.379550100201375E-008
           1
          96  4.731215374284456E-026  2.177717452350336E-028
           5
          46  1.130312279497417E-009  5.221624635848924E-012
          57  1.272217875783227E-029  5.863513777331361E-032
          64  7.419827649015532E-010  3.451596711838839E-012
         100  6.417780175475251E-017  2.975910785598693E-019
         119  8.305065332468616E-012  3.838765569405729E-014
          18
           3  9.526093867153405E-017  4.401969257017720E-019
          11  4.217468572313714E-010  1.988154703551563E-012
          17  1.171353573924831E-007  5.451081145607537E-010
          20  5.212165660415694E-011  2.462031908208676E-013
          30  5.895394678679529E-015  2.723297373485474E-017
          36  6.871555098607522E-009  3.190581228963603E-011
          52  6.895226337214503E-023  3.182142267932470E-025
          54  2.340371195664630E-014  1.080222792642656E-016
          62  4.842078853163404E-010  2.241448949698684E-012
          63  2.863597037106922E-008  1.358023997881294E-010
          68  2.462668669881619E-022  1.138465426588691E-024
          87  1.692061796841546E-007  7.960631692528927E-010
          89  5.369909629889310E-022  2.488361356036707E-024
          90  2.020041819270306E-008  9.373142198526808E-011
         102  3.578993158925773E-015  1.661674631518324E-017
         103  1.092248974835476E-007  5.137589690857672E-010
         106  5.181483579359256E-008  2.424153084174706E-010
         112  6.904718885886162E-013  3.199791125961566E-015
          23
           2  1.567489245386532E-006  7.512456689806688E-009
           5  1.301672132449571E-005  6.321040603788226E-008
          10  4.086547477281711E-009  2.007721505740831E-011
          15  7.151101964980360E-009  3.550050180155256E-011
          26  9.357592395571534E-012  4.370042247852119E-014
          27  3.421416741655324E-016  1.583199792648027E-018
          35  5.138571203703246E-021  2.387634190491913E-023
          42  2.491839373659040E-009  1.206656506106757E-011
          43  1.589868839274170E-008  7.717963942481684E-011
          50  4.501104536082367E-015  2.081849264361308E-017
          55  1.394905647809145E-016  6.456531947813548E-019
          56  6.723301203461012E-007  3.360616057405594E-009
          66  1.006089834655183E-004  4.918673070305723E-007
          70  3.330255014224742E-020  1.536969843447563E-022
          78  9.237411129892799E-011  4.330037406612286E-013
          80  1.744090215283162E-005  8.761382996275596E-008
          81  1.481063000093648E-008  7.012287613008619E-011
          82  6.497282940544108E-010  3.127901221684897E-012
          83  1.233799078899305E-013  5.748814044216424E-016
          88  6.786301331967050E-016  3.166354935422469E-018
         108  4.724513007828105E-007  2.298378917905057E-009
         110  4.455129524906123E-004  2.230705224683874E-006
         129  1.709605805289053E-017  7.954505899611277E-020
          10
           9  4.574936535539216E-011  2.112505005313677E-013
          18  3.750561200061429E-027  1.730873895211254E-029
          24  3.077817142323348E-010  1.428195138063466E-012
          67  4.776905201497819E-014  2.206265978024707E-016
          92  3.075855961817208E-013  1.422711804938898E-015
          93  7.909158336980512E-010  3.667474012836542E-012
          94  5.288928245883262E-030  2.443712213785664E-032
          95  5.828164830390409E-010  2.700202378413313E-012
         117  7.481243622138439E-010  3.480989416626401E-012
         118  3.486738210533622E-019  1.611091704198884E-021
          21
           6  9.024261752034670E-013  4.245059395910817E-015
          10  9.624363430861448E-006  4.826722498825755E-008
          15  7.662517908337094E-007  3.866331566242490E-009
          16  4.058334632689160E-013  1.944168768954407E-015
          20  6.968566811565108E-026  3.225308175668463E-028
          29  3.243693065090352E-006  1.590200773275002E-008
          35  2.420286020179037E-005  1.227195747612333E-007
          41  2.217064181097041E-004  1.117560283221496E-006
          43  6.004850259640353E-011  2.880892702090180E-013
          56  3.118674171599463E-015  1.479890353684497E-017
          71  8.674353319910238E-011  4.106229714266676E-013
          80  4.022426823673823E-009  1.984209093100380E-011
          82  2.836192673287203E-009  1.373108441930079E-011
          98  1.846161505232034E-004  9.233061717683456E-007
         101  4.797172731754275E-005  2.366886964270306E-007
         102  2.346407759333816E-023  1.083921106818778E-025
         115  9.383823834743048E-004  4.728786040882904E-006
         116  9.931452601436784E-008  4.788041999024430E-010
         122  5.888873127607393E-010  2.776030051786281E-012
         128  2.334892063678613E-016  1.083307856145257E-018
         129  3.610835216122129E-005  1.793765745137598E-007
           9
           4  2.043969411721504E-025  9.444589023791821E-028
          24  2.700522508714972E-015  1.246397816840299E-017
          61  4.710146791099653E-008  2.188271490376289E-010
          71  1.405820925075997E-014  6.544882014224030E-017
          79  3.731624517238135E-010  1.723907077508600E-012
          94  1.443546289062353E-009  6.673583164123416E-012
          95  1.975594726315994E-019  9.117130216082951E-022
         113  2.721776435326958E-009  1.256381413301961E-011
         122  9.753702852617025E-012  4.535620165179716E-014
           3
          46  1.734036332181616E-012  7.991663851256909E-015
          64  1.113563561979135E-014  5.150561824939605E-017
         119  1.334532813691008E-015  6.158483630384092E-018
          12
          12  3.182689159918679E-013  1.480186695396112E-015
          23  1.103892734323713E-011  5.111145182170751E-014
          34  6.751137957819538E-017  3.127648235476201E-019
          44  4.820171952559065E-014  2.226037549910210E-016
          53  8.850957786903457E-012  4.114532382177342E-014
          70  1.048419212871588E-018  4.853045556881674E-021
          73  1.888929237776029E-014  8.748249121070209E-017
          74  2.701381475417221E-015  1.250394276171271E-017
          78  2.303281878872711E-018  1.067989084536680E-020
         111  9.759811107620820E-019  4.517051468111086E-021
         123  3.703762866550119E-014  1.710383264621228E-016
         124  2.728157626337462E-015  1.263848149053791E-017
          14
           2  3.109593024301685E-023  1.431649248697214E-025
          12  1.054051744357516E-009  4.902190859948110E-012
          23  7.403108003660031E-013  3.413110844470557E-015
          25  1.767281989741314E-023  8.155865668795081E-026
          44  4.540661130562191E-011  2.089426978143470E-013
          50  1.723871231691897E-016  7.936026176743870E-019
          53  2.640388491605376E-010  1.223984289796954E-012
          59  3.342288857802584E-016  1.539819486185861E-018
          73  1.415073616058477E-021  6.524753289890333E-024
          74  2.421886590436619E-009  1.123393439431581E-011
          78  1.578242354547731E-012  7.331801592324687E-015
          83  1.622411260071106E-012  7.549666696740682E-015
          86  3.270200152461202E-021  1.509089604015405E-023
         111  1.810459455994428E-028  8.346729746953965E-031
          14
           2  2.978540828281768E-014  1.378751457796266E-016
          12  1.671839499431556E-008  7.778145800706972E-011
          23  9.059270769232064E-012  4.171758974310751E-014
          44  6.502871970122486E-011  2.987535163436132E-013
          50  5.000718775199666E-012  2.316412016532188E-014
          53  2.324421425257260E-009  1.076788661929353E-011
          59  2.751014479528105E-013  1.266622617771994E-015
          70  2.224732223826151E-023  1.024010633150671E-025
          73  8.283272637939736E-017  3.813000498159857E-019
          74  4.026814792633678E-008  1.868558926892532E-010
          78  4.022098121506412E-010  1.874399468414206E-012
          83  7.209708440091071E-010  3.371810576420201E-012
          86  3.962356248198694E-022  1.825313517029848E-024
         124  9.623511142995489E-028  4.432726726553185E-030
          17
           2  1.922209361139143E-017  8.889176130661448E-020
          14  8.355268002982224E-006  4.156739244702001E-008
          15  4.006685387332455E-008  2.002598908060374E-010
          16  3.447986656728637E-007  1.716135509258792E-009
          35  7.219874903780959E-012  3.508759705622061E-014
          40  1.299890927375469E-005  6.435779337511331E-008
          42  6.555150317909149E-004  3.263746589211660E-006
          48  3.718237070365848E-010  1.747484620374434E-012
          50  9.089476741327774E-011  4.262311428383401E-013
          56  8.823055876719988E-005  4.464432627914153E-007
          80  5.309576863796140E-011  2.583183163270330E-013
          83  1.066409508088793E-014  4.961983392595317E-017
          88  2.627150429207659E-004  1.297124993527492E-006
         100  5.372545277335123E-008  2.574236942211832E-010
         108  5.672099450737201E-006  2.776291348359511E-008
         110  2.822657718129809E-007  1.395217454125079E-009
         114  4.877733861463950E-007  2.336448646296634E-009
          13
           2  5.903899768221696E-014  2.739638955730122E-016
          12  2.041654403529615E-010  9.487537123617939E-013
          23  3.532144537680339E-009  1.631460525603353E-011
          34  3.559859235618333E-010  1.644366999174650E-012
          44  5.133705729370847E-017  2.361282996961427E-019
          45  2.470544858727886E-019  1.143232044966084E-021
          53  8.827302206884233E-010  4.093528545490405E-012
          70  4.965624607432491E-009  2.304543912019584E-011
          73  1.154466787187786E-008  5.349610780579033E-011
          74  1.968810053424166E-012  9.095092941530182E-015
          78  2.568238351251167E-010  1.198391828730443E-012
         123  4.136991333533975E-012  1.903070180606392E-014
         124  3.249712955430641E-009  1.503216081862592E-011
          10
          48  3.579761199522959E-008  1.682896196152726E-010
          50  3.333064856260689E-011  1.554981682097561E-013
          59  6.386416775629082E-009  2.967364366688073E-011
          76  3.010518407686854E-017  1.392459348215029E-019
          83  9.684508384941570E-015  4.501531041223977E-017
          88  6.837506987389892E-021  3.165400970259329E-023
          91  1.000740708858286E-023  4.627111482753050E-026
          96  4.111287725324568E-011  1.896927789644298E-013
         104  1.273749368710224E-007  5.946862893095330E-010
         114  5.028830563221599E-011  2.360898539625261E-013
          12
           3  8.346394196687241E-021  3.842958132757213E-023
          17  4.736263598514611E-010  2.189255661535707E-012
          30  1.299911653988305E-012  5.983654098869574E-015
          36  3.364741195382933E-010  1.554260728122098E-012
          54  1.982092306982504E-012  9.116187383190991E-015
          62  2.192732008469686E-011  1.010744335931909E-013
          63  8.005865415321544E-022  3.696646028712834E-024
          87  4.332627576410937E-014  2.000000599991254E-016
          90  3.436953054883790E-011  1.585245073695064E-013
         103  1.813441815773680E-013  8.389723755930549E-016
         106  4.148885052020176E-012  1.918061994043939E-014
         112  1.120049206667766E-017  5.159940365358677E-020
          14
          37  3.505889871069410E-020  1.622152325833283E-022
          42  2.022755017931822E-015  9.453823617621444E-018
          48  1.458400067844443E-006  6.878681839188224E-009
          50  5.746350572560614E-015  2.654047682405530E-017
          59  1.715948209409150E-015  7.915372959415238E-018
          64  1.098894454945609E-010  5.108412619353357E-013
          76  2.845668602626932E-011  1.315291557440755E-013
          88  4.422412946600200E-010  2.110421563804874E-012
          91  1.361930079433058E-013  6.288010516212732E-016
          96  1.557303477021858E-015  7.168845713311084E-018
         100  5.155076655857951E-010  2.433060450440274E-012
         104  1.096594827809955E-007  5.114136152401336E-010
         108  1.323637914358883E-025  6.119098525037267E-028
         114  1.042747025686014E-006  4.959537437004025E-009
          18
           6  2.741624322945037E-005  1.326123734402323E-007
           8  1.849798210755670E-011  8.642924621581026E-014
          10  1.943320460952943E-006  9.685763628907212E-009
          15  1.824265724006557E-014  8.720075022390506E-017
          31  1.210683381494356E-012  5.615810210023094E-015
          35  1.458563798671697E-014  6.965041539270909E-017
          41  6.914048546108397E-012  3.334342001651289E-014
          43  7.157660288646215E-007  3.503425694800083E-009
          49  4.013742193395550E-010  1.884654522166377E-012
          61  4.482287913885759E-017  2.073968531349919E-019
          71  2.560906042018482E-005  1.233974572286701E-007
          80  5.474142717403043E-011  2.661487764374222E-013
          82  6.121261613397928E-006  3.007490316629188E-008
          98  1.307107395151654E-012  6.233222558210197E-015
         101  2.255371986619958E-004  1.111959840646914E-006
         115  1.718661834217320E-006  8.520781994394131E-009
         122  1.148680907697381E-005  5.483418463894126E-008
         129  1.097927805843759E-004  5.449266042430624E-007
           0
          10
          12  4.063780038739799E-013  1.884469730357095E-015
          25  2.917136450372600E-028  1.347346831559674E-030
          44  1.593250138913288E-013  7.335591440589479E-016
          50  1.157549450947020E-017  5.328875277071489E-020
          53  5.454575735711791E-015  2.524457593004688E-017
          59  8.195964967274248E-013  3.784237918696876E-015
          74  1.591449605704431E-011  7.367447487691047E-014
          78  6.953613699991014E-023  3.213484600521571E-025
          83  1.716419954298596E-014  7.963918374509469E-017
          86  2.918713391926536E-015  1.348008371695210E-017
          22
           2  1.095281919230805E-015  5.080436811168239E-018
           5  1.013860688078097E-009  4.850480288884077E-012
          10  4.420249051209123E-005  2.228457684652133E-007
          14  7.158828728212999E-010  3.491878481746636E-012
          15  5.980539765509600E-004  3.064509747902995E-006
          16  3.156296244151159E-008  1.564120988726038E-010
          35  6.951627228139376E-006  3.519284002231941E-008
          40  2.281491621654714E-012  1.087906169280081E-014
          41  8.642736836015118E-009  4.264068082990508E-011
          42  1.204978548482125E-007  5.909843189386511E-010
          43  1.438299288083097E-007  7.040178729258782E-010
          56  4.250242000529232E-004  2.161774380176039E-006
          66  1.819576224949599E-008  8.779428682442018E-011
          80  8.180283108675033E-004  4.157926540758876E-006
          82  7.405683376075420E-008  3.617486472502334E-010
          88  9.537432613028849E-012  4.539519088047413E-014
          98  7.182755631615168E-011  3.471192410308197E-013
         101  5.112396405754411E-012  2.433968483427295E-014
         108  2.439569943575957E-009  1.176868355697625E-011
         110  1.013828610015818E-004  5.090205984267361E-007
         115  4.379342072911040E-008  2.161029800859343E-010
         129  5.083159684850840E-008  2.494861138216034E-010
          14
          42  6.735204213144893E-012  3.197083401990460E-014
          48  7.218792365902136E-006  3.412316111888613E-008
          50  1.071606397320651E-009  5.013063642088965E-012
          59  1.735449373059888E-010  8.031830819955920E-013
          64  2.051803948633998E-015  9.490008860343208E-018
          76  8.599648512165308E-014  3.968654708863689E-016
          83  1.149035927125778E-013  5.337853910931897E-016
          88  7.602940789819163E-009  3.644465463850118E-011
          91  5.697053851451612E-018  2.626942798973640E-020
          96  5.290697522833991E-014  2.433963162091072E-016
         100  1.122824729200880E-011  5.266248163039680E-014
         104  5.586210171306113E-007  2.606202373818789E-009
         108  6.873125942267960E-013  3.235169509372516E-015
         114  2.054010727813062E-006  9.778585047753573E-009
           7
           3  4.743176566861746E-011  2.193206234094465E-013
          19  8.484369401072961E-012  3.917774482197833E-014
          36  1.074666065408289E-029  4.961821784890885E-032
          68  9.140305239834970E-014  4.231307799763727E-016
         106  6.110603942985646E-026  2.815705101425234E-028
         112  4.378721624675104E-012  2.026931531171381E-014
         131  2.916575257093177E-022  1.346120175177743E-024
           7
          46  1.977268589745835E-009  9.147425834867494E-012
          57  8.275663340225620E-024  3.817636972003646E-026
          64  2.410353201309959E-010  1.122254360818402E-012
          68  2.883412785058460E-017  1.333492532443971E-019
          89  6.057062036381925E-021  2.806721990215471E-023
         100  1.167004057914358E-011  5.481494943664036E-014
         119  1.590043658340523E-010  7.359996759030676E-013
           4
          59  3.609281628725735E-012  1.667534050161660E-014
          86  3.507722429834763E-017  1.620357556700348E-019
          96  2.876813302019456E-028  1.324195732395417E-030
         104  3.264597760477132E-028  1.508342418673557E-030
          26
           2  4.755195789711744E-005  2.280011738735776E-007
           5  8.306710221123739E-008  3.982197815820090E-010
           7  1.796344456885558E-017  8.286012514240130E-020
          12  1.151612784240965E-009  5.375663527641519E-012
          23  2.885805133425892E-013  1.332751900718860E-015
          26  3.701561631952090E-010  1.730938625674304E-012
          27  4.665361223911906E-012  2.167226642506552E-014
          34  1.785713797769239E-018  8.246623062451802E-021
          42  4.085363567412136E-018  1.893869734934101E-020
          50  3.418472820897641E-011  1.594557498537923E-013
          53  6.167045168625558E-012  2.862076571175809E-014
          55  1.559380156042030E-022  7.200271338929366E-025
          56  4.805295228187839E-020  2.231765778567034E-022
          66  2.623906661820417E-006  1.268229656491228E-008
          70  3.454130357724082E-008  1.611183476385269E-010
          73  1.256273102842452E-009  5.834922753919410E-012
          74  2.065286388445806E-010  9.595207085077783E-013
          78  3.159650368956176E-006  1.495323774536534E-008
          80  3.643560633647157E-015  1.722146512314931E-017
          81  8.305299274885126E-009  3.915480991542697E-011
          83  4.479999827071870E-009  2.109763727576183E-011
         108  2.770850924219326E-008  1.335489295133746E-010
         110  2.787938323478770E-007  1.369163330314672E-009
         124  1.622803236944846E-012  7.509278379209192E-015
         125  9.818573504738392E-028  4.541674267520202E-030
         127  2.367528402442488E-016  1.093531310385463E-018
          23
           2  3.424931657701175E-009  1.618992323039468E-011
           5  2.076920153258847E-004  1.009729473615448E-006
           7  2.167606124151318E-012  1.002647771092122E-014
          10  1.022094745614831E-011  4.923042630767356E-014
          15  2.862335140725953E-022  1.325350213838885E-024
          21  1.743315096107324E-014  8.042221143389893E-017
          26  1.195622181063679E-006  5.642881675789378E-009
          27  6.208868488815298E-008  2.910620575656235E-010
          32  4.975797628781613E-014  2.300337732045630E-016
          43  2.255167348025869E-007  1.097224684585594E-009
          55  2.072627859938116E-007  9.767311132625833E-010
          56  6.359134854366942E-018  2.970228466080174E-020
          66  1.779080991256008E-004  8.672821275838108E-007
          70  1.005091541775096E-014  4.643416691453339E-017
          78  2.575311233216753E-015  1.192669952590183E-017
          80  6.036230894242395E-008  2.984904205210842E-010
          81  2.330673175289167E-005  1.111009132141500E-007
          82  1.038996339689979E-008  5.018225162370861E-011
         108  4.194779306889547E-018  1.945221779194151E-020
         110  3.197431665595599E-007  1.572308417076699E-009
         125  4.885296661711451E-009  2.285848449187637E-011
         127  2.517351322677941E-009  1.173400971081320E-011
         129  4.386104546075085E-021  2.023636727906170E-023
          17
           3  2.962500279056801E-008  1.377724115189271E-010
          11  3.178362752647500E-022  1.469393098469411E-024
          14  8.611156121059606E-013  4.100784790632862E-015
          16  7.770939413659719E-015  3.672395430012076E-017
          17  2.534862860602383E-017  1.171038554139952E-019
          19  1.038827289484167E-013  4.802905199935007E-016
          20  9.798525758388053E-016  4.560607603240242E-018
          36  1.883508389991527E-014  8.710356212714913E-017
          40  1.694209618997586E-012  8.040414068297191E-015
          63  2.781582597815118E-010  1.311147470576382E-012
          68  8.594633943726828E-006  4.054826156367468E-008
          87  5.469322032397396E-009  2.565503127998056E-011
          89  2.479780879141059E-005  1.190762556353038E-007
         100  5.500290792005595E-023  2.542721542941414E-025
         103  5.169858723565776E-008  2.432684502362977E-010
         106  6.624922388250525E-008  3.100888131263717E-010
         112  4.718945123679473E-007  2.207601587020777E-009
          22
           5  2.767195635177501E-005  1.341649289412224E-007
           6  1.940391611235912E-008  9.241966032615191E-011
           8  2.115928160467390E-009  9.908855089296108E-012
          10  1.033646837369836E-007  5.099812676794676E-010
          15  2.268918659736243E-016  1.069812785505375E-018
          26  3.788239231508214E-009  1.777202413404122E-011
          27  3.288826621888095E-011  1.530584243634961E-013
          32  3.853917797455935E-015  1.780311475596434E-017
          43  8.858015642257042E-005  4.359426614560963E-007
          49  2.886740898737662E-012  1.344423412214476E-014
          55  2.870256946440325E-007  1.353526406564788E-009
          66  3.216597468927631E-006  1.556195865686331E-008
          71  8.394625660038366E-030  3.884424842382947E-032
          80  3.394081967384338E-007  1.684715239251970E-009
          81  5.428210878195752E-007  2.576841537013948E-009
          82  2.993151420073859E-005  1.468523908172047E-007
         101  1.110987658702546E-012  5.246955783302609E-015
         110  2.932925889984738E-010  1.419456216229016E-012
         115  3.410779040442469E-023  1.571438061894028E-025
         125  3.180183127390687E-010  1.484459745373627E-012
         127  7.575022485668123E-013  3.509147887705828E-015
         129  6.325889767918014E-009  3.067446324809213E-011
          30
           2  5.685526519974086E-006  2.724186750893807E-008
           5  8.013706682967386E-006  3.882728666743056E-008
           7  4.342540928443371E-012  2.014426194216297E-014
          12  3.100386018832224E-014  1.441392377837399E-016
          21  1.261012673393591E-014  5.832750736829492E-017
          23  2.088162730919030E-020  9.649394309332804E-023
          26  1.717948402480277E-007  8.108829382229135E-010
          27  9.746765015962176E-009  4.569363428504817E-011
          34  1.872173099239760E-024  8.664630359570008E-027
          43  9.480691133734638E-015  4.454782388649496E-017
          50  1.426081842494246E-020  6.572337899950827E-023
          53  2.967236737603056E-019  1.375912080199600E-021
          55  3.575812867608762E-011  1.672466696554875E-013
          56  4.919812137585446E-021  2.285467258402997E-023
          66  4.255330578936494E-005  2.072881936384288E-007
          70  1.059478592894859E-008  4.949874575539415E-011
          73  5.216798972426039E-011  2.424441068135195E-013
          74  5.318664753104584E-017  2.459189324684179E-019
          78  6.324707278798664E-008  2.987164259478520E-010
          80  1.349624448200268E-011  6.525855822408621E-014
          81  1.827765069784644E-006  8.699701081976202E-009
          82  1.067281498246205E-022  4.933677078286106E-025
          83  6.529097256026119E-014  3.042969585151453E-016
          84  7.337988823245270E-024  3.388321681215150E-026
         108  1.081652731701762E-010  5.163399452133399E-013
         110  3.806121937099874E-007  1.876665629847135E-009
         120  7.817115360766814E-028  3.602678855170489E-030
         124  2.110729366128793E-014  9.779983100998240E-017
         125  2.954697501694399E-012  1.377475112863976E-014
         127  1.058980717412058E-010  4.934958286648899E-013
           1
          44  1.599071493069069E-026  7.383454116785927E-029
