         131
  0.199102900102488     
  0.201178278025538     
  0.200584213513278     
  0.198533791091229     
  0.200021139475638     
  0.198630587697714     
  0.200032356969155     
  0.199955120989878     
  0.199969252833808     
  0.200057993130818     
  0.199926655689748     
  0.199009109518171     
  0.200990878257651     
  0.199439059279005     
  0.199097341585748     
  0.199772208215707     
  0.199648896715968     
  0.199831781656393     
  0.199702983365703     
  0.199665128221037     
  0.199814077051029     
  0.199570894178673     
  0.200090991586312     
  0.199458317031477     
  0.199574906534600     
  0.200066121337661     
  0.200002076294025     
  0.199111890781616     
  0.200306909458429     
  0.198426730397933     
  0.200436711980141     
  0.200713024489495     
  0.199275281983886     
  0.199015493250853     
  0.199603193697799     
  0.198561432759261     
  0.198517215201374     
  0.200547153907007     
  0.198573976476955     
  0.200137467553459     
  0.199282825820909     
  0.198852704887903     
  0.200266702582358     
  0.200455238018319     
  0.199193325524608     
  0.199764164849363     
  0.199620800716828     
  0.199828845523413     
  0.198862982704453     
  0.199322584145923     
  0.199941693330812     
  0.199592724762389     
  0.198784321750856     
  0.200896221135268     
  0.199551834573360     
  0.200108540796043     
  0.199719950644190     
  0.200307317688845     
  0.200103787208941     
  0.199826473727862     
  0.199261708329592     
  0.200765704362449     
  0.199287865184121     
  0.199308454104253     
  0.200493893658732     
  0.200589328621520     
  0.200326784771999     
  0.199686373680251     
  0.199261085782016     
  0.199750899571331     
  0.199371172805284     
  0.200748438002974     
  0.200215025924150     
  0.199554098543217     
  0.198840621956840     
  0.199473257268419     
  0.199568342046027     
  0.199402084113501     
  0.198786005562453     
  0.199190365946943     
  0.199578349649252     
  0.200082486681149     
  0.198549441947200     
  0.200646543730647     
  0.198672981815398     
  0.198932001891126     
  0.200189200790368     
  0.199312281730355     
  0.199290869824467     
  0.200036234803803     
  0.200827021319660     
  0.199954797140600     
  0.199904367479458     
  0.198944948973014     
  0.200262425573763     
  0.200000145763277     
  0.199196835142696     
  0.199366091374532     
  0.200208383735626     
  0.200055093230325     
  0.199274644883990     
  0.199009633194154     
  0.199624183201398     
  0.199552538918133     
  0.199316149532928     
  0.200632338079684     
  0.200333704170955     
  0.199562979653449     
  0.200142276981020     
  0.198413740760525     
  0.199162879391794     
  0.198570637468139     
  0.198901626967188     
  0.200197040541159     
  0.198991044379041     
  0.199629989982384     
  0.198506071766174     
  0.199071024139607     
  0.199326431031046     
  0.200972579610266     
  0.198718165448907     
  0.199770739151544     
  0.199208385412924     
  0.199441261105579     
  0.198760552504122     
  0.199303708643895     
  0.198891168998504     
  0.198662789898710     
  0.200794281151894     
  0.200522106727812     
  0.198645303277628     
