         104
  0.199990976512923     
  0.200190954194516     
  0.199814769001677     
  0.199735272466735     
  0.198784246350569     
  0.199917957827390     
  0.199583243046426     
  0.198873744564613     
  0.199857072143955     
  0.199391023048928     
  0.198784073840359     
  0.199619786275490     
  0.199076645597320     
  0.199946953880858     
  0.199697876139239     
  0.199778485940446     
  0.198901381769211     
  0.200270105865314     
  0.200132719106210     
  0.199385078556178     
  0.199278592463738     
  0.199718800404431     
  0.200647511594944     
  0.200839237207863     
  0.197928450103312     
  0.199102318878374     
  0.199492051232014     
  0.199356795882378     
  0.199434063286937     
  0.199817570601905     
  0.200473027905175     
  0.199179072862594     
  0.199920159070680     
  0.199281999571392     
  0.199312147624651     
  0.199453782455466     
  0.199195686266697     
  0.200971740732817     
  0.200723645488085     
  0.199296141119400     
  0.199892183880316     
  0.200109353090028     
  0.199572037565446     
  0.200489457876287     
  0.198419412174148     
  0.199858476407432     
  0.200096487948562     
  0.199630296924230     
  0.199688640101455     
  0.199882222805187     
  0.199627996150398     
  0.199541280424469     
  0.199511818842492     
  0.199710252138745     
  0.199309210006007     
  0.200525138731748     
  0.200086972788644     
  0.198894956775525     
  0.198379000786691     
  0.198836850923067     
  0.198331750442924     
  0.199343680387371     
  0.199179457510825     
  0.199280175203089     
  0.199224792869913     
  0.201644302123578     
  0.199909453053064     
  0.200184169156732     
  0.200076429682096     
  0.199539430147585     
  0.199028851510146     
  0.198547017406331     
  0.200212576226192     
  0.199607587597395     
  0.198844693032987     
  0.200750945050613     
  0.199296047381724     
  0.199506673205636     
  0.199251494079197     
  0.199179449939132     
  0.200471196265403     
  0.199647419939522     
  0.199134696103372     
  0.199305725307217     
  0.200348540138716     
  0.199088589154999     
  0.199350974594215     
  0.199132343074234     
  0.200030189725717     
  0.199520695721436     
  0.199186934722671     
  0.199768317159785     
  0.198733974997253     
  0.198744315342882     
  0.200054856951949     
  0.199140811555367     
  0.198809368374496     
  0.198549018318161     
  0.199382031632031     
  0.200501719282530     
  0.199324749757910     
  0.198514081974647     
  0.200183841664868     
  0.199510943334776     
