         169
  0.199836866286339     
  0.198976636193027     
  0.200057355783141     
  0.161879642743554     
  0.199863771880312     
  0.201253094536958     
  0.199668370570765     
  0.200224376091212     
  0.201109104818352     
  0.199227131601771     
  0.200575421963844     
  0.199002034954922     
  0.198849875383402     
  0.199547312095728     
  0.196541662994969     
  0.199957930581549     
  0.199363328664603     
  0.199863238649660     
  0.200142382818819     
  0.199852892512893     
  0.199767994120410     
  0.198800567879258     
  0.198304012024568     
  5.508014411960292E-002
  0.199590353816916     
  0.199310039472281     
  0.199218805939028     
  0.199493384013640     
  0.200143538230175     
  0.199163129328406     
  0.197742453341820     
  0.199969786436768     
  6.824830564115347E-002
  0.104039923269492     
  0.198987981594425     
  0.199490827976504     
  0.200004777250268     
  0.199419149954455     
  0.199168674479755     
  4.993308774042259E-003
  0.200380927773934     
  0.200110275137522     
  0.199961064884460     
  0.200059768706429     
  0.142890922964691     
  0.198941974853891     
  3.415012211262425E-002
  0.199694428150611     
  9.647771972468411E-002
  0.170353973383502     
  0.199483622574461     
  0.198694862151793     
  0.198611844825114     
  0.198460118442458     
  0.199200558560604     
  0.198170273449236     
  0.199507962335688     
  0.199457564318890     
  0.200259897105661     
  0.198544519547100     
  0.199804314352338     
  0.199086940429849     
  0.199393711776024     
  0.198856106628912     
  0.200420385215510     
  0.199696798060779     
  0.199726443838043     
  0.199397963318027     
  0.199541118565020     
  0.199728780163750     
  0.198785000736108     
  0.198017942281892     
  0.199487834523834     
  0.197739974774985     
  0.199962316247272     
  0.199148179035422     
  0.199245306776834     
  0.199164155069665     
  0.199587110566473     
  5.036778570616426E-002
  0.199793770200782     
  0.199519367631258     
  0.198746792918024     
  0.199692882279457     
  0.199711960068525     
  0.188214042252242     
  0.112567302140434     
  0.200128111305617     
  0.184275379336404     
  0.191893427346411     
  4.461363795331618E-002
  0.201015144120103     
  3.639640682791632E-002
  0.198790046683730     
  0.171495424806671     
  0.198879982558166     
  0.199532071362654     
  1.833657304315223E-002
  3.955567009425946E-002
  0.199210497899610     
  0.200272923533598     
  0.199436374161061     
  0.187684235882334     
  0.194408683367632     
  0.199555068121386     
  0.199765756842746     
  0.199083134222790     
  0.199070528497081     
  0.199466735869727     
  0.186879128428747     
  0.197266570516146     
  0.198288678254553     
  0.198901903855737     
  0.200005824558455     
  0.198545910335160     
  0.199406821166809     
  0.199504947092949     
  0.200261443884221     
  0.199103465032370     
  0.199961584404021     
  0.199737227517564     
  0.200221598365251     
  0.193991265610147     
  0.185813172121852     
  0.199464443991456     
  5.316388909121131E-003
  0.199763455739451     
  0.169258550575275     
  0.200050413998653     
  9.727537250785241E-002
  0.199781300464174     
  0.159692544575734     
  0.200205661883300     
  0.200623641146130     
  0.111911405835554     
  0.189634181091721     
  0.199552212406380     
  0.199101007834943     
  1.688426565021003E-002
  0.198186227636835     
  0.199006699001460     
  0.200608683339863     
  0.118059024160156     
  0.199835641228052     
  0.195946777098779     
  0.199707931116120     
  0.200471848714335     
  0.198287207761245     
  0.200514045244205     
  0.198190684480339     
  0.198654830853728     
  0.198213616954994     
  0.143417860232447     
  0.199560997729538     
  0.198907413563200     
  0.200534456515180     
  0.199650751072033     
  8.747725484956655E-002
  0.193217389428440     
  0.198804334674387     
  0.199482892659570     
  0.199229840266377     
  0.199707865611364     
  0.199263726118043     
  0.199870230376296     
  0.199556025968776     
  0.200099612014562     
  0.198525357580593     
  0.199471640508850     
