5.000000000000000E-003 0.998622
1.500000000000000E-002 0.999911
2.500000000000000E-002 0.999214
3.500000000000000E-002 1.00062
4.500000000000000E-002 1.0003
5.500000000000000E-002 1.00197
6.500000000000000E-002 0.998832
7.500000000000000E-002 0.999555
8.500000000000001E-002 0.99926
9.500000000000000E-002 0.999525
0.105000000000000 1.00158
0.115000000000000 0.999918
0.125000000000000 1.00013
0.135000000000000 1.0012
0.145000000000000 0.999378
0.155000000000000 1.0004
0.165000000000000 1.00213
0.175000000000000 1.00069
0.185000000000000 1.00005
0.195000000000000 1.00026
0.205000000000000 0.999764
0.215000000000000 0.999863
0.225000000000000 0.999163
0.235000000000000 0.998575
0.245000000000000 0.999288
0.255000000000000 1.00101
0.265000000000000 1.00017
0.275000000000000 1.00191
0.285000000000000 0.999173
0.295000000000000 0.999937
0.305000000000000 0.999804
0.315000000000000 1.00086
0.325000000000000 0.999086
0.335000000000000 1.00312
0.345000000000000 1.00086
0.355000000000000 0.997906
0.365000000000000 0.999691
0.375000000000000 1.004
0.385000000000000 1.0014
0.395000000000000 0.999438
0.405000000000000 0.999089
0.415000000000000 0.999564
0.425000000000000 1.00121
0.435000000000000 1.00095
0.445000000000000 1.00174
0.455000000000000 0.998222
0.465000000000000 0.999554
0.475000000000000 0.999916
0.485000000000000 1.0018
0.495000000000000 1.00001
0.505000000000000 1.00006
0.515000000000000 1.00302
0.525000000000000 0.999126
0.535000000000000 1.0013
0.545000000000000 0.998193
0.555000000000000 1.00162
0.565000000000000 0.999529
0.575000000000000 0.999641
0.585000000000000 0.999323
0.595000000000000 1.00113
0.605000000000000 0.998849
0.615000000000000 0.999577
0.625000000000000 0.997537
0.635000000000000 1.00028
0.645000000000000 0.99971
0.655000000000000 1.00085
0.665000000000000 0.998883
0.675000000000000 0.998588
0.685000000000000 0.9999
0.695000000000000 0.999378
0.705000000000000 0.998077
0.715000000000000 0.999646
0.725000000000000 1.00005
0.735000000000000 0.999846
0.745000000000000 1.00233
0.755000000000000 0.998427
0.765000000000000 1.00014
0.775000000000000 1.00199
0.785000000000000 1.00044
0.795000000000000 0.9988
0.805000000000000 1.00001
0.815000000000000 1.0008
0.825000000000000 0.999912
0.835000000000000 0.997029
0.845000000000000 0.998904
0.855000000000000 1.00054
0.865000000000000 1.0001
0.875000000000000 1.00246
0.885000000000000 0.999216
0.895000000000000 1.00023
0.905000000000000 0.999093
0.915000000000000 0.997624
0.925000000000000 0.999261
0.935000000000000 0.998604
0.945000000000000 1.00164
0.955000000000000 0.997826
0.965000000000000 1.00186
0.975000000000000 0.999416
0.985000000000000 0.999521
0.995000000000000 0.999064
