1.000000000000000E-002 0.326153
3.000000000000000E-002 0.334724
5.000000000000000E-002 0.343901
7.000000000000001E-002 0.351306
9.000000000000000E-002 0.359505
0.110000000000000 0.367827
0.130000000000000 0.376352
0.150000000000000 0.384313
0.170000000000000 0.391647
0.190000000000000 0.398862
0.210000000000000 0.406188
0.230000000000000 0.413901
0.250000000000000 0.42137
0.270000000000000 0.428252
0.290000000000000 0.436313
0.310000000000000 0.443928
0.330000000000000 0.45182
0.350000000000000 0.45906
0.370000000000000 0.465349
0.390000000000000 0.472214
0.410000000000000 0.478574
0.430000000000000 0.486884
0.450000000000000 0.493333
0.470000000000000 0.499382
0.490000000000000 0.505685
0.510000000000000 0.512132
0.530000000000000 0.519596
0.550000000000000 0.52544
0.570000000000000 0.531942
0.590000000000000 0.538237
0.610000000000000 0.544183
0.630000000000000 0.551005
0.650000000000000 0.556261
0.670000000000000 0.560901
0.690000000000000 0.56597
0.710000000000000 0.57465
0.730000000000000 0.577784
0.750000000000000 0.58466
0.770000000000000 0.589349
0.790000000000000 0.594508
0.810000000000000 0.599333
0.830000000000000 0.605036
0.850000000000000 0.610604
0.870000000000000 0.614551
0.890000000000000 0.619612
0.910000000000000 0.623124
0.930000000000000 0.628293
0.950000000000000 0.63362
0.970000000000000 0.637364
0.990000000000000 0.640603
1.01000000000000 0.640868
1.03000000000000 0.636336
1.05000000000000 0.63344
1.07000000000000 0.628907
1.09000000000000 0.623463
1.11000000000000 0.619845
1.13000000000000 0.614348
1.15000000000000 0.609493
1.17000000000000 0.602998
1.19000000000000 0.598652
1.21000000000000 0.594218
1.23000000000000 0.589419
1.25000000000000 0.582549
1.27000000000000 0.578196
1.29000000000000 0.572081
1.31000000000000 0.566473
1.33000000000000 0.561571
1.35000000000000 0.555204
1.37000000000000 0.548846
1.39000000000000 0.543373
1.41000000000000 0.536262
1.43000000000000 0.531208
1.45000000000000 0.523258
1.47000000000000 0.517664
1.49000000000000 0.51096
1.51000000000000 0.504694
1.53000000000000 0.4973
1.55000000000000 0.49213
1.57000000000000 0.484475
1.59000000000000 0.477161
1.61000000000000 0.471534
1.63000000000000 0.464112
1.65000000000000 0.456972
1.67000000000000 0.449032
1.69000000000000 0.441051
1.71000000000000 0.433753
1.73000000000000 0.427021
1.75000000000000 0.419794
1.77000000000000 0.412167
1.79000000000000 0.404532
1.81000000000000 0.395897
1.83000000000000 0.389444
1.85000000000000 0.381397
1.87000000000000 0.373276
1.89000000000000 0.365121
1.91000000000000 0.357226
1.93000000000000 0.34884
1.95000000000000 0.341675
1.97000000000000 0.331762
1.99000000000000 0.3244
