2.500000000000000E-002 0.158163
7.500000000000001E-002 0.168644
0.125000000000000 0.179362
0.175000000000000 0.189842
0.225000000000000 0.200829
0.275000000000000 0.211028
0.325000000000000 0.221523
0.375000000000000 0.232186
0.425000000000000 0.242604
0.475000000000000 0.253762
0.525000000000000 0.263932
0.575000000000000 0.274537
0.625000000000000 0.284009
0.675000000000000 0.294454
0.725000000000000 0.304318
0.775000000000000 0.314047
0.825000000000000 0.323391
0.875000000000000 0.333163
0.925000000000000 0.342215
0.975000000000000 0.351269
1.02500000000000 0.358045
1.07500000000000 0.361227
1.12500000000000 0.365025
1.17500000000000 0.366881
1.22500000000000 0.369267
1.27500000000000 0.370494
1.32500000000000 0.37127
1.37500000000000 0.371192
1.42500000000000 0.371755
1.47500000000000 0.370931
1.52500000000000 0.370128
1.57500000000000 0.36696
1.62500000000000 0.365337
1.67500000000000 0.362221
1.72500000000000 0.358
1.77500000000000 0.354734
1.82500000000000 0.350055
1.87500000000000 0.345089
1.92500000000000 0.338965
1.97500000000000 0.333306
2.02500000000000 0.326726
2.07500000000000 0.31993
2.12500000000000 0.312844
2.17500000000000 0.305937
2.22500000000000 0.299008
2.27500000000000 0.290778
2.32500000000000 0.282996
2.37500000000000 0.274686
2.42500000000000 0.266295
2.47500000000000 0.258493
2.52500000000000 0.250665
2.57500000000000 0.242017
2.62500000000000 0.233233
2.67500000000000 0.224968
2.72500000000000 0.216002
2.77500000000000 0.207834
2.82500000000000 0.199887
2.87500000000000 0.191629
2.92500000000000 0.18339
2.97500000000000 0.175067
3.02500000000000 0.167644
3.07500000000000 0.159473
3.12500000000000 0.152042
3.17500000000000 0.143914
3.22500000000000 0.137076
3.27500000000000 0.130525
3.32500000000000 0.123328
3.37500000000000 0.116359
3.42500000000000 0.110137
3.47500000000000 0.103682
3.52500000000000 0.0975636
3.57500000000000 0.0921151
3.62500000000000 0.0862735
3.67500000000000 0.0809788
3.72500000000000 0.0756561
3.77500000000000 0.0706032
3.82500000000000 0.0660356
3.87500000000000 0.0618953
3.92500000000000 0.0573917
3.97500000000000 0.0531785
4.02500000000000 0.0493672
4.07500000000000 0.0456563
4.12500000000000 0.0419394
4.17500000000000 0.0387811
4.22500000000000 0.0357635
4.27500000000000 0.0326858
4.32500000000000 0.029936
4.37500000000000 0.0274912
4.42500000000000 0.0252325
4.47500000000000 0.0229324
4.52500000000000 0.0207501
4.57500000000000 0.0190224
4.62500000000000 0.0172813
4.67500000000000 0.0155168
4.72500000000000 0.0139502
4.77500000000000 0.0125933
4.82500000000000 0.0113754
4.87500000000000 0.0100973
4.92500000000000 0.00912479
4.97500000000000 0.00808418
