3.000000000000000E-002 0.158631
9.000000000000000E-002 0.171398
0.150000000000000 0.183796
0.210000000000000 0.196895
0.270000000000000 0.209374
0.330000000000000 0.221885
0.390000000000000 0.234578
0.450000000000000 0.247239
0.510000000000000 0.259914
0.570000000000000 0.272632
0.630000000000000 0.284102
0.690000000000000 0.296389
0.750000000000000 0.308108
0.810000000000000 0.319543
0.870000000000000 0.331105
0.930000000000000 0.341962
0.990000000000000 0.352305
1.05000000000000 0.358874
1.11000000000000 0.362277
1.17000000000000 0.36574
1.23000000000000 0.368192
1.29000000000000 0.36918
1.35000000000000 0.370355
1.41000000000000 0.370484
1.47000000000000 0.369589
1.53000000000000 0.368497
1.59000000000000 0.365183
1.65000000000000 0.362808
1.71000000000000 0.358053
1.77000000000000 0.353793
1.83000000000000 0.348348
1.89000000000000 0.341944
1.95000000000000 0.3354
2.01000000000000 0.327381
2.07000000000000 0.319648
2.13000000000000 0.31104
2.19000000000000 0.302924
2.25000000000000 0.293933
2.31000000000000 0.28461
2.37000000000000 0.274365
2.43000000000000 0.264762
2.49000000000000 0.255426
2.55000000000000 0.245404
2.61000000000000 0.23509
2.67000000000000 0.224888
2.73000000000000 0.214479
2.79000000000000 0.204658
2.85000000000000 0.195174
2.91000000000000 0.185298
2.97000000000000 0.175237
3.03000000000000 0.166195
3.09000000000000 0.15672
3.15000000000000 0.147532
3.21000000000000 0.13844
3.27000000000000 0.130797
3.33000000000000 0.122246
3.39000000000000 0.114192
3.45000000000000 0.106485
3.51000000000000 0.0989694
3.57000000000000 0.0923534
3.63000000000000 0.0855491
3.69000000000000 0.0790573
3.75000000000000 0.0728344
3.81000000000000 0.067212
3.87000000000000 0.0619863
3.93000000000000 0.0567647
3.99000000000000 0.0519587
4.05000000000000 0.0473762
4.11000000000000 0.0431123
4.17000000000000 0.0392901
4.23000000000000 0.0356052
4.29000000000000 0.0320645
4.35000000000000 0.0290559
4.41000000000000 0.0263065
4.47000000000000 0.0235994
4.53000000000000 0.0209585
4.59000000000000 0.0187782
4.65000000000000 0.0167602
4.71000000000000 0.0149062
4.77000000000000 0.013279
4.83000000000000 0.0117293
4.89000000000000 0.0102352
4.95000000000000 0.00904956
5.01000000000000 0.00784742
5.07000000000000 0.00689824
5.13000000000000 0.00603336
5.19000000000000 0.00517819
5.25000000000000 0.00446413
5.31000000000000 0.00392308
5.37000000000000 0.00329605
5.43000000000000 0.00283762
5.49000000000000 0.00241794
5.55000000000000 0.00204382
5.61000000000000 0.0017379
5.67000000000000 0.00144965
5.73000000000000 0.00122194
5.79000000000000 0.00101543
5.85000000000000 0.000816544
5.91000000000000 0.000660615
5.97000000000000 0.000537312
