3.500000000000000E-002 0.159664
0.105000000000000 0.174511
0.175000000000000 0.189242
0.245000000000000 0.203994
0.315000000000000 0.218813
0.385000000000000 0.23353
0.455000000000000 0.248375
0.525000000000000 0.262839
0.595000000000000 0.277528
0.665000000000000 0.291293
0.735000000000000 0.305134
0.805000000000000 0.31855
0.875000000000000 0.331861
0.945000000000000 0.344791
1.01500000000000 0.355565
1.08500000000000 0.360921
1.15500000000000 0.364763
1.22500000000000 0.367931
1.29500000000000 0.369353
1.36500000000000 0.370097
1.43500000000000 0.370449
1.50500000000000 0.368991
1.57500000000000 0.36588
1.64500000000000 0.36303
1.71500000000000 0.357587
1.78500000000000 0.352567
1.85500000000000 0.345856
1.92500000000000 0.338027
1.99500000000000 0.329355
2.06500000000000 0.320262
2.13500000000000 0.3103
2.20500000000000 0.300617
2.27500000000000 0.29001
2.34500000000000 0.278816
2.41500000000000 0.266955
2.48500000000000 0.256279
2.55500000000000 0.244482
2.62500000000000 0.232488
2.69500000000000 0.220518
2.76500000000000 0.208697
2.83500000000000 0.197662
2.90500000000000 0.18598
2.97500000000000 0.174557
3.04500000000000 0.163477
3.11500000000000 0.15322
3.18500000000000 0.141961
3.25500000000000 0.132718
3.32500000000000 0.122953
3.39500000000000 0.11353
3.46500000000000 0.104553
3.53500000000000 0.0960476
3.60500000000000 0.0885036
3.67500000000000 0.0806258
3.74500000000000 0.0733384
3.81500000000000 0.0667003
3.88500000000000 0.0607279
3.95500000000000 0.0546888
4.02500000000000 0.0492414
4.09500000000000 0.0442447
4.16500000000000 0.0395363
4.23500000000000 0.0352621
4.30500000000000 0.0312484
4.37500000000000 0.0279578
4.44500000000000 0.0247121
4.51500000000000 0.0215584
4.58500000000000 0.0189796
4.65500000000000 0.016616
4.72500000000000 0.0144914
4.79500000000000 0.0125871
4.86500000000000 0.0108271
4.93500000000000 0.00934928
5.00500000000000 0.00794621
5.07500000000000 0.00681767
5.14500000000000 0.00574894
5.21500000000000 0.00490871
5.28500000000000 0.00413916
5.35500000000000 0.00348876
5.42500000000000 0.00287201
5.49500000000000 0.00239608
5.56500000000000 0.00196943
5.63500000000000 0.00159299
5.70500000000000 0.00130837
5.77500000000000 0.00107948
5.84500000000000 0.000845934
5.91500000000000 0.000665279
5.98500000000000 0.000527307
6.05500000000000 0.000409637
6.12500000000000 0.000316785
6.19500000000000 0.000235471
6.26500000000000 0.000180156
6.33500000000000 0.000143157
6.40500000000000 0.000115533
6.47500000000000 7.57204e-05
6.54500000000000 5.05531e-05
6.61500000000000 3.31004e-05
6.68500000000000 2.71725e-05
6.75500000000000 2.08897e-05
6.82500000000000 9.17994e-06
6.89500000000000 1.08635e-05
6.96500000000000 4.99448e-06
