5.000000000000000E-003 0.99838
1.500000000000000E-002 1.0019
2.500000000000000E-002 0.9985
3.500000000000000E-002 0.99265
4.500000000000000E-002 1.00026
5.500000000000000E-002 1.00344
6.500000000000000E-002 0.99888
7.500000000000000E-002 1.0061
8.500000000000001E-002 1.00086
9.500000000000000E-002 0.99477
0.105000000000000 1.00255
0.115000000000000 0.99951
0.125000000000000 1.00044
0.135000000000000 0.99614
0.145000000000000 1.00384
0.155000000000000 0.99721
0.165000000000000 1.00325
0.175000000000000 1.0009
0.185000000000000 0.99842
0.195000000000000 0.99743
0.205000000000000 0.99989
0.215000000000000 0.99769
0.225000000000000 1.00428
0.235000000000000 1.00467
0.245000000000000 0.99704
0.255000000000000 0.99752
0.265000000000000 0.99985
0.275000000000000 1.00325
0.285000000000000 1.00299
0.295000000000000 1.00263
0.305000000000000 1.00233
0.315000000000000 0.99846
0.325000000000000 0.9978
0.335000000000000 0.99812
0.345000000000000 0.99484
0.355000000000000 0.99936
0.365000000000000 0.99446
0.375000000000000 0.99934
0.385000000000000 1.00551
0.395000000000000 1.0028
0.405000000000000 1.00421
0.415000000000000 0.99948
0.425000000000000 0.9926
0.435000000000000 1.00123
0.445000000000000 0.99904
0.455000000000000 0.99915
0.465000000000000 1.00045
0.475000000000000 1.00323
0.485000000000000 1.00425
0.495000000000000 0.99873
0.505000000000000 1.00509
0.515000000000000 1.00578
0.525000000000000 1.00483
0.535000000000000 1.0016
0.545000000000000 1.00084
0.555000000000000 0.9941
0.565000000000000 1.0014
0.575000000000000 0.99497
0.585000000000000 0.99929
0.595000000000000 0.99834
0.605000000000000 0.99748
0.615000000000000 1.00181
0.625000000000000 1.00089
0.635000000000000 0.99845
0.645000000000000 0.9971
0.655000000000000 1.00123
0.665000000000000 0.99731
0.675000000000000 1.00119
0.685000000000000 0.99488
0.695000000000000 1.00302
0.705000000000000 0.99927
0.715000000000000 1.00527
0.725000000000000 1.00199
0.735000000000000 1.00396
0.745000000000000 0.99726
0.755000000000000 1.00032
0.765000000000000 0.99898
0.775000000000000 0.99835
0.785000000000000 0.9913
0.795000000000000 0.99847
0.805000000000000 0.99487
0.815000000000000 1.00656
0.825000000000000 1.0052
0.835000000000000 1.00538
0.845000000000000 0.99526
0.855000000000000 0.99479
0.865000000000000 1.00184
0.875000000000000 0.99611
0.885000000000000 1.00132
0.895000000000000 1.0006
0.905000000000000 1.00388
0.915000000000000 1.00251
0.925000000000000 0.99706
0.935000000000000 0.99992
0.945000000000000 0.99734
0.955000000000000 1.00047
0.965000000000000 0.99937
0.975000000000000 1.00195
0.985000000000000 0.99919
0.995000000000000 1.00098
