1.000000000000000E-002 0.327425
3.000000000000000E-002 0.3374
5.000000000000000E-002 0.34313
7.000000000000001E-002 0.354255
9.000000000000000E-002 0.35838
0.110000000000000 0.3678
0.130000000000000 0.373765
0.150000000000000 0.384405
0.170000000000000 0.39054
0.190000000000000 0.398305
0.210000000000000 0.40352
0.230000000000000 0.413465
0.250000000000000 0.42323
0.270000000000000 0.428055
0.290000000000000 0.43646
0.310000000000000 0.44263
0.330000000000000 0.44943
0.350000000000000 0.46015
0.370000000000000 0.466515
0.390000000000000 0.47325
0.410000000000000 0.478885
0.430000000000000 0.48667
0.450000000000000 0.491685
0.470000000000000 0.502315
0.490000000000000 0.506985
0.510000000000000 0.51069
0.530000000000000 0.518855
0.550000000000000 0.524365
0.570000000000000 0.5304
0.590000000000000 0.53808
0.610000000000000 0.54647
0.630000000000000 0.54901
0.650000000000000 0.555495
0.670000000000000 0.564135
0.690000000000000 0.567
0.710000000000000 0.57583
0.730000000000000 0.57897
0.750000000000000 0.58387
0.770000000000000 0.588105
0.790000000000000 0.598535
0.810000000000000 0.60125
0.830000000000000 0.604065
0.850000000000000 0.609585
0.870000000000000 0.614035
0.890000000000000 0.616625
0.910000000000000 0.62125
0.930000000000000 0.62677
0.950000000000000 0.633455
0.970000000000000 0.63567
0.990000000000000 0.64436
1.01000000000000 0.64094
1.03000000000000 0.63735
1.05000000000000 0.632045
1.07000000000000 0.627585
1.09000000000000 0.62208
1.11000000000000 0.61898
1.13000000000000 0.61498
1.15000000000000 0.608725
1.17000000000000 0.60615
1.19000000000000 0.59854
1.21000000000000 0.592245
1.23000000000000 0.59048
1.25000000000000 0.581725
1.27000000000000 0.579155
1.29000000000000 0.573885
1.31000000000000 0.56616
1.33000000000000 0.56096
1.35000000000000 0.555205
1.37000000000000 0.549125
1.39000000000000 0.541995
1.41000000000000 0.53659
1.43000000000000 0.532105
1.45000000000000 0.52418
1.47000000000000 0.519255
1.49000000000000 0.51105
1.51000000000000 0.50454
1.53000000000000 0.49893
1.55000000000000 0.49139
1.57000000000000 0.48532
1.59000000000000 0.477845
1.61000000000000 0.47091
1.63000000000000 0.46207
1.65000000000000 0.455785
1.67000000000000 0.448305
1.69000000000000 0.440985
1.71000000000000 0.43487
1.73000000000000 0.423675
1.75000000000000 0.41967
1.77000000000000 0.41014
1.79000000000000 0.406585
1.81000000000000 0.39654
1.83000000000000 0.3886
1.85000000000000 0.381205
1.87000000000000 0.37306
1.89000000000000 0.36501
1.91000000000000 0.35838
1.93000000000000 0.347935
1.95000000000000 0.343385
1.97000000000000 0.33328
1.99000000000000 0.32457
