1.500000000000000E-002 0.19004
4.500000000000000E-002 0.198627
7.500000000000000E-002 0.20568
0.105000000000000 0.212717
0.135000000000000 0.223113
0.165000000000000 0.229457
0.195000000000000 0.237913
0.225000000000000 0.24511
0.255000000000000 0.250997
0.285000000000000 0.26173
0.315000000000000 0.267937
0.345000000000000 0.273247
0.375000000000000 0.284597
0.405000000000000 0.289697
0.435000000000000 0.299217
0.465000000000000 0.305133
0.495000000000000 0.31549
0.525000000000000 0.319283
0.555000000000000 0.32994
0.585000000000000 0.335893
0.615000000000000 0.343433
0.645000000000000 0.35069
0.675000000000000 0.3588
0.705000000000000 0.36515
0.735000000000000 0.371057
0.765000000000000 0.379637
0.795000000000000 0.38651
0.825000000000000 0.39289
0.855000000000000 0.401287
0.885000000000000 0.40736
0.915000000000000 0.412083
0.945000000000000 0.421387
0.975000000000000 0.425657
1.00500000000000 0.42983
1.03500000000000 0.43438
1.06500000000000 0.439153
1.09500000000000 0.440133
1.12500000000000 0.439773
1.15500000000000 0.442367
1.18500000000000 0.444757
1.21500000000000 0.446853
1.24500000000000 0.446473
1.27500000000000 0.445393
1.30500000000000 0.44832
1.33500000000000 0.44654
1.36500000000000 0.446733
1.39500000000000 0.448083
1.42500000000000 0.445247
1.45500000000000 0.442707
1.48500000000000 0.443297
1.51500000000000 0.442037
1.54500000000000 0.441147
1.57500000000000 0.437327
1.60500000000000 0.43589
1.63500000000000 0.432627
1.66500000000000 0.430227
1.69500000000000 0.428377
1.72500000000000 0.426127
1.75500000000000 0.418713
1.78500000000000 0.41611
1.81500000000000 0.411767
1.84500000000000 0.40798
1.87500000000000 0.402677
1.90500000000000 0.397747
1.93500000000000 0.39488
1.96500000000000 0.38989
1.99500000000000 0.382643
2.02500000000000 0.373537
2.05500000000000 0.371613
2.08500000000000 0.3604
2.11500000000000 0.35189
2.14500000000000 0.34418
2.17500000000000 0.336693
2.20500000000000 0.331087
2.23500000000000 0.324487
2.26500000000000 0.31529
2.29500000000000 0.30663
2.32500000000000 0.30002
2.35500000000000 0.290413
2.38500000000000 0.283137
2.41500000000000 0.276247
2.44500000000000 0.26672
2.47500000000000 0.261363
2.50500000000000 0.253177
2.53500000000000 0.244897
2.56500000000000 0.238493
2.59500000000000 0.232543
2.62500000000000 0.222597
2.65500000000000 0.215483
2.68500000000000 0.210193
2.71500000000000 0.201117
2.74500000000000 0.195177
2.77500000000000 0.188557
2.80500000000000 0.179127
2.83500000000000 0.1747
2.86500000000000 0.167333
2.89500000000000 0.159107
2.92500000000000 0.153323
2.95500000000000 0.145747
2.98500000000000 0.140097
