2.000000000000000E-002 0.162975
6.000000000000000E-002 0.17076
0.100000000000000 0.18016
0.140000000000000 0.189828
0.180000000000000 0.197142
0.220000000000000 0.20595
0.260000000000000 0.21407
0.300000000000000 0.22399
0.340000000000000 0.230458
0.380000000000000 0.242273
0.420000000000000 0.247583
0.460000000000000 0.257972
0.500000000000000 0.267778
0.540000000000000 0.275245
0.580000000000000 0.28461
0.620000000000000 0.293853
0.660000000000000 0.300385
0.700000000000000 0.308742
0.740000000000000 0.316858
0.780000000000000 0.32602
0.820000000000000 0.332295
0.860000000000000 0.341782
0.900000000000000 0.34744
0.940000000000000 0.356315
0.980000000000000 0.362928
1.02000000000000 0.368082
1.06000000000000 0.371695
1.10000000000000 0.375682
1.14000000000000 0.376518
1.18000000000000 0.380978
1.22000000000000 0.381395
1.26000000000000 0.38211
1.30000000000000 0.38395
1.34000000000000 0.382675
1.38000000000000 0.383532
1.42000000000000 0.382933
1.46000000000000 0.382275
1.50000000000000 0.38372
1.54000000000000 0.38138
1.58000000000000 0.37997
1.62000000000000 0.377358
1.66000000000000 0.37552
1.70000000000000 0.374088
1.74000000000000 0.369735
1.78000000000000 0.366187
1.82000000000000 0.36139
1.86000000000000 0.3571
1.90000000000000 0.352755
1.94000000000000 0.34862
1.98000000000000 0.343995
2.02000000000000 0.336885
2.06000000000000 0.334295
2.10000000000000 0.3267
2.14000000000000 0.32153
2.18000000000000 0.315065
2.22000000000000 0.30901
2.26000000000000 0.30426
2.30000000000000 0.296982
2.34000000000000 0.288552
2.38000000000000 0.282317
2.42000000000000 0.27547
2.46000000000000 0.268435
2.50000000000000 0.263097
2.54000000000000 0.254348
2.58000000000000 0.246545
2.62000000000000 0.239718
2.66000000000000 0.23363
2.70000000000000 0.226692
2.74000000000000 0.219708
2.78000000000000 0.213335
2.82000000000000 0.2046
2.86000000000000 0.199765
2.90000000000000 0.19239
2.94000000000000 0.184613
2.98000000000000 0.178512
3.02000000000000 0.1722
3.06000000000000 0.16393
3.10000000000000 0.157482
3.14000000000000 0.151078
3.18000000000000 0.143857
3.22000000000000 0.13721
3.26000000000000 0.13215
3.30000000000000 0.12469
3.34000000000000 0.119415
3.38000000000000 0.11322
3.42000000000000 0.107835
3.46000000000000 0.102087
3.50000000000000 0.096545
3.54000000000000 0.0910075
3.58000000000000 0.0871625
3.62000000000000 0.0807275
3.66000000000000 0.0761925
3.70000000000000 0.072565
3.74000000000000 0.068015
3.78000000000000 0.0638475
3.82000000000000 0.0598525
3.86000000000000 0.0561525
3.90000000000000 0.0521075
3.94000000000000 0.047875
3.98000000000000 0.0452875
