3.000000000000000E-002 0.159248
9.000000000000000E-002 0.171532
0.150000000000000 0.184802
0.210000000000000 0.196723
0.270000000000000 0.209133
0.330000000000000 0.220688
0.390000000000000 0.234453
0.450000000000000 0.24658
0.510000000000000 0.25969
0.570000000000000 0.272708
0.630000000000000 0.28492
0.690000000000000 0.29595
0.750000000000000 0.307913
0.810000000000000 0.319707
0.870000000000000 0.331482
0.930000000000000 0.341458
0.990000000000000 0.351797
1.05000000000000 0.358118
1.11000000000000 0.362542
1.17000000000000 0.366545
1.23000000000000 0.368467
1.29000000000000 0.370032
1.35000000000000 0.369698
1.41000000000000 0.369997
1.47000000000000 0.369537
1.53000000000000 0.368905
1.59000000000000 0.365867
1.65000000000000 0.36327
1.71000000000000 0.360055
1.77000000000000 0.353485
1.83000000000000 0.348143
1.89000000000000 0.341158
1.95000000000000 0.335557
2.01000000000000 0.326902
2.07000000000000 0.321007
2.13000000000000 0.311118
2.19000000000000 0.302968
2.25000000000000 0.29529
2.31000000000000 0.284878
2.37000000000000 0.274152
2.43000000000000 0.264122
2.49000000000000 0.255375
2.55000000000000 0.244468
2.61000000000000 0.233988
2.67000000000000 0.224993
2.73000000000000 0.214303
2.79000000000000 0.204515
2.85000000000000 0.195468
2.91000000000000 0.184375
2.97000000000000 0.175583
3.03000000000000 0.165908
3.09000000000000 0.156692
3.15000000000000 0.147408
3.21000000000000 0.138367
3.27000000000000 0.130405
3.33000000000000 0.122098
3.39000000000000 0.114395
3.45000000000000 0.107328
3.51000000000000 0.0992133
3.57000000000000 0.092635
3.63000000000000 0.0849717
3.69000000000000 0.0789167
3.75000000000000 0.07293
3.81000000000000 0.0673517
3.87000000000000 0.061825
3.93000000000000 0.0567467
3.99000000000000 0.051545
4.05000000000000 0.0475
4.11000000000000 0.0429733
4.17000000000000 0.0392133
4.23000000000000 0.0356483
4.29000000000000 0.0318117
4.35000000000000 0.0292917
4.41000000000000 0.0261583
4.47000000000000 0.0234283
4.53000000000000 0.0213217
4.59000000000000 0.0189333
4.65000000000000 0.017075
4.71000000000000 0.0149617
4.77000000000000 0.0129383
4.83000000000000 0.0118783
4.89000000000000 0.010215
4.95000000000000 0.00892167
5.01000000000000 0.00789333
5.07000000000000 0.00677167
5.13000000000000 0.00596667
5.19000000000000 0.00506333
5.25000000000000 0.00461667
5.31000000000000 0.003735
5.37000000000000 0.00325167
5.43000000000000 0.00279
5.49000000000000 0.002375
5.55000000000000 0.00202833
5.61000000000000 0.00175833
5.67000000000000 0.00147167
5.73000000000000 0.00120167
5.79000000000000 0.000916667
5.85000000000000 0.000835
5.91000000000000 0.000748333
5.97000000000000 0.00057
