3.500000000000000E-002 0.16041
0.105000000000000 0.17498
0.175000000000000 0.189514
0.245000000000000 0.203571
0.315000000000000 0.21814
0.385000000000000 0.233149
0.455000000000000 0.24777
0.525000000000000 0.263003
0.595000000000000 0.278151
0.665000000000000 0.2914
0.735000000000000 0.304391
0.805000000000000 0.318576
0.875000000000000 0.332324
0.945000000000000 0.344321
1.01500000000000 0.354204
1.08500000000000 0.361443
1.15500000000000 0.365327
1.22500000000000 0.368181
1.29500000000000 0.369631
1.36500000000000 0.369961
1.43500000000000 0.369343
1.50500000000000 0.369734
1.57500000000000 0.366754
1.64500000000000 0.363414
1.71500000000000 0.359131
1.78500000000000 0.352763
1.85500000000000 0.345224
1.92500000000000 0.337539
1.99500000000000 0.329419
2.06500000000000 0.321039
2.13500000000000 0.310624
2.20500000000000 0.300709
2.27500000000000 0.290916
2.34500000000000 0.278953
2.41500000000000 0.26634
2.48500000000000 0.256139
2.55500000000000 0.243104
2.62500000000000 0.232681
2.69500000000000 0.220047
2.76500000000000 0.208844
2.83500000000000 0.197131
2.90500000000000 0.185536
2.97500000000000 0.174883
3.04500000000000 0.163354
3.11500000000000 0.152941
3.18500000000000 0.141956
3.25500000000000 0.132416
3.32500000000000 0.122723
3.39500000000000 0.114106
3.46500000000000 0.10506
3.53500000000000 0.0962814
3.60500000000000 0.0880429
3.67500000000000 0.0805729
3.74500000000000 0.0733357
3.81500000000000 0.0668943
3.88500000000000 0.0604571
3.95500000000000 0.0547743
4.02500000000000 0.0490457
4.09500000000000 0.04394
4.16500000000000 0.0395557
4.23500000000000 0.0352614
4.30500000000000 0.0313429
4.37500000000000 0.0276686
4.44500000000000 0.0245557
4.51500000000000 0.02198
4.58500000000000 0.0190729
4.65500000000000 0.0168729
4.72500000000000 0.0145043
4.79500000000000 0.0124286
4.86500000000000 0.01094
4.93500000000000 0.00924
5.00500000000000 0.00795286
5.07500000000000 0.00666143
5.14500000000000 0.00575
5.21500000000000 0.00487
5.28500000000000 0.00403429
5.35500000000000 0.00345429
5.42500000000000 0.00282429
5.49500000000000 0.00239143
5.56500000000000 0.00197286
5.63500000000000 0.00165286
5.70500000000000 0.00129571
5.77500000000000 0.00100286
5.84500000000000 0.000875714
5.91500000000000 0.000698571
5.98500000000000 0.000561429
6.05500000000000 0.000432857
6.12500000000000 0.000318571
6.19500000000000 0.00025
6.26500000000000 0.000215714
6.33500000000000 0.000132857
6.40500000000000 9.71429e-05
6.47500000000000 7.85714e-05
6.54500000000000 4.57143e-05
6.61500000000000 4e-05
6.68500000000000 2.71429e-05
6.75500000000000 1e-05
6.82500000000000 1.71429e-05
6.89500000000000 4.28571e-06
6.96500000000000 5.71429e-06
