         141         112
           1
          86  4.942500666430578E-017  2.279574578048649E-019
          15
           3  1.122945907917221E-015  5.195853554355572E-018
          13  7.445976100025344E-013  3.439863827894149E-015
          23  4.048798556446604E-010  1.876651977390800E-012
          28  1.171420722821121E-014  5.416992365692640E-017
          44  1.224937021848138E-013  5.665976279855097E-016
          59  3.667357230394201E-009  1.702156054376122E-011
          68  1.329628489277459E-010  6.157001602993914E-013
          79  2.203270597613971E-010  1.021400594644662E-012
          81  8.316124920237587E-009  3.868394153217981E-011
          93  9.000684017035011E-016  4.158290803434805E-018
          96  7.170513835967517E-028  3.308331985316030E-030
          97  1.307590457349121E-013  6.058853823529458E-016
         101  1.430905589787524E-012  6.621776289951834E-015
         106  1.200901365765344E-016  5.555277674094576E-019
         111  5.579570041618176E-011  2.586835031999226E-013
           3
           9  2.330325238697433E-021  1.077588978140394E-023
          27  3.415719722131550E-022  1.574084176282023E-024
          98  4.782270015856222E-023  2.208014557338552E-025
          18
           4  7.707113773478055E-008  3.742254442564104E-010
          12  3.642585677741519E-012  1.731669179639221E-014
          14  7.338250756198419E-012  3.490809365932829E-014
          22  1.841715111192571E-011  8.803752902336578E-014
          25  8.761096899891289E-007  4.218072352815103E-009
          30  1.710430194586669E-006  8.352396417334269E-009
          38  2.380758684206357E-016  1.113692144059455E-018
          40  1.291972846293554E-009  6.156759907914969E-012
          56  7.351497906888259E-023  3.400376457316571E-025
          61  1.940846537432583E-019  9.004300416391927E-022
          65  1.872057073522780E-007  9.062104328866574E-010
          67  1.077502369099368E-005  5.293779049906944E-008
          82  2.009699921323214E-008  9.639369606025141E-011
          84  3.582756894075729E-012  1.692611497682611E-014
          87  4.967708083395031E-009  2.408702139102459E-011
          88  4.534857320910844E-014  2.123458231294044E-016
          92  2.134550662367906E-006  1.035031308592569E-008
         102  1.323796489986083E-006  6.427630995124528E-009
           2
          32  2.204292367941210E-023  1.017836867586052E-025
         110  1.957353662816101E-023  9.037435243879762E-026
          19
           8  1.039559529021158E-009  4.913452062167669E-012
          15  3.415811915486946E-005  1.635391887673838E-007
          19  4.321585037669733E-005  2.084330770670243E-007
          33  1.771553168390368E-007  8.475629778917342E-010
          41  1.084184124652072E-013  5.094741638887224E-016
          49  1.475878095237381E-009  6.964944315396152E-012
          51  1.835660957084290E-026  8.470517646862862E-029
          54  2.368569860194878E-007  1.135456508865351E-009
          58  4.972254075545757E-012  2.335264184743779E-014
          60  2.362867931498406E-005  1.136216265006836E-007
          62  3.728412890367059E-014  1.741765927278560E-016
          63  9.092843450532328E-019  4.210608662496596E-021
          64  1.058010043103035E-007  5.028119229700448E-010
          66  4.191264743691375E-005  2.013194868912052E-007
          71  2.097131500398024E-014  9.757051206794846E-017
          72  3.186133918695849E-013  1.489612763923051E-015
          78  1.486919813702459E-018  6.914136251008417E-021
          94  2.791631001649057E-010  1.322815947035564E-012
         103  1.380415865275792E-010  6.524728559428542E-013
           7
          21  4.214448731553529E-019  1.947992767859553E-021
          31  2.870355925755006E-016  1.328067321312430E-018
          40  1.041698064780279E-016  4.812050530972993E-019
          45  2.388985106927368E-011  1.102481417812455E-013
          61  1.570767766912391E-014  7.268856541244437E-017
          88  1.594893024293870E-013  7.369019718991086E-016
          89  3.114798175184321E-016  1.438231719505705E-018
           2
           7  2.953264529801752E-013  1.367219773466311E-015
          53  1.519291649879432E-025  7.052189169654772E-028
          13
           1  1.250250770149589E-012  5.779177329410114E-015
           2  1.073594980719628E-009  4.990260946412434E-012
           5  7.482230726066082E-008  3.487965439333767E-010
           9  1.249343984349135E-009  5.808413418134503E-012
          16  6.227721135803507E-018  2.874012815606562E-020
          21  9.257788718881323E-030  4.288166774186121E-032
          27  2.025473279106437E-012  9.364234583909974E-015
          37  1.333736598815526E-009  6.180241475391624E-012
          65  8.989682729015028E-026  4.159583207187979E-028
          70  3.830964297018175E-008  1.784320621437217E-010
          76  1.170688769328786E-011  5.430981805975903E-014
          89  2.707698920792185E-013  1.254101996758882E-015
          98  2.321942885657898E-013  1.075013446526912E-015
          21
           6  7.566002293309017E-004  3.867947760681756E-006
          18  2.233880010594789E-008  1.121029247495805E-010
          34  1.935114179297907E-005  9.746579730021313E-008
          42  1.074036083016082E-004  5.422921170053842E-007
          43  2.197545762153370E-004  1.123570384563611E-006
          47  1.023831585209859E-008  5.108620226933693E-011
          48  3.941055881966918E-004  2.018400928949114E-006
          57  8.051615261997427E-004  4.099355423858006E-006
          62  3.657002729262366E-010  1.796941837782014E-012
          73  3.845397441780001E-007  1.914111159797087E-009
          75  3.572543829081886E-007  1.801015962594732E-009
          80  8.065700445625419E-009  4.038370525757483E-011
          85  3.730451683293055E-010  1.849661889868796E-012
          91  1.115951703796034E-007  5.636306199922008E-010
          94  3.627008508012801E-014  1.729751184537585E-016
          95  5.821663035658690E-006  2.922408732596850E-008
          99  1.755703214494159E-007  8.838209690850593E-010
         105  7.209826785587149E-021  3.352478202642640E-023
         107  1.085503305173234E-005  5.491156325310958E-008
         111  1.375897463459525E-025  6.354971520400133E-028
         112  1.200528330791125E-012  5.801731214505316E-015
           0
           4
          13  2.215582232791155E-016  1.022146863695477E-018
          23  9.840087533220757E-029  4.543921295856097E-031
          79  3.864495288389168E-019  1.786183350519706E-021
          97  1.747315448369565E-018  8.088286167757899E-021
          18
           2  6.322891733573574E-019  2.918040411459728E-021
           5  1.329944551142345E-007  6.293326066117951E-010
           8  3.322042198167913E-013  1.546666478427975E-015
          12  4.779645557259482E-012  2.245662712810510E-014
          14  6.415087682920692E-012  3.012641757539778E-014
          16  1.188710460468951E-005  5.643614303087919E-008
          22  4.548791391960175E-016  2.113535640770572E-018
          30  6.241730235315334E-017  2.896804692057242E-019
          37  7.255252392361340E-015  3.353276596521653E-017
          51  6.459781691797211E-007  3.074958871099530E-009
          54  5.432301009462363E-025  2.507570109160063E-027
          56  3.657576827490840E-008  1.743587576874187E-010
          58  2.743855313811442E-012  1.282862613411326E-014
          65  2.029296748723237E-014  9.425164110394671E-017
          70  3.118069074240169E-010  1.462327814186756E-012
          76  2.090125266321783E-009  9.819191023545218E-012
          78  5.983321712238016E-024  2.767648280295364E-026
         100  2.675261668609886E-006  1.273979067207957E-008
           5
          28  2.784657927835815E-013  1.289725598582528E-015
          35  2.107016498067142E-010  9.745960449740694E-013
          68  1.807673633290709E-022  8.355139116066728E-025
          73  3.079032835465278E-016  1.426620802529791E-018
          96  4.398164577528347E-011  2.034047476987594E-013
           7
           8  3.006132808718119E-014  1.389434323957784E-016
          16  1.968458671428634E-009  9.103305552889406E-012
          51  3.172417763105142E-015  1.464416119427930E-017
          58  1.458686601276784E-011  6.767428722164998E-014
          76  3.222484643897199E-014  1.488263844676682E-016
          86  2.395268579409259E-009  1.108774408184251E-011
         100  5.493746397412784E-015  2.533668650269602E-017
          24
           4  2.439595341563916E-008  1.201281136077364E-010
          18  1.116896568173613E-022  5.164050116947830E-025
          23  8.689819257591177E-013  4.134980169115656E-015
          43  1.054094393912178E-025  4.868677944881000E-028
          44  1.752307596848095E-005  8.693565865023132E-008
          48  7.318667060523498E-012  3.538359840195779E-014
          57  4.382614048238560E-015  2.071503720458209E-017
          59  7.501949372061508E-013  3.569420732735206E-015
          68  1.312798844483627E-025  6.063125348618737E-028
          79  2.805386131294351E-028  1.297906465297097E-030
          80  1.201901265321312E-011  5.840401482359112E-014
          81  1.546068626008085E-015  7.281889131536073E-018
          84  4.431790953683284E-009  2.159081796973330E-011
          85  1.932240675213253E-017  9.064290902864002E-020
          87  4.325276311354019E-009  2.129697783860422E-011
          91  9.984964312409218E-009  4.958515413685039E-011
          93  6.140073114008037E-005  3.056844739108506E-007
          95  9.026638576219055E-011  4.363763872342049E-013
          99  3.313752090417491E-005  1.672836766086318E-007
         101  8.731362523196845E-009  4.247785228693432E-011
         105  9.946621474277496E-004  5.019528852936460E-006
         106  4.443300564655993E-008  2.174968988428209E-010
         111  3.287670476354584E-011  1.579931232600028E-013
         112  3.311774154654852E-005  1.665800425971196E-007
           2
          17  1.699044323708991E-026  7.851101702132984E-029
          35  9.183126169851054E-024  4.239627575835558E-026
           4
          49  2.770534225921480E-010  1.281446775546693E-012
          55  9.222741586523622E-022  4.260104405598718E-024
          64  2.574918702700115E-011  1.190974081124025E-013
          66  2.782738489507806E-019  1.287087328999970E-021
           1
          53  1.827656284184987E-023  8.461836568129132E-026
          10
           1  5.680139704649120E-020  2.608364202299184E-022
           2  1.591305262151079E-012  7.330295389596730E-015
           5  7.502602463245255E-015  3.457875931270974E-017
           9  3.353621511766956E-011  1.545741269551783E-013
          21  1.209437699877501E-017  5.571871204133822E-020
          27  7.722431751119728E-013  3.546493883093882E-015
          37  1.633276723875375E-014  7.501563873438487E-017
          70  1.176783364218210E-012  5.420890750983755E-015
          89  3.052265924007548E-014  1.404839138352544E-016
          98  7.807272739603613E-013  3.592368455674075E-015
           1
         109  6.598184483186829E-031  3.038523509073739E-033
          19
           5  5.907366145600389E-010  2.798236914602878E-012
           8  1.722908052594311E-008  8.219035334023030E-011
          12  1.583537450912070E-009  7.584668591392454E-012
          14  1.621182241755322E-009  7.761792536469015E-012
          16  2.220719007752368E-005  1.067115164593166E-007
          22  1.253915074780037E-011  5.949674015873208E-014
          30  1.315142943082177E-016  6.127044118941125E-019
          38  1.360510440569758E-017  6.323601803496053E-020
          41  1.031596051347767E-013  4.858117614969907E-016
          51  5.180699114851735E-005  2.508247113781751E-007
          54  1.732389855275286E-010  8.236888031807268E-013
          56  1.208158513773200E-006  5.850258785605565E-009
          58  2.160155607603720E-008  1.032172415133217E-010
          65  1.964126790869667E-016  9.116770802977450E-019
          70  1.311186720878669E-014  6.104752147434266E-017
          76  3.562073239237735E-012  1.670385031936256E-014
          78  5.717444982638349E-011  2.730025815081455E-013
          86  1.468360083042023E-023  6.778248204105049E-026
         100  9.916617392664223E-005  4.802318743216692E-007
           0
           2
           1  2.779080289949019E-021  1.279554722898894E-023
          37  9.098058043555467E-023  4.189630875074688E-025
          10
          25  2.580605884872550E-012  1.187320497319696E-014
          29  1.936984553673653E-029  8.908377848883008E-032
          31  2.707614135322420E-027  1.250862940094446E-029
          40  1.084880201796719E-015  5.004197484994583E-018
          52  1.384676431439650E-015  6.384629392695735E-018
          61  1.219704665846269E-029  5.635426244362263E-032
          82  5.660380142538471E-011  2.615975163184732E-013
          88  7.693575429900578E-029  3.548761726893021E-031
          92  9.461011527667286E-012  4.380729329451891E-014
         110  4.899655890854294E-016  2.261355207473611E-018
           9
           2  9.507681962141502E-011  4.397308187725476E-013
           5  6.398208331645654E-027  2.958677507259216E-029
           9  1.971458852068153E-012  9.118506584174911E-015
          21  5.497497742440199E-012  2.542185740424154E-014
          27  1.535852387724896E-015  7.077987615837062E-018
          45  1.766569091665816E-017  8.152113839588975E-020
          70  1.132564161880504E-012  5.235945419383223E-015
          89  1.513295980882579E-010  6.993992938279074E-013
          98  8.596014225271317E-011  3.970684027093730E-013
           3
          24  7.096939155693317E-013  3.275805658300868E-015
          77  9.252339328454688E-012  4.271248937162921E-014
         109  1.457639153201888E-011  6.712823535398092E-014
           9
          13  1.629834777109553E-010  7.540614295028513E-013
          23  2.469785834474173E-010  1.144404759484692E-012
          26  3.795452818767812E-029  1.755209495097262E-031
          59  2.432558673161410E-010  1.127868910599305E-012
          79  7.257214150107989E-010  3.364742289952989E-012
          81  7.132216836892744E-017  3.307031013540720E-019
          97  2.934838935323807E-011  1.361662467426437E-013
         101  2.478995260708391E-012  1.148075643263273E-014
         106  1.279566842310529E-014  5.928976369285188E-017
           8
          24  2.695472430091654E-007  1.256465321831926E-009
          34  1.804355682562964E-017  8.356920207518980E-020
          36  6.605237802177630E-013  3.062304774947099E-015
          69  1.138383179813743E-013  5.268138744359671E-016
          74  7.320879848910169E-017  3.388581569324974E-019
          77  1.486379587352981E-017  6.869446535023354E-020
          83  5.605244493267970E-023  2.597043937511262E-025
         109  8.363233544976401E-011  3.869968470398387E-013
          17
           8  5.502087400731916E-005  2.650372362919906E-007
          12  8.751427440123121E-028  4.045040266153042E-030
          14  7.493943802395134E-031  3.461628318017924E-033
          16  2.452814947280519E-007  1.167714955414403E-009
          19  9.801872871953899E-009  4.679536357141365E-011
          41  1.690435831682608E-011  8.026482548095042E-014
          49  1.789862594526267E-015  8.322149870328146E-018
          51  3.762937886664279E-005  1.814188348748905E-007
          54  1.643811150812278E-006  7.926833785875164E-009
          56  4.658221004436741E-012  2.197510131512935E-014
          58  4.288108704063059E-005  2.066968585541267E-007
          60  6.946359805387550E-010  3.291633782774230E-012
          64  2.531698282046058E-009  1.199431078797690E-011
          66  2.238852766562387E-012  1.051011331941036E-014
          78  9.430552503998628E-011  4.500814513918913E-013
          86  4.151737794886077E-014  1.934277800920090E-016
         100  1.817506583970303E-005  8.746068434397278E-008
           6
          31  2.029823699712693E-014  9.415504110872354E-017
          40  5.996592748460494E-016  2.777164616172297E-018
          45  4.843074913620462E-014  2.240097924442097E-016
          52  5.735392294148764E-019  2.655194793332153E-021
          61  1.506069263477225E-013  6.987099690833206E-016
          88  3.715360166904462E-013  1.720966359321116E-015
           9
          28  5.078469195397393E-012  2.359874202300492E-014
          35  3.544200825949510E-009  1.650117592840581E-011
          42  3.789507520741274E-009  1.777103135830304E-011
          57  4.320639922897507E-014  2.009025206918994E-016
          68  5.629166795292352E-022  2.599419332801938E-024
          73  1.103593132843477E-007  5.184319776241171E-010
          77  2.643059332892374E-013  1.223853713707289E-015
          95  6.159720260244085E-012  2.868278137782082E-014
          96  1.159946612018109E-013  5.366542120412092E-016
          23
           4  2.559501585187862E-005  1.312676388282839E-007
           6  2.260804136608701E-015  1.082004078401205E-017
          18  5.794874862201795E-008  2.957701067076807E-010
          22  4.254061562700408E-016  2.027812811633171E-018
          38  1.937198696721533E-010  9.679078688675326E-013
          43  1.379684092813970E-010  6.869922635297948E-013
          44  1.306381310736336E-009  6.482540154017582E-012
          47  2.219045890824167E-012  1.088299411403144E-014
          48  5.673198329356054E-008  2.888663489861767E-010
          57  1.073858230448526E-013  5.192108827422386E-016
          67  1.382728745395646E-010  6.866155359633025E-013
          75  6.331096955108126E-021  2.946596863355940E-023
          80  1.112738596713782E-005  5.777309310874336E-008
          84  1.802202372336327E-008  9.017414544955514E-011
          85  5.567719024869898E-007  2.869322045447845E-009
          87  1.236919348777540E-004  6.412651126694213E-007
          91  8.240795536432454E-005  4.299012064537293E-007
          93  1.904231169819861E-008  9.533021721331922E-011
          95  3.381577030017078E-014  1.624233814971881E-016
          99  4.625043467612854E-004  2.410789826139870E-006
         105  5.042419065460805E-004  2.609497247628761E-006
         106  1.742854109689525E-020  8.120599933822548E-023
         112  2.426822156544573E-003  1.264823768323390E-005
           8
          13  2.283981244595438E-012  1.053167412808097E-014
          23  3.812350927954744E-015  1.759481833583838E-017
          53  5.187623167956354E-027  2.400360489384931E-029
          59  1.234929513521748E-017  5.701793640255400E-020
          79  1.605768928296373E-013  7.417831587745633E-016
          97  1.131001459588878E-014  5.231573764850488E-017
         101  1.804028806878747E-017  8.324516101716768E-020
         106  3.286884667722676E-019  1.518272601766483E-021
          29
           8  1.243682418365393E-007  6.172171545190665E-010
          12  2.824976220320254E-006  1.428468853593217E-008
          14  2.051474660823660E-006  1.036197874343856E-008
          16  1.940955784518726E-012  9.294186519765345E-015
          18  3.189626627181347E-009  1.592411986946643E-011
          19  2.352832209681515E-008  1.166439424261961E-010
          22  1.695552974443320E-006  8.582965061449779E-009
          30  7.593890105938528E-017  3.576185378775734E-019
          33  3.930125869282164E-018  1.835974578915584E-020
          38  3.939375395351424E-006  2.004606508465144E-008
          41  6.398083343250446E-004  3.285801491929122E-006
          47  8.125167804403085E-008  4.092787443656165E-010
          51  4.043272405682225E-005  2.038911577501810E-007
          54  1.318798105897964E-004  6.694027392281957E-007
          56  1.784604833990521E-005  9.047641880915331E-008
          58  3.437325470448159E-009  1.690748106377596E-011
          60  4.911647182495692E-007  2.454049901856784E-009
          62  4.209993204271542E-009  2.088824462822524E-011
          64  2.805968320275952E-029  1.292724549865827E-031
          66  6.004348218901742E-016  2.831160824782889E-018
          67  4.086660246276775E-018  1.911915126330278E-020
          75  2.887547416584902E-010  1.427259915402587E-012
          78  1.138758081586819E-003  5.859830026056116E-006
          80  4.911595624070572E-012  2.399627850584102E-014
          85  6.272678603560555E-009  3.141353894969201E-011
          91  5.705934858714239E-021  2.653578650708115E-023
          94  7.369769755758750E-012  3.574204096498233E-014
         100  2.278838871069119E-005  1.145157209153144E-007
         107  6.055539782596837E-024  2.787716929005101E-026
           3
          63  3.319989108175977E-023  1.532092953672303E-025
          90  6.882072354818332E-019  3.174296023683017E-021
         108  3.799981778116929E-019  1.752183102534275E-021
          13
           1  2.755795412675103E-018  1.265035066320167E-020
           2  2.359468140271282E-008  1.091012265386611E-010
           5  6.198530273358613E-010  2.864933513687007E-012
           9  2.327723493918481E-009  1.075515717306568E-011
          21  2.372679870687167E-013  1.093368249088885E-015
          27  5.259618856861241E-012  2.417145409652863E-014
          37  3.373316405504485E-012  1.550426675653884E-014
          65  1.685223461698943E-018  7.756661068339450E-021
          70  3.680496048624890E-008  1.702693791106402E-010
          76  6.802593572926602E-026  3.131383113975669E-028
          89  9.223530516262015E-010  4.255677992727823E-012
          98  3.324165593247837E-010  1.532505219058315E-012
         102  3.870368303861989E-020  1.785301443975926E-022
           9
           1  3.205506047816645E-012  1.477459561404624E-014
           2  1.132456925961399E-021  5.232276503110629E-024
           5  9.102664094337124E-011  4.213979621883674E-013
           9  2.453962379018322E-013  1.134863699989270E-015
          27  9.614079479865814E-016  4.430485413917528E-018
          37  1.227514114703215E-010  5.660562779624987E-013
          39  3.506160935032791E-020  1.615781879001278E-022
          70  2.351832449413278E-014  1.086813409046629E-016
          76  5.307992609424553E-012  2.453824614650684E-014
          11
          25  9.855887323268510E-008  4.583188397402258E-010
          29  1.205511129879531E-012  5.570546497985354E-015
          31  1.424245431290112E-016  6.593080140023242E-019
          40  3.108933149691450E-010  1.444189845924909E-012
          52  9.939090205706239E-013  4.600656254822730E-015
          61  1.052139503438634E-015  4.872220450319003E-018
          82  1.392384604026371E-007  6.498430938446356E-010
          84  1.078848768012314E-022  4.976190782669370E-025
          88  2.181958883075170E-014  1.009278607170320E-016
          92  3.228608269870047E-007  1.512218584721662E-009
         110  1.477076717695483E-012  6.845040069461844E-015
           6
          13  2.374589779459222E-023  1.097531737436612E-025
          23  1.241388110380595E-019  5.743190772139536E-022
          59  3.954393884154915E-017  1.830584622369848E-019
          79  1.619592700610204E-016  7.499979855864311E-019
          81  2.044677451378490E-022  9.479581266360280E-025
          97  2.494785063944275E-016  1.156981269785697E-018
          22
           6  6.375172008931792E-028  2.937463815078403E-030
          11  9.507030975225705E-012  4.493845253384930E-014
          15  1.287511301136537E-006  6.228994657890858E-009
          18  1.767260464281355E-026  8.130098303406889E-029
          19  8.847663294629901E-007  4.304560016873532E-009
          33  3.832689234088106E-004  1.885472156629267E-006
          34  3.104317886612346E-015  1.450700097229151E-017
          36  3.394552670053410E-013  1.594104030658388E-015
          41  1.028776041349947E-009  4.980518766410089E-012
          43  8.605424765683815E-024  3.964194085293762E-026
          47  1.862592371148661E-011  8.905233210811147E-014
          54  1.359526040791304E-008  6.572081892585890E-011
          60  1.559571081667166E-005  7.605929113356254E-008
          62  4.450472939169473E-006  2.186718148245669E-008
          64  2.486476355383350E-022  1.146100591142088E-024
          66  7.795613002065274E-008  3.760803872792476E-010
          71  1.763937250883891E-010  8.377028388748431E-013
          75  7.694955557388328E-009  3.742206687881610E-011
          78  8.810209463149587E-013  4.186376088189361E-015
          94  1.010427455325695E-004  4.973098030863002E-007
         103  7.758690442071643E-005  3.800014847617659E-007
         107  3.980620938747187E-009  1.923270464553290E-011
           5
           3  6.146867895799694E-013  2.836804029496466E-015
          28  9.879384800838811E-014  4.556602032405348E-016
          68  2.032693911915452E-015  9.361574182812708E-018
          81  9.708162930499791E-024  4.483345467072013E-026
          96  3.086692934363501E-011  1.421099302053512E-013
           9
           1  1.433894470050947E-012  6.594548063322529E-015
           2  9.905505151518631E-024  4.567080684483612E-026
           5  1.521127308771962E-011  7.024893545938616E-014
           9  1.524956479525850E-013  7.037501679359906E-016
          27  1.166622708823633E-015  5.364883106417820E-018
          37  4.887194594415260E-011  2.248454671361445E-013
          39  3.453182779483428E-020  1.588030515397743E-022
          70  2.303898793303548E-015  1.062283024968686E-017
          76  4.680347358599256E-013  2.158660681872882E-015
          22
          13  7.820209210893433E-018  3.628137166451584E-020
          23  1.439468871564799E-009  6.855756888395778E-012
          28  6.033600164229427E-008  2.893370355378902E-010
          42  1.981989044497675E-019  9.199543137806880E-022
          44  1.070141268431725E-004  5.212111252492110E-007
          48  8.059676199419666E-015  3.788884569750032E-017
          57  4.249198523338103E-010  2.034835604846223E-012
          59  1.593554631023878E-008  7.626998400276551E-011
          68  9.180844433141773E-007  4.419974610790386E-009
          73  4.422052756775846E-009  2.119098236045232E-011
          79  3.537408058005629E-013  1.662129933292603E-015
          81  2.136934413170528E-006  1.032758340664346E-008
          91  2.660174599752743E-024  1.235424774149772E-026
          93  5.451533751989746E-005  2.654272578078210E-007
          95  3.387474594132946E-006  1.645892200482013E-008
          96  8.440140364443464E-018  3.914685822337290E-020
          99  1.576965574635077E-008  7.664110717236645E-011
         101  1.013869142850921E-008  4.850773921158859E-011
         105  1.009825151920672E-007  4.902676935441076E-010
         106  1.160132751593896E-009  5.534397142354695E-012
         111  3.397434749495737E-005  1.649076237337300E-007
         112  8.674017295660180E-013  4.107047322024870E-015
          17
           3  1.072727360053366E-011  4.987136810832580E-014
          13  2.231400045095215E-018  1.031685554090347E-020
          23  3.906462293141076E-011  1.816273819274839E-013
          28  2.604907903444845E-008  1.217239931083664E-010
          44  4.506797930222001E-010  2.101969129234475E-012
          59  1.737902938358567E-009  8.104471383599307E-012
          68  4.347618079145124E-007  2.033317275021877E-009
          73  1.253004924525714E-019  5.804182654973752E-022
          79  1.507839709251797E-012  7.002365263849914E-015
          81  9.243502935494755E-007  4.337594962408683E-009
          93  1.339554927575612E-011  6.231305922792904E-014
          95  8.408014061071071E-016  3.896813797258638E-018
          96  3.279751995387050E-011  1.522033551435883E-013
          97  9.333033178308118E-026  4.329512707357631E-028
         101  1.477894188647022E-013  6.853425078412039E-016
         106  1.912364026367517E-019  8.859111912764183E-022
         111  2.715816629059471E-007  1.272540976381701E-009
          16
           6  1.226708804719253E-006  6.003085521223932E-009
          24  1.738590418450177E-010  8.242638901006294E-013
          34  1.322327878382253E-004  6.480535438338145E-007
          42  1.106408565822982E-005  5.393182366767146E-008
          43  5.764935613482602E-009  2.792804884733742E-011
          47  8.497309012284904E-031  3.917913551770550E-033
          48  3.861401150858131E-010  1.858685538517180E-012
          57  1.187190409964623E-007  5.759584399579938E-010
          62  2.422303351692900E-014  1.136453899123593E-016
          73  1.816614113099316E-011  8.615702615988622E-014
          75  4.076317540537243E-012  1.940490033200406E-014
          77  6.872960660414079E-010  3.266790980354283E-012
          94  1.734960916393367E-014  8.133225496921242E-017
          95  4.275603286501005E-014  2.005718471708656E-016
         103  6.480614950360645E-015  3.034756634839592E-017
         107  1.595053250948705E-007  7.750303731684343E-010
           9
           3  1.788373732536906E-012  8.255437667720072E-015
          28  1.445309669455459E-008  6.691708233265803E-011
          35  6.670547140965659E-014  3.069444231780506E-016
          68  7.073706381349426E-010  3.267523706348014E-012
          73  3.838008966146974E-013  1.773385523753741E-015
          81  3.333682776492104E-013  1.540425269880147E-015
          95  8.952009156983119E-021  4.121193334090130E-023
          96  2.316406899102950E-008  1.069591628710334E-010
         111  2.807365069978829E-012  1.295929140618276E-014
          13
          25  9.519673560201500E-007  4.450502355109369E-009
          30  1.066382316490465E-014  4.958798564374292E-017
          31  7.741694547498416E-010  3.609157860175046E-012
          40  6.692729539829666E-007  3.133531018811842E-009
          45  1.875104967466572E-016  8.652829509425126E-019
          52  3.863111001263305E-010  1.796627445347171E-012
          61  6.361087429253443E-009  2.970858281546263E-011
          65  6.746483667841234E-013  3.132659668852135E-015
          67  1.142727589107549E-020  5.285333946365106E-023
          82  2.249714905401825E-007  1.053870278671004E-009
          88  5.509213157312572E-008  2.574317222214234E-010
          92  2.277962583396475E-007  1.070534427807321E-009
         102  3.664070529823297E-009  1.717677567918726E-011
           3
          46  2.962013828154876E-021  1.365881318102078E-023
          69  3.992099950810359E-017  1.838082109430833E-019
          83  1.137763256789218E-017  5.250555934630557E-020
           2
          24  1.942558533990591E-016  8.956883406331467E-019
         109  6.553548308580276E-014  3.015287008627121E-016
          14
           4  4.727482519420824E-005  2.317001925744654E-007
          25  1.873483841695428E-009  8.901132832149207E-012
          29  8.304961234322122E-008  3.976678017269681E-010
          30  1.535836786527267E-016  7.159247547321035E-019
          40  1.878525816274952E-023  8.659951054011530E-026
          67  1.891626548613315E-008  9.160692215771048E-011
          82  3.170249437606299E-011  1.498552267884837E-013
          84  3.369225776413927E-005  1.639663130187511E-007
          87  1.721632995683931E-007  8.403577646615755E-010
          92  1.449519981904550E-007  6.983918167417251E-010
         102  2.381390018245233E-025  1.100049202192976E-027
         105  1.920300594470452E-014  9.016400046715873E-017
         110  2.620551286581072E-014  1.223799614244801E-016
         112  4.884248439476473E-013  2.306063483926621E-015
           5
          24  4.770415928332295E-007  2.231254285450967E-009
          34  2.134674421284860E-009  1.000500567002827E-011
          42  1.565775207759741E-014  7.251175407622962E-017
          77  6.785248627768934E-009  3.161575869100844E-011
         109  1.521187600539617E-010  7.043516902299124E-013
           4
          29  1.787436200373207E-010  8.247371474291308E-013
          32  9.887399780981250E-015  4.569484994016966E-017
          50  6.066864303439108E-016  2.799013987570282E-018
         110  1.681444612298368E-009  7.781097495875779E-012
          30
           4  1.885800214431125E-008  9.664545613961776E-011
           6  1.952820875423430E-017  9.305845049660650E-020
          12  9.803802800955342E-005  5.160903065791501E-007
          14  8.051374983474229E-005  4.235504518034073E-007
          18  9.216471433395280E-005  4.887418821030751E-007
          22  4.486182359172198E-004  2.374696334173706E-006
          30  3.621620454648788E-008  1.858185941174400E-010
          38  2.689824517934698E-003  1.433261118489172E-005
          41  1.910092161407855E-006  1.000714557519614E-008
          43  3.459023785303891E-010  1.754914228193463E-012
          47  7.290336634421055E-006  3.837894399558073E-008
          48  9.642641223925595E-011  4.874494699364442E-013
          51  2.640653910906784E-019  1.239962920651322E-021
          54  1.160901830768806E-017  5.515409195826149E-020
          56  1.946755749734266E-006  1.013702118497391E-008
          62  9.923251218644269E-012  4.947633909697549E-014
          65  5.803966606374479E-013  2.846623117880899E-015
          67  2.734289975891519E-005  1.434087728853295E-007
          75  8.331112002231200E-009  4.285477326711642E-011
          78  1.035686419004351E-005  5.450815820087933E-008
          80  2.103259295263562E-004  1.119697799071269E-006
          85  5.045275018116223E-004  2.693997245830194E-006
          87  7.915447782906635E-005  4.179523602141596E-007
          91  2.749394768490200E-005  1.457073615620878E-007
          99  2.444165200929042E-009  1.252244154159813E-011
         100  2.275412497381965E-018  1.072312516072899E-020
         102  4.870375018246361E-025  2.257543098114421E-027
         105  8.259493604216386E-016  3.982951552419606E-018
         107  6.352836229435965E-016  3.055186331691138E-018
         112  9.518089259476835E-007  4.968956159423401E-009
          12
           2  5.999029184035283E-009  2.784678829018548E-011
           9  7.417917158533669E-016  3.430411908018590E-018
          21  7.056091015561230E-011  3.268639877284251E-013
          30  1.749999688340056E-028  8.108483699158046E-031
          40  9.897464866338000E-028  4.572631080967570E-030
          45  3.444010862653631E-010  1.593459254449523E-012
          65  3.504001153967729E-013  1.623232494310750E-015
          70  3.879954589422705E-011  1.797252952841818E-013
          88  2.186769509658325E-019  1.010380639122445E-021
          89  1.831448551871570E-008  8.495981178435779E-011
          98  1.197217837780480E-010  5.540417393394002E-013
         102  7.358659006702974E-011  3.423703685289563E-013
           9
           3  5.476674933010541E-012  2.531748250123817E-014
          23  5.311338521468862E-023  2.450872996500269E-025
          28  1.267954319131620E-013  5.856638668140828E-016
          59  3.353174415442878E-016  1.548340521425975E-018
          68  2.343698900683864E-011  1.082227167580147E-013
          79  4.216146687564533E-023  1.947304849170584E-025
          81  8.659652425359960E-011  4.011731066900007E-013
          96  6.001474992378473E-015  2.765827787718319E-017
         111  1.122521535980725E-013  5.185140764750272E-016
          24
           4  2.663672317001674E-005  1.370389636052157E-007
           6  6.010476941590901E-014  2.909385173406833E-016
          12  5.707116669622097E-021  2.651922470380667E-023
          14  5.263204404140958E-022  2.436784681959963E-024
          18  3.425984904684056E-007  1.763268315888379E-009
          22  1.732635027822153E-013  8.430509799251600E-016
          38  3.191375418832442E-009  1.612829617701871E-011
          43  8.895191162350937E-010  4.473109418909926E-012
          44  1.369449107676356E-010  6.755313064579860E-013
          47  7.361780681718269E-011  3.666341205237122E-013
          48  1.441305125549586E-007  7.370474594688844E-010
          57  2.033319284497461E-013  9.857854619691846E-016
          67  1.002592756603539E-009  5.026237368256213E-012
          75  1.872292885529671E-016  8.906552660576596E-019
          80  3.469629409950537E-005  1.811275929458146E-007
          84  5.964087747030428E-009  2.979031088049087E-011
          85  2.675296795164105E-006  1.387583790168242E-008
          87  2.167118494172929E-004  1.127663642658520E-006
          91  1.805182424822705E-004  9.459673071172419E-007
          93  2.818198942999453E-009  1.404364387103789E-011
          95  8.625067020352809E-015  4.128239166361208E-017
          99  4.991780700704408E-004  2.603582029611575E-006
         105  2.883601778970002E-004  1.492456613401537E-006
         112  2.827337112695884E-003  1.477911472090067E-005
           2
          77  2.300935266070753E-011  1.061398846958992E-013
         109  1.084376770703791E-018  4.988725112857617E-021
          11
           4  2.591122235923341E-008  1.235305985268024E-010
           7  1.461594106878769E-009  6.879065010882947E-012
          29  8.521437876768567E-007  4.040416669325721E-009
          84  3.649646830914167E-005  1.749912520654141E-007
          87  7.405558634174674E-016  3.445096841453361E-018
          93  1.977581960418175E-020  9.117962044030080E-023
         101  1.216154375677257E-018  5.617072038652270E-021
         105  1.940665938436869E-010  9.194393050051701E-013
         106  1.664221037867372E-012  7.778011714639207E-015
         110  9.467416006240714E-013  4.415487208180819E-015
         112  2.446061626568389E-017  1.132416964042635E-019
          11
           1  8.916215943797690E-012  4.103127161482153E-014
           2  9.786371386957428E-020  4.512773952204844E-022
           5  2.420315759166190E-009  1.119742918466134E-011
           9  2.069134150478033E-013  9.551972632256401E-016
          16  2.724905075792269E-016  1.252844729565518E-018
          20  1.179106127579863E-025  5.459602970240035E-028
          27  6.518030350216247E-017  2.997817291635007E-019
          37  5.221287101801744E-010  2.404910117998750E-012
          39  8.838973372144349E-022  4.065372853235961E-024
          70  8.556960070707039E-013  3.948902170590005E-015
          76  4.513549726499096E-010  2.084699797287359E-012
          22
           6  3.932287055667147E-012  1.869546140463724E-014
          23  6.957347573810004E-020  3.211152684026880E-022
          28  3.548557200595981E-007  1.712199975942572E-009
          42  1.573261800185265E-008  7.587573519065411E-011
          43  3.785636636448908E-013  1.791387059086902E-015
          44  4.591444876007339E-006  2.231741714406319E-008
          48  9.767495239694482E-009  4.750469059645945E-011
          57  5.246181247861657E-006  2.570961911201658E-008
          59  8.061650672145319E-015  3.763544661051065E-017
          68  4.315279932168033E-007  2.082124439081157E-009
          73  8.225528463674827E-006  4.006638786966693E-008
          81  7.362856539844536E-008  3.549520445739031E-010
          91  9.159091192828235E-014  4.342084376073393E-016
          93  1.274991813379691E-006  6.191860641199720E-009
          95  2.531656434690785E-004  1.244659715524720E-006
          96  9.430745316373291E-015  4.393879900830362E-017
          99  2.309930768221043E-007  1.133080059117965E-009
         101  1.699020029491276E-016  7.886238962587806E-019
         105  4.432533119974104E-009  2.143159488389266E-011
         106  2.081924390656760E-021  9.608808245559557E-024
         111  1.539468886222452E-005  7.496021723512996E-008
         112  3.178484338822901E-012  1.509544321858268E-014
          14
           4  1.873271127333311E-021  8.623738975087625E-024
           7  1.006656743174940E-008  4.719599254348200E-011
          13  2.596027106921121E-010  1.211083545279686E-012
          23  3.347215800031945E-009  1.568921212919351E-011
          29  2.051888510050684E-018  9.431022882525414E-021
          44  2.465781433318367E-009  1.157930688053363E-011
          59  2.114858322634517E-010  9.886228187731103E-013
          79  1.566761716445978E-011  7.301604298607987E-014
          84  5.840376691656787E-010  2.735625533619059E-012
          93  3.292025871548476E-008  1.552599283682890E-010
         101  6.845297287901819E-007  3.232745669675783E-009
         105  4.830730796730488E-009  2.288042048336401E-011
         106  4.820623877949562E-006  2.283654671728198E-008
         112  8.790677874458591E-026  4.042748613467472E-028
          12
           4  4.514213727028796E-011  2.120385148323260E-013
           7  4.312133011546820E-008  2.031435724868452E-010
          23  1.526649414798589E-027  7.044773022281246E-030
          29  3.255095697910217E-008  1.530041972842115E-010
          44  1.386213935241089E-020  6.390543639025842E-023
          84  2.615198773941828E-006  1.242820265889943E-008
          93  1.757174213596464E-014  8.149764114670264E-017
         101  4.654007694112701E-012  2.170024575100659E-014
         105  1.642391243501638E-010  7.757218069827968E-013
         106  2.115254938053784E-009  9.952325132601551E-012
         110  2.484889007477184E-017  1.148454716934240E-019
         112  9.581649326224441E-025  4.413281382298263E-027
          18
           3  5.493288117232193E-019  2.547373288773340E-021
          23  5.240036741585595E-017  2.430362905353848E-019
          28  7.111390210036219E-006  3.404046333300990E-008
          42  2.471211273745002E-011  1.165612458337229E-013
          44  3.569774782434829E-007  1.706699779118166E-009
          48  2.785139487683018E-018  1.293975175287087E-020
          57  5.958722174529846E-009  2.845831952776378E-011
          59  5.940069282913862E-013  2.778270417319242E-015
          68  7.271605062879356E-006  3.476783138905606E-008
          73  2.546374251711502E-006  1.221945050465278E-008
          81  1.187951136958421E-006  5.684082114906450E-009
          93  3.742995581257432E-008  1.781221467834523E-010
          95  1.403577742625045E-005  6.764733354600841E-008
          96  1.117862856073252E-009  5.271880371620413E-012
          99  1.546780989850512E-013  7.280974662449556E-016
         101  1.059447295930261E-017  4.910078624375335E-020
         105  4.600499840097145E-016  2.146195098438593E-018
         111  3.168679416734181E-005  1.521390187165658E-007
           7
           8  1.821392235960119E-010  8.451682597282990E-013
          19  9.367688814245305E-019  4.337641677737360E-021
          49  5.677363118553650E-010  2.630812361816987E-012
          58  1.039614721483185E-009  4.835049556146340E-012
          64  4.553435220836628E-009  2.113081423108196E-011
          66  1.402810431172524E-016  6.488567070698437E-019
          86  1.050424388739573E-015  4.849542660710557E-018
          19
           2  1.610162534492505E-011  7.650106829403093E-014
           4  7.545666356374518E-020  3.486343419777051E-022
           5  4.035429374514628E-016  1.881879923864250E-018
          12  4.436663298324801E-005  2.204114736389406E-007
          14  5.586890451994001E-005  2.773759090827998E-007
          22  1.819426149194514E-005  9.040296686263569E-008
          25  8.844112645385490E-029  4.060830823514431E-031
          30  5.980578508229886E-004  2.974875694010304E-006
          38  7.357065816971596E-008  3.624296263771223E-010
          51  2.238301874674995E-017  1.038453220720816E-019
          56  1.525509690793963E-005  7.544206563578045E-008
          65  3.074159470754198E-004  1.518864097377073E-006
          67  1.901191925525001E-005  9.432725939972089E-008
          70  8.378368883568574E-010  4.017194139568229E-012
          78  7.466020351746273E-016  3.507952776808157E-018
          87  3.416052366865603E-012  1.633663905054952E-014
          89  7.428350403612248E-018  3.442987024345948E-020
         100  5.465289588504241E-014  2.568114532865386E-016
         102  3.760216529683969E-005  1.849981357982659E-007
           1
          35  9.828236249914196E-027  4.527666309108507E-029
          29
           4  8.535397227968246E-010  4.313537020531421E-012
           6  2.741664068647136E-006  1.425878431211422E-008
          12  6.813299249685888E-029  3.143398840687084E-031
          18  1.389674790555873E-004  7.354198304712982E-007
          22  6.043311341933494E-015  2.927382847148386E-017
          34  8.211798816805519E-017  3.914352670109038E-019
          38  8.982440355758174E-009  4.613615719917090E-011
          41  1.556118716484292E-015  7.517892664065336E-018
          42  3.559351935814803E-014  1.727871849803634E-016
          43  5.909964852816780E-005  3.106573735116894E-007
          44  2.427362764166328E-012  1.193642319039275E-014
          47  3.712608760741584E-006  1.941890869488302E-008
          48  3.868894547469371E-004  2.041194280606554E-006
          57  6.646485501871525E-007  3.431806776228014E-009
          62  7.476494223243493E-012  3.712136120306126E-014
          67  6.681589632793721E-016  3.209744469608808E-018
          73  3.355507505876324E-020  1.571560677780052E-022
          75  2.341445099638179E-007  1.213283368168513E-009
          78  4.866766346534236E-016  2.343225389865411E-018
          80  8.833152902364907E-004  4.696937040148797E-006
          85  1.643733658223552E-004  8.722821775393321E-007
          87  1.962038570586774E-006  1.023167953023914E-008
          91  2.659204382636970E-003  1.417971852296429E-005
          93  1.824219856468988E-011  9.039294211696805E-014
          95  5.807661811667502E-009  2.943461667019966E-011
          99  1.649796457670740E-003  8.732257047846930E-006
         105  6.463893827039058E-006  3.361171657137266E-008
         107  8.381719020265321E-009  4.278104416610902E-011
         112  6.762114510443212E-004  3.571287313605946E-006
          16
           6  7.692098402031532E-010  3.697979938037200E-012
          11  3.136255672054330E-011  1.484020896202128E-013
          24  9.683667884039858E-010  4.603849992554042E-012
          33  4.390986235434447E-007  2.126205754230371E-009
          34  9.024441756882213E-006  4.395587880300093E-008
          36  6.302802154137084E-009  3.008570686067944E-011
          42  6.251969503485927E-018  2.904642845243807E-020
          43  2.525938688820124E-012  1.199935626271916E-014
          47  6.887970162517745E-017  3.208234335496362E-019
          48  5.591282309856461E-024  2.587566403000300E-026
          62  3.676653326110480E-008  1.781059871295978E-010
          71  1.365130829492188E-016  6.346092123129315E-019
          75  1.124968036580652E-009  5.427274194788434E-012
          94  1.521841858804532E-006  7.403666349000244E-009
         103  1.989045628728924E-005  9.693514673327619E-008
         107  6.938610104053791E-007  3.379124266284370E-009
          18
           6  1.326741196824590E-014  6.223549004557083E-017
          11  1.753687727679624E-008  8.370570472623520E-011
          15  6.292964373348646E-013  2.949459246457414E-015
          19  4.658026953294747E-019  2.162149708230677E-021
          24  5.984126540006172E-015  2.787185556842518E-017
          33  3.255992606960269E-005  1.584024006978133E-007
          34  2.472764764693563E-008  1.190317236259417E-010
          36  8.622969905415185E-008  4.125797527906984E-010
          43  2.664812032343056E-018  1.237314895313771E-020
          47  2.028104984799521E-017  9.428242921419082E-020
          60  2.958995747794210E-012  1.393168718020324E-014
          62  1.309204467555885E-007  6.344844633754312E-010
          66  6.471318660259703E-026  2.994668627812598E-028
          71  6.708809473384776E-010  3.182952394864255E-012
          75  3.161205398369238E-010  1.516440807677346E-012
          94  1.213299629311430E-005  5.914571794269528E-008
         103  1.820058340473327E-004  8.879585307574902E-007
         107  4.183116443276130E-008  2.020566889012889E-010
          30
           8  2.767794935795333E-014  1.329550929696063E-016
          12  6.267766186204938E-004  3.256431034530764E-006
          14  5.383897507243053E-004  2.791155701864484E-006
          16  2.080926302642264E-016  9.829965692415259E-019
          18  2.266940769283769E-007  1.165150347224028E-009
          19  3.483432089970560E-020  1.628658750528962E-022
          22  6.383990189241278E-004  3.325847559431623E-006
          30  6.339405495957103E-008  3.211860430842404E-010
          38  6.859317034730086E-004  3.583780740785122E-006
          41  1.250020826323703E-004  6.502046122594554E-007
          43  6.304442022304713E-026  2.913210641238728E-028
          47  2.090392759937947E-007  1.071594688306519E-009
          51  9.940693399657768E-007  5.037490784584476E-009
          54  1.355647079558830E-007  6.869063885941601E-010
          56  4.904317527235245E-004  2.540263835490688E-006
          58  8.993287942038804E-020  4.207660586378988E-022
          60  2.819359550325748E-013  1.363911856567549E-015
          62  1.057430090032986E-011  5.209363954518591E-014
          65  8.008488567640174E-011  3.947729001393107E-013
          67  1.315914332476493E-007  6.695893097169025E-010
          75  5.267468009228330E-011  2.621014218080353E-013
          78  5.957619133804866E-004  3.111308146964137E-006
          80  3.564600180660732E-008  1.823940554204448E-010
          85  1.487359934803956E-006  7.692097246725608E-009
          87  1.845067973038811E-010  9.217795815777022E-013
          91  4.233191995671915E-011  2.115281546210659E-013
          94  1.276215010138784E-023  5.907079222288589E-026
         100  1.242924853218650E-006  6.299607183000153E-009
         102  8.152958545374106E-021  3.804491835486659E-023
         112  6.921089729335458E-024  3.200116663270950E-026
           0
           1
          46  1.919185923068693E-025  8.848202823106418E-028
           5
          13  1.348500053458473E-015  6.229682378805127E-018
          23  1.975089416896102E-019  9.132782427003572E-022
          59  1.362435599391354E-021  6.303309097242274E-024
          79  1.300952801083899E-015  6.021384376452139E-018
          97  9.178007639884024E-015  4.254156256810564E-017
           3
           1  2.272212648952910E-017  1.044071074827561E-019
          37  2.496371311363222E-017  1.147255315929297E-019
          76  8.119725181594281E-019  3.741353320365670E-021
          11
           1  3.518181880830485E-028  1.619953099847818E-030
           2  2.974704818977136E-009  1.376557966232382E-011
           5  9.034895838644490E-013  4.177779406360282E-015
           9  3.859849394024106E-010  1.785699060547996E-012
          21  1.224691790596908E-012  5.659606220466349E-015
          27  1.406172596568303E-012  6.477612188221786E-015
          37  6.359089149685490E-015  2.928737688784697E-017
          45  5.479301407138910E-026  2.526376650769984E-028
          70  1.127033566347061E-009  5.215222523097431E-012
          89  4.242111743081899E-010  1.960809306565179E-012
          98  2.785401683763021E-010  1.286483126095589E-012
           7
          11  3.391006925192674E-021  1.567297925652587E-023
          24  3.640897015805370E-008  1.689552036124017E-010
          36  3.744512752887594E-012  1.733325471206201E-014
          69  4.825224019562818E-012  2.230694058423090E-014
          74  7.949583715292963E-015  3.675107437302585E-017
          83  1.194774188412263E-016  5.528258045089825E-019
         109  4.993279419693795E-012  2.302812653301213E-014
          24
           6  2.623058522487202E-007  1.330470475672984E-009
          15  2.647669747491899E-013  1.271364188748513E-015
          18  2.990470672822604E-006  1.533847275920648E-008
          19  2.472534351408495E-009  1.226252330790914E-011
          33  2.654494468142949E-005  1.348932834006232E-007
          34  2.374630524469056E-008  1.189592994435431E-010
          38  1.759980226971656E-012  8.599859250620806E-015
          41  2.241947097612680E-005  1.152534983734194E-007
          43  1.567129748389349E-006  7.995954200774919E-009
          47  1.439485517033583E-004  7.440000044635476E-007
          48  1.900238679154287E-009  9.516972464332940E-012
          54  6.936649082607328E-008  3.485653055339920E-010
          57  5.862413991035992E-030  2.709957006802139E-032
          60  1.579568101800831E-006  7.954389270219135E-009
          62  2.118837588851469E-003  1.094506769179426E-005
          66  4.536807843230938E-015  2.159785878195431E-017
          75  5.991800845810338E-004  3.102810204005243E-006
          78  1.466043644306701E-006  7.490552057551966E-009
          80  6.750744685271876E-009  3.410107270154148E-011
          85  1.645061067487032E-007  8.400491463746541E-010
          91  5.467885529824320E-011  2.715994754629599E-013
          94  9.812501813945638E-004  5.046100337756434E-006
         103  6.032981970276760E-006  3.055391657781495E-008
         107  1.475249430793556E-004  7.575445789652690E-007
          16
           4  5.083869341061365E-009  2.431943320884116E-011
           7  4.446341823958670E-010  2.100487227263716E-012
          13  8.039441910663423E-016  3.726197897737245E-018
          23  4.490623016432094E-012  2.106881474109642E-014
          29  3.998617069694277E-012  1.870376746430550E-014
          44  1.138752453516361E-008  5.429795833475515E-011
          59  8.572193075373557E-014  3.999605060971000E-016
          79  1.213097191759995E-018  5.609571402011739E-021
          84  1.972106498915146E-006  9.490889246974574E-009
          87  2.793295688645386E-014  1.309084162935160E-016
          93  2.013006421828071E-007  9.652296272582797E-010
          99  2.070714711106422E-012  9.800945623672430E-015
         101  4.452968329742941E-008  2.123916667770405E-010
         105  4.620886111341642E-006  2.247330738346921E-008
         106  8.081887891542415E-007  3.879671767431347E-009
         112  5.764254051490776E-010  2.756716424097378E-012
          29
           8  4.552276260459461E-017  2.160642082975024E-019
          12  2.558244491082185E-004  1.339216669654534E-006
          14  2.039125715365304E-004  1.067033059320201E-006
          18  1.012056634933936E-005  5.301115735602135E-008
          19  2.200827103942691E-018  1.040478033386746E-020
          22  4.158478102714374E-004  2.183525988036135E-006
          30  3.053785996175425E-009  1.543966969280619E-011
          38  1.291371551250190E-003  6.827539477385598E-006
          41  4.009291912826820E-004  2.109080908620936E-006
          43  4.306846073698377E-013  2.116933503296483E-015
          47  9.386755920688850E-006  4.905196765451246E-008
          48  5.684388115156785E-018  2.697177792742331E-020
          51  6.895082868634846E-008  3.501252576130419E-010
          54  1.563299622644991E-007  7.992090044732897E-010
          56  1.004891002896881E-004  5.232967779594421E-007
          60  5.302359015051525E-012  2.608504770349980E-014
          62  6.047901445856799E-009  3.071316906425367E-011
          65  7.662033996846852E-014  3.716555760279629E-016
          67  7.747182560957285E-008  3.968232506343487E-010
          75  3.048243420940365E-008  1.563986769191937E-010
          78  1.169699195170934E-003  6.166052577070542E-006
          80  2.108489518107719E-006  1.100988286524227E-008
          85  3.416387669098223E-005  1.799288892686777E-007
          87  3.212988953553095E-009  1.635622948674754E-011
          91  1.961615981580876E-008  1.010246945625781E-010
          94  3.778088411115396E-014  1.834142144162791E-016
         100  6.420782049433590E-008  3.255575979162622E-010
         107  3.719904641275435E-015  1.791677582975852E-017
         112  2.020396701753363E-014  9.806917095643202E-017
           2
           7  5.039546695451073E-011  2.330871826725649E-013
          29  3.833338865705261E-020  1.766387556978776E-022
          10
           4  4.724597059691564E-009  2.230612994786550E-011
           7  1.930737434707629E-013  8.941322356930214E-016
          25  1.377028926597666E-019  6.315145187201343E-022
          29  7.894370336964907E-006  3.724020887037747E-008
          82  2.515149269564137E-023  1.158083371266682E-025
          84  1.139101078638724E-005  5.407016024053958E-008
          87  6.764210121312103E-021  3.117402665889937E-023
          92  1.641266994956196E-012  7.636882971320888E-015
         105  7.931922423915831E-024  3.658466873982764E-026
         110  5.728490265326419E-009  2.683470146419984E-011
          14
          25  9.609991340181579E-007  4.500348649378660E-009
          30  1.649656336160550E-011  7.720496589828996E-014
          31  2.270051018856034E-010  1.057993416939193E-012
          40  5.584082893575468E-007  2.619548865144008E-009
          45  3.085037747520222E-015  1.423399587183906E-017
          52  6.278909440780616E-011  2.917126587743107E-013
          61  2.977770094436288E-009  1.391146004991010E-011
          65  2.140133104934383E-010  9.995351403315988E-013
          67  8.045961490068748E-015  3.736769553242499E-017
          82  1.383930316666573E-007  6.488976807108396E-010
          88  3.914998609717116E-008  1.830610512895194E-010
          89  1.164438991638746E-023  5.367715833675636E-026
          92  2.313891859292645E-007  1.088556106524931E-009
         102  8.078450970013741E-008  3.805932560642928E-010
           1
          96  8.683773306664568E-023  3.998475148138882E-025
          28
           6  2.311751529750531E-018  1.081706724243375E-020
           8  4.472604216444375E-010  2.178895204185803E-012
          15  5.679501230260699E-008  2.794307143097869E-010
          18  9.936620822781568E-010  4.920894475554090E-012
          19  2.227387937121464E-005  1.117312884852962E-007
          22  4.187814408599324E-028  1.938099389970683E-030
          33  1.905805495798121E-005  9.568425141024808E-008
          34  7.057835812642076E-028  3.265392566097633E-030
          38  1.102721176702330E-013  5.296268461521192E-016
          41  9.162436199484973E-005  4.664248261894964E-007
          43  1.097150919808688E-013  5.263852700715334E-016
          47  8.296071812065784E-007  4.183052219582202E-009
          51  2.813249868995507E-011  1.361792994448030E-013
          54  8.938717652178466E-005  4.508862287216554E-007
          56  3.538388389922319E-021  1.642714959643251E-023
          58  9.205068100326710E-014  4.391026818287144E-016
          60  3.224478792591177E-004  1.623663436091842E-006
          62  6.870628833297807E-005  3.477619926836006E-007
          64  9.819990084647634E-015  4.649195886748645E-017
          66  9.052800488477969E-008  4.472818479632516E-010
          75  1.568208635635225E-006  7.911600404975195E-009
          78  1.219608739864902E-005  6.192302534087706E-008
          80  8.983872770770014E-016  4.265826330188576E-018
          85  2.792309901143837E-011  1.369805651513006E-013
          94  7.495618297741982E-005  3.784220786014589E-007
         100  2.583333942160016E-013  1.232504072387187E-015
         103  2.741907707676294E-007  1.362261818773475E-009
         107  1.752499099328259E-008  8.695187653016105E-011
          12
           1  1.028791301985304E-012  4.738745916229369E-015
           2  3.176559855822942E-010  1.469994315943130E-012
           5  1.671837295497722E-008  7.755234390778690E-011
           9  9.787986434567730E-010  4.531752330975905E-012
          16  1.969497285545590E-027  9.059403502878018E-030
          21  2.086479313562301E-027  9.634702670079767E-030
          27  3.462456010473126E-012  1.595226219258196E-014
          37  7.276984131089487E-010  3.358226943798278E-012
          70  9.063203648381915E-009  4.200211611052116E-011
          76  1.289372023856396E-012  5.956435704452968E-015
          89  9.217090564392371E-014  4.253760265435699E-016
          98  2.245145673297860E-013  1.035929917986404E-015
           0
           8
          25  4.561377843111307E-013  2.103104361865621E-015
          31  3.263745894595965E-012  1.511898602085025E-014
          40  1.219090595806506E-011  5.640688182145199E-014
          52  2.869441383352287E-011  1.326759035038454E-013
          61  2.932974687312871E-012  1.358882391573832E-014
          82  8.385188452360225E-012  3.882371661262870E-014
          88  2.265112625890823E-012  1.047789597839297E-014
          92  5.131039152611022E-015  2.379066723767037E-017
          10
           4  2.443634915112955E-015  1.132028923100663E-017
          25  8.042604863260307E-008  3.755280858291968E-010
          29  1.029611032443119E-008  4.801545183963669E-011
          40  5.391738829919302E-012  2.503247816834095E-014
          52  5.368332354456901E-018  2.478504250420412E-020
          82  6.035627511105784E-008  2.827313579480712E-010
          84  6.562464253173148E-011  3.056387329707540E-013
          88  7.711689985973131E-022  3.561114354493666E-024
          92  8.024996870247580E-007  3.777743383180055E-009
         110  6.388068637405196E-010  2.977778107594976E-012
          19
           6  1.274503345163362E-008  6.164594214882972E-011
          28  7.533629057325905E-009  3.599811744312335E-011
          34  9.929015741592522E-011  4.728355359095148E-013
          35  9.324551354125362E-018  4.317488625778587E-020
          42  8.110643087688973E-005  3.959346002644862E-007
          43  6.143288766509989E-011  2.938885939576265E-013
          44  2.635468236426821E-016  1.224658624484147E-018
          48  1.039820001544010E-008  5.040005464730697E-011
          57  5.658133251431711E-005  2.773379629666735E-007
          68  3.347414899429744E-011  1.581402152170688E-013
          73  1.487903994563353E-004  7.253267640264264E-007
          77  3.067085263841076E-021  1.416274661096392E-023
          81  1.441964704085344E-017  6.701631987574610E-020
          93  3.206126680141525E-022  1.479760217542723E-024
          95  6.822358105835710E-005  3.329705784948464E-007
          96  7.998922517218266E-016  3.716025441614008E-018
          99  5.454153932224645E-013  2.585203654457844E-015
         107  3.055268212978713E-018  1.415516837633582E-020
         111  1.046145654025111E-009  4.984963784245664E-012
          14
           6  2.990942066872602E-020  1.381103232587674E-022
          28  9.141989817904041E-007  4.333919230586572E-009
          35  4.268272040008102E-012  1.986576691824042E-014
          42  3.140078009973541E-007  1.495734303418720E-009
          44  1.986683393227177E-015  9.196606177627242E-018
          48  6.543419894633410E-018  3.030452169732799E-020
          57  1.020787188950657E-007  4.867945711841772E-010
          68  2.614388978153035E-008  1.233028077520626E-010
          73  4.715282289517926E-005  2.255156907530542E-007
          81  1.445896174731440E-011  6.768673149024889E-014
          93  7.465343484921424E-022  3.438723151175056E-024
          95  6.461911729747305E-006  3.088913816110542E-008
          96  1.287543990002817E-009  6.033599894885920E-012
         111  4.259307890729464E-008  2.014056845836896E-010
           1
          35  5.377902348762660E-023  2.478714697931765E-025
          17
          11  1.155099519630275E-013  5.342715956828363E-016
          15  2.919927554236557E-006  1.368859028713471E-008
          19  5.184929751821671E-009  2.430873205451737E-011
          33  1.746082496286361E-009  8.170720683659737E-012
          36  3.671727743294768E-029  1.692824005262785E-031
          49  3.846817514360658E-013  1.779536429609664E-015
          54  1.284982669371971E-020  5.929082757071201E-023
          60  9.421294040761274E-010  4.394099204176189E-012
          63  3.729975978335118E-010  1.733915079177872E-012
          64  1.905641062354141E-012  8.825247382507905E-015
          66  2.744142359408807E-007  1.287118056275370E-009
          71  2.722300427468700E-009  1.267294352988716E-011
          72  6.537090234443648E-010  3.045477108146443E-012
          90  4.847974457567532E-018  2.235288553694420E-020
          94  8.099719448785582E-018  3.736333332596288E-020
         103  4.314632805047012E-012  2.007166415657002E-014
         108  5.419645968843109E-024  2.497607293755994E-026
          15
           2  4.393584170947697E-016  2.025603609309692E-018
          21  4.522004664347315E-029  2.085101619456278E-031
          25  2.811861016932985E-009  1.302101316143973E-011
          30  9.334469097249152E-015  4.329486099852726E-017
          31  1.214669933287820E-010  5.633822522347925E-013
          40  4.049721546629715E-008  1.883782323230668E-010
          45  5.960694104659366E-011  2.755775860890014E-013
          52  2.667614780701914E-012  1.232312928151161E-014
          61  1.726148871863518E-009  8.021846122873461E-012
          65  1.740891539565346E-011  8.075615372390060E-014
          82  2.234891447020041E-010  1.036533050822084E-012
          88  1.875867870303795E-008  8.716004795980974E-011
          89  2.115606307468350E-013  9.763351168816781E-016
          92  5.487565559530565E-011  2.549186184339427E-013
         102  1.592716938792373E-008  7.442068257619148E-011
          12
           7  6.951688206679858E-012  3.222909140976369E-014
          13  6.294961984459090E-008  2.932826924080286E-010
          23  1.123362541142526E-007  5.244148158282833E-010
          44  3.668711713686019E-011  1.705387192511114E-013
          59  2.058038561919606E-008  9.602471778410682E-011
          79  1.887285985338362E-008  8.803317192209459E-011
          81  2.049699043558093E-019  9.491227353936134E-022
          93  1.975740709663716E-010  9.200212869680894E-013
          97  1.311955622948956E-013  6.086476200937064E-016
         101  6.541647704823951E-007  3.059735493271630E-009
         105  8.613922055180865E-022  3.988945556223014E-024
         106  9.735611124969644E-007  4.559806039333719E-009
          15
          13  1.477638721299330E-008  6.910637677866453E-011
          23  1.425734922999999E-006  6.709817288877394E-009
          28  1.295872040266618E-013  6.014717658576395E-016
          44  1.183796539268498E-006  5.587282541047698E-009
          59  2.701770736122746E-006  1.273475232749590E-008
          68  2.126550861492606E-009  9.941240974696635E-012
          79  1.331128907377995E-007  6.250278623556481E-010
          81  2.807174067550759E-007  1.322453631560241E-009
          93  7.100948322659950E-007  3.351266793151479E-009
          95  9.347042375176647E-021  4.319218155856933E-023
          97  8.295322491051995E-013  3.860727754020480E-015
         101  1.305837948935311E-006  6.151505528152103E-009
         105  2.372757243115817E-014  1.105832416227244E-016
         106  2.438797572420324E-007  1.148408407561457E-009
         111  5.873224448259908E-008  2.759956429050220E-010
           7
          15  1.396499847291039E-011  6.445599286807308E-014
          19  6.600378689567823E-015  3.055253990985871E-017
          49  5.442411673362604E-009  2.517727992110035E-011
          63  6.921939618240655E-030  3.194543163292124E-032
          64  8.813674790394215E-010  4.077857731821282E-012
          66  2.196903715500178E-010  1.017906234756955E-012
          72  1.782448146572328E-011  8.250584954508178E-014
           1
          49  9.509386120198663E-020  4.391871473067814E-022
           1
           3  1.655379473258253E-023  7.660240474552053E-026
          23
           6  1.376362369733008E-014  6.490540832088652E-017
          23  1.217397899580965E-012  5.754687476807643E-015
          28  6.600033693714576E-009  3.180302094061229E-011
          42  2.949559420785948E-012  1.402667055899495E-014
          43  3.829119051652049E-014  1.810189710238710E-016
          44  8.516791486194371E-005  4.190705249299652E-007
          48  6.181204009695407E-009  3.022156632985814E-011
          57  3.121167998004844E-007  1.531384330340502E-009
          59  4.343274952186970E-011  2.070872598184552E-013
          68  6.369713999854878E-008  3.082249629937396E-010
          73  6.021618975655400E-008  2.927729716009338E-010
          79  2.180430636321721E-023  1.007993863410137E-025
          80  4.768088388322913E-017  2.231126094443357E-019
          81  8.085210499024234E-008  3.926267761435863E-010
          91  4.718335076312390E-011  2.285408124010432E-013
          93  5.435749184746913E-005  2.675942627169159E-007
          95  4.095125702326579E-005  2.019986758467862E-007
          99  5.755921314650735E-006  2.861226998818131E-008
         101  1.507862684589022E-010  7.203767899868405E-013
         105  3.086154210983315E-006  1.524107033055280E-008
         106  2.203217880493046E-011  1.050315262469561E-013
         111  9.723441817631319E-006  4.761850830814116E-008
         112  1.248823351049830E-008  6.108460250192185E-011
          17
           4  8.569458241939025E-004  4.310122319970370E-006
          22  2.608275344372506E-020  1.210798605359526E-022
          25  5.821234418072653E-022  2.682194199523525E-024
          29  1.039604767846604E-009  5.013354514776349E-012
          30  1.230288758338301E-021  5.709026366003266E-024
          38  1.613270867890416E-016  7.581359576505966E-019
          67  6.223769350279280E-008  3.078412199020724E-010
          80  5.914568359443476E-014  2.824137903342885E-016
          84  1.502530232413233E-004  7.475341363217285E-007
          85  1.435915020938370E-018  6.705595237879550E-021
          87  4.778415690808641E-005  2.407398112412681E-007
          91  3.353773382071743E-012  1.624409260640586E-014
          92  2.288955436161569E-013  1.088009272160378E-015
          93  5.838297057659241E-020  2.704300795848131E-022
          99  1.311926681378764E-010  6.400543634446263E-013
         105  7.213998395553728E-007  3.588350924789335E-009
         112  1.604183329919317E-006  8.019656482759939E-009
           8
           4  4.315515014454026E-023  1.989884197694410E-025
           7  1.056205076559569E-007  4.938574628762515E-010
          29  1.940412576424533E-008  9.040770734587800E-011
          84  1.947559293624142E-008  9.116711834057053E-011
         101  7.020175568126804E-018  3.241776546504674E-020
         105  6.393469005073506E-026  2.957244407968536E-028
         106  1.825255338126021E-012  8.478525608513533E-015
         110  2.511702617258328E-014  1.162298721340296E-016
          21
           2  4.765993968280121E-012  2.249101204462826E-014
           5  1.990101097653843E-008  9.553809703255466E-011
           8  6.218228780332671E-023  2.874128487849263E-025
          12  4.825733838227232E-006  2.368457401336203E-008
          14  5.656949351317874E-006  2.776716660454258E-008
          16  1.032553464977433E-007  4.960200600475563E-010
          22  4.133774930166115E-007  2.025535967541222E-009
          30  7.102754187988222E-007  3.465724575012097E-009
          38  2.394774881227291E-010  1.154842579177573E-012
          41  2.704986529164973E-016  1.266601402166864E-018
          51  3.258435494603449E-007  1.579048699543312E-009
          54  4.526573101111577E-022  2.095202329816193E-024
          56  6.896211183299541E-005  3.393002730062469E-007
          58  7.175728523196660E-025  3.322935845935965E-027
          65  9.757451687485965E-007  4.739614309417167E-009
          67  1.105727196168664E-011  5.272953643788297E-014
          70  2.580214715610664E-008  1.238558978281094E-010
          76  3.265205012628245E-016  1.520071797840347E-018
          78  1.425505051668178E-011  6.831232523707647E-014
         100  1.956296260220854E-006  9.496895945987517E-009
         102  1.591394617402486E-009  7.636711900339846E-012
          24
           6  1.376365276662039E-008  6.726575903024938E-011
          11  4.338208519814117E-012  2.056238015338498E-014
          15  7.547795623668926E-014  3.544729489678750E-016
          18  1.399295817005512E-013  6.646032335068181E-016
          19  7.621602150008897E-015  3.580947210333684E-017
          24  1.384620107663633E-020  6.386060279643474E-023
          33  8.584443420397177E-005  4.241873469641323E-007
          34  2.387691745289763E-006  1.174048246169257E-008
          36  9.711099280194039E-011  4.632384968333116E-013
          41  1.026004891972837E-012  4.900223505022843E-015
          43  2.606499913635886E-009  1.270693814540958E-011
          47  5.818373952778287E-009  2.844425577234136E-011
          48  7.915656156949560E-015  3.730621140668628E-017
          54  1.054314151352662E-018  4.889469490295747E-021
          60  6.940718312129440E-010  3.338118874625718E-012
          62  4.304653256526216E-005  2.139544486256766E-007
          66  2.426509068050164E-024  1.119163868692722E-026
          71  1.892177726576595E-014  8.867948823328066E-017
          75  2.491458573348066E-006  1.235892849026276E-008
          78  6.979433497271751E-020  3.238381257916287E-022
          85  1.054586402290247E-022  4.867563279653923E-025
          94  3.066158265815234E-004  1.524026176064924E-006
         103  2.622457712733041E-004  1.299441363625001E-006
         107  2.391720096913827E-005  1.187846786869690E-007
          21
           4  2.546118891695478E-007  1.260538841976206E-009
          12  7.198318975503661E-006  3.604001351508155E-008
          14  8.809146810372991E-006  4.410320771640338E-008
          22  1.283252134436784E-005  6.453893433354096E-008
          25  2.206342623126279E-011  1.053829672581726E-013
          30  2.670513419968654E-004  1.344011829926279E-006
          38  4.677479326336749E-007  2.339312554715683E-009
          40  1.324188558130047E-019  6.136071891251627E-022
          56  6.071799324433783E-008  2.999736693167650E-010
          65  1.960601973885957E-005  9.734640152029988E-008
          67  8.914176062422163E-004  4.500161460209708E-006
          78  8.513770624189566E-025  3.937185624888563E-027
          80  5.459061185830455E-017  2.562201946205590E-019
          82  5.800287299032366E-017  2.707767444196798E-019
          84  3.804972350201187E-017  1.773106586910152E-019
          85  1.744926535160237E-015  8.256895185271859E-018
          87  2.400775379547339E-006  1.202626621802368E-008
          91  6.255963103622978E-026  2.892929188821686E-028
          92  1.149434214080237E-010  5.543851918011135E-013
         102  7.070134876775516E-006  3.509904648158369E-008
         112  5.327724768329849E-016  2.503924719599382E-018
          10
           4  7.529568961867941E-008  3.587454601376012E-010
           7  2.129431271999065E-012  9.911168439566560E-015
          25  1.120116245766288E-025  5.139727750291154E-028
          29  5.906626819768407E-006  2.798401800900061E-008
          84  4.345934576028660E-005  2.076922895504382E-007
          87  6.231781654449976E-015  2.900742730111330E-017
          92  1.140166041508522E-013  5.304332909158487E-016
         105  2.080472732412770E-014  9.693332230018954E-017
         110  6.108711411747503E-010  2.865818025996852E-012
         112  6.676442372004138E-028  3.069194627579530E-030
           1
           3  2.345181789414641E-018  1.082929732213125E-020
          14
          11  7.423014736187815E-007  3.473141163504908E-009
          15  3.648473794157206E-012  1.688197831970587E-014
          33  6.392011093880182E-009  2.992595985107807E-011
          36  1.683162806835146E-007  7.862807566906852E-010
          46  2.709546662252193E-024  1.250172396547397E-026
          63  6.650417180655235E-014  3.074161692411302E-016
          66  7.848209922404758E-026  3.621502413243008E-028
          69  8.361895759061041E-019  3.852497462248433E-021
          71  6.004559409628965E-007  2.805420730570974E-009
          83  6.715046855915436E-024  3.100626449921242E-026
          90  2.998714985896794E-010  1.392535063214021E-012
          94  1.899406491609813E-014  8.793190776759489E-017
         103  3.584067260575993E-008  1.681283201527338E-010
         108  4.647329284883435E-020  2.142013887606584E-022
           7
           8  4.342474721919475E-012  2.009838444815279E-014
          16  2.752086229240584E-010  1.271267877317178E-012
          51  6.308513625601167E-015  2.911594191196826E-017
          58  3.662791088147631E-010  1.701269588993847E-012
          76  2.368354045101884E-020  1.092820169398710E-022
          86  4.245563331209004E-009  1.965058570425432E-011
         100  3.155747682375957E-015  1.454574096239578E-017
          25
           6  9.386853982874185E-014  4.464334305071301E-016
           8  6.082503006986570E-018  2.827743673333536E-020
          11  8.198788432167205E-019  3.805419772900358E-021
          15  1.427961107936750E-007  6.971466914920423E-010
          18  1.792658833495058E-011  8.688606105024764E-014
          19  1.988044042271182E-006  9.822673881191350E-009
          33  3.053735836441903E-004  1.525003263399508E-006
          34  1.240886262852335E-012  5.920311794076069E-015
          36  1.557464647998845E-022  7.191463106746827E-025
          41  1.112737050012078E-006  5.547534647524999E-009
          43  2.293284743292158E-012  1.101647256020589E-014
          47  1.302328659947002E-007  6.466453361236005E-010
          54  7.755506892133224E-007  3.832847563231113E-009
          60  5.977464922091839E-005  2.972606698386898E-007
          62  1.295118835751862E-004  6.500863718853772E-007
          64  6.957988405938864E-026  3.208416754737908E-028
          66  2.093357182909005E-008  1.019737099884088E-010
          71  8.315772105343633E-016  3.889865423458206E-018
          75  2.285538254180907E-006  1.142045553131546E-008
          78  2.555120500150973E-008  1.265030190332317E-010
          80  1.737124159587174E-024  8.017321291211445E-027
          85  9.720787251526214E-015  4.614051494675950E-017
          94  4.928321001437210E-004  2.468835371676923E-006
         103  3.923353372212571E-005  1.949268559753298E-007
         107  4.313515026327317E-007  2.137108760271728E-009
           5
           7  6.165719957974253E-009  2.848637146879025E-011
          13  5.583655925787193E-020  2.570727545991507E-022
          53  9.932479634696617E-026  4.590003768936016E-028
         101  3.052303554303762E-018  1.406590971893166E-020
         106  4.668822410534943E-014  2.155579410976730E-016
          11
           7  3.788674704320566E-008  1.769220819641392E-010
          13  1.768271983531913E-010  8.218866000933411E-013
          23  9.696624463696028E-011  4.510982521467016E-013
          44  3.726927450663419E-016  1.723914455638247E-018
          59  8.735050937138644E-013  4.054800665184102E-015
          79  1.842552676725248E-012  8.557608503672616E-015
          84  7.925860893182752E-016  3.663983697305732E-018
          93  1.802098661753967E-013  8.358630273813352E-016
         101  1.913074213398893E-008  8.940405404223240E-011
         105  2.946105384708636E-019  1.366388427659976E-021
         106  1.956160729218020E-007  9.171114131250275E-010
           3
          16  3.060269767393682E-015  1.408164838013176E-017
          76  3.882911275216853E-012  1.792482495393502E-014
          86  1.393812801085824E-016  6.428833325122068E-019
          25
           6  6.345558903895215E-004  3.339952720470308E-006
          18  5.866796318949319E-004  3.110554864250278E-006
          22  1.635803367525440E-022  7.603355037629905E-025
          34  1.348584843911110E-007  6.897896713163571E-010
          38  5.085727975643234E-010  2.578505348987194E-012
          41  2.402671441015222E-010  1.214727677793306E-012
          42  4.543262803768861E-009  2.299898998827255E-011
          43  2.474654993633826E-003  1.309296317623611E-005
          47  2.205730073331063E-004  1.162680085662600E-006
          48  2.269659457834401E-003  1.200406124515687E-005
          57  1.339909941324727E-005  6.963262805145140E-008
          62  1.998928404598258E-006  1.035127753779568E-008
          73  1.215314969748817E-015  5.831141834087364E-018
          75  1.928414597027681E-004  1.016778758695328E-006
          78  1.338404006697799E-011  6.691806346842789E-014
          80  4.110782204208669E-004  2.179786534048804E-006
          85  1.817603701486734E-004  9.638110935168173E-007
          87  2.942576242125109E-011  1.474411351987474E-013
          91  5.989258847099638E-004  3.185975460792459E-006
          94  1.312592181941164E-009  6.622031893520776E-012
          95  3.127013668719748E-009  1.580357593800734E-011
          99  3.672036715432224E-005  1.927350016743543E-007
         105  2.887438463061610E-011  1.442612436611494E-013
         107  8.464986068233453E-005  4.427758492623337E-007
         112  1.270616867652207E-006  6.600144771724961E-009
           0
          28
           8  7.049247048846440E-007  3.492375370585187E-009
          12  8.793768052733395E-007  4.414288709248383E-009
          14  6.368702507871431E-007  3.191707287224438E-009
          15  3.194156976574716E-028  1.468648485503111E-030
          16  4.720592924573065E-011  2.272890919324726E-013
          18  8.253705195597142E-011  4.050543163798824E-013
          19  6.613708408638960E-008  3.270453921058204E-010
          22  3.834825693326143E-007  1.924234007342679E-009
          30  1.134195224592757E-019  5.276016727886954E-022
          33  2.174682298387637E-019  1.009910451488100E-021
          38  6.483887765611485E-007  3.266671348577856E-009
          41  3.155258123564768E-004  1.609539543303866E-006
          47  6.307558631407784E-009  3.133200464279023E-011
          51  8.839722815314645E-005  4.436213240732232E-007
          54  1.862591296214807E-004  9.413505502877975E-007
          56  1.090288818205369E-005  5.487697460115824E-008
          58  3.615163598668536E-008  1.781372331947917E-010
          60  7.103098933509741E-007  3.529888540075449E-009
          62  4.741520477979856E-010  2.324112518244657E-012
          64  7.837728972429209E-019  3.641129257889705E-021
          66  2.998573530045508E-014  1.422627754928042E-016
          67  8.628053678139010E-027  3.977028570622404E-029
          75  8.498595764099639E-012  4.129142587244430E-014
          78  5.812393616766956E-004  2.971046201304774E-006
          80  6.340778592084437E-015  3.019985814081672E-017
          85  1.816420098814789E-010  8.953153881929724E-013
          94  6.612106565741900E-013  3.171130795005556E-015
         100  4.923780219401335E-005  2.463645125465111E-007
          11
          10  1.166150628754421E-023  5.381364236481026E-026
          11  5.437957158546955E-009  2.520380605573591E-011
          15  4.846415499407177E-017  2.233181473912750E-019
          33  8.340936391189880E-019  3.853509348892996E-021
          36  5.114843547311281E-011  2.366553588907244E-013
          63  1.194225573387211E-011  5.522095750396005E-014
          71  3.446343824965510E-008  1.596800556848603E-010
          72  3.675673833361625E-027  1.700603521402973E-029
          90  7.519944176001671E-010  3.479303510039390E-012
         103  2.567979855193037E-017  1.187592266672649E-019
         108  1.429509031109966E-013  6.599328537455214E-016
           7
          10  2.657947502797683E-025  1.227950719604569E-027
          11  5.933506635874539E-015  2.743709213598764E-017
          63  4.781820655896613E-012  2.211288147698894E-014
          71  1.342517849772286E-011  6.205286655093878E-014
          72  5.671372468703226E-022  2.626930045087308E-024
          90  3.287726701782801E-012  1.519577525337578E-014
         108  2.011522565041773E-013  9.293186520439186E-016
           2
          49  3.254831870243031E-014  1.500353813964278E-016
          64  8.335884180524671E-016  3.841887413488838E-018
           5
          63  1.286241495350196E-011  5.934647148852379E-014
          71  1.316195944998723E-014  6.066886996436719E-017
          72  6.561276625222408E-015  3.032451231918013E-017
          90  3.217571730377057E-016  1.483596211774062E-018
         108  1.363808806296176E-014  6.286549995984447E-017
           0
           6
           3  1.050482191304792E-012  4.838958154009617E-015
          28  3.218973807024957E-013  1.481999655973938E-015
          68  1.046444073388423E-014  4.810782850918883E-017
          81  2.921410749763453E-021  1.346592298020693E-023
          96  5.279436034747259E-011  2.426196196821359E-013
         111  5.778648737875560E-029  2.657552468190814E-031
          15
           1  4.062204911798493E-015  1.876127981264255E-017
           2  2.659129091849594E-012  1.236029335134269E-014
           5  1.321056049960018E-006  6.223426548029101E-009
           9  7.415924193737659E-014  3.441609820569180E-016
          12  3.832467138133935E-023  1.771453309817212E-025
          14  7.400201713051212E-022  3.419306783307849E-024
          16  2.819318120997484E-007  1.322514437627388E-009
          30  2.365679319348122E-024  1.096691967648151E-026
          37  2.078331028629145E-010  9.667762691099101E-013
          51  1.657921901506019E-011  7.734414876079951E-014
          56  4.003993512836693E-012  1.872635723883651E-014
          65  3.124323804553661E-015  1.448192676981774E-017
          70  2.474094507250000E-008  1.159968708702671E-010
          76  1.668221260285425E-008  7.810846814839483E-011
         100  5.115006731712927E-010  2.392444115541761E-012
           9
          13  1.426414531167096E-011  6.581951859407825E-014
          23  4.979564780385027E-011  2.301241499021174E-013
          26  9.776935940922997E-029  4.511126430011668E-031
          59  9.334168129670543E-011  4.316707971074435E-013
          79  1.848856297349418E-010  8.550244923008394E-013
          81  1.874827087658586E-015  8.675005224410526E-018
          97  1.014846427650972E-011  4.697203722406774E-014
         101  7.767009708156099E-014  3.587236164462059E-016
         106  1.157947544095329E-017  5.350993742134653E-020
           4
          31  3.426532517836769E-024  1.588181215619265E-026
          45  1.053186094465194E-015  4.867537619103672E-018
          61  5.222089383838412E-021  2.420685171959912E-023
          88  2.908474290258672E-020  1.345985952863327E-022
           7
           4  3.277389672784856E-013  1.523866205875987E-015
           7  4.291097953613329E-009  2.004875028751536E-011
          29  1.231414700550895E-006  5.774709663620285E-009
          84  8.838637732561125E-007  4.166637114642625E-009
         105  2.009815651465881E-024  9.290681987804038E-027
         106  9.411098713866343E-019  4.347636117945746E-021
         110  2.292198603412963E-010  1.068340888521195E-012
           1
          35  4.888873190321825E-016  2.254832226950849E-018
          16
           8  5.210780289599811E-019  2.406044318549091E-021
          11  4.335730098929438E-015  2.008506627851854E-017
          15  1.704052005486870E-005  8.061298453249368E-008
          19  5.261620254880424E-007  2.495646245922881E-009
          33  5.798100509214385E-008  2.741920938081065E-010
          49  2.178349733353972E-011  1.015060565491171E-013
          54  4.724013876577717E-012  2.209326996044499E-014
          60  2.028621313694547E-007  9.586945067153387E-010
          62  7.225410589368743E-027  3.327917466878816E-029
          63  1.260809333154333E-011  5.872463312260390E-014
          64  4.148384086604832E-010  1.939710165318992E-012
          66  4.093033103289224E-006  1.939486816942025E-008
          71  5.571953793819628E-010  2.604126243833024E-012
          72  1.329882203014172E-010  6.221300242184638E-013
          94  1.566432468986556E-012  7.312343894188247E-015
         103  2.172780085404390E-010  1.019953675530459E-012
           1
          35  1.225991233429390E-017  5.642831112576438E-020
          14
          13  6.401832762108783E-008  2.991899477598384E-010
          23  2.486832284509836E-006  1.168449538307448E-008
          28  9.717321260549473E-020  4.482267658894020E-022
          44  9.912169207083632E-007  4.669295682371945E-009
          59  2.777054164974907E-006  1.305698703451270E-008
          68  2.041577969766338E-011  9.482276432864316E-014
          79  2.316759741485158E-007  1.086282752747999E-009
          81  2.541271375753747E-008  1.192237787965994E-010
          93  9.534727840653020E-007  4.492776289749766E-009
          97  1.344340068783105E-012  6.244622657112956E-015
         101  4.511466381496066E-006  2.122956217986162E-008
         105  9.661846506758006E-013  4.508411614785228E-015
         106  1.690701349159241E-006  7.961400175908430E-009
         111  3.555347113457056E-009  1.662810978954548E-011
          17
           2  5.734053139066638E-009  2.735101111467498E-011
           5  3.799514767846638E-013  1.783057568892700E-015
          12  9.695441884422431E-007  4.732118722721634E-009
          14  1.392702501232436E-006  6.795166961399436E-009
          22  1.933118605866675E-007  9.422014488895822E-010
          25  9.605840681051758E-022  4.420078990795750E-024
          30  1.676696931248461E-004  8.237512409707752E-007
          38  1.605527264063046E-011  7.667561174612562E-014
          56  4.986695714083557E-007  2.425916418453570E-009
          65  2.777779406468276E-004  1.356846480057536E-006
          67  5.477134848502135E-007  2.669777450417066E-009
          70  3.766370717113885E-008  1.804741004655105E-010
          87  1.644675497306916E-022  7.600931196494218E-025
          89  6.975453769910370E-012  3.285001914775682E-014
          98  1.380537851064680E-029  6.369286637301333E-032
         100  1.120255145534964E-019  5.167225551049524E-022
         102  7.400864234434850E-005  3.607799791189760E-007
          18
           5  1.562132750688247E-009  7.440089703862571E-012
           8  3.299064735106961E-009  1.576274371588466E-011
          12  2.300029145981945E-008  1.112539787842921E-010
          14  2.402138608088612E-008  1.160720732736397E-010
          16  1.455660851725217E-005  7.025822403372329E-008
          22  4.727765883477710E-010  2.271600098533461E-012
          30  4.626401858534819E-013  2.186506572573272E-015
          38  2.460462730699263E-014  1.158981777187102E-016
          41  5.989216045476241E-013  2.838379279914569E-015
          51  4.517457444503403E-005  2.196707867971551E-007
          54  8.601646784113175E-011  4.098406352260799E-013
          56  5.531788816685057E-006  2.701570155669898E-008
          58  3.389466673582781E-009  1.620587623609943E-011
          65  4.879961533884835E-013  2.295578067636280E-015
          70  7.841886718083224E-013  3.684750316491270E-015
          76  1.365422691285851E-012  6.417156892022240E-015
          78  2.489073921886476E-010  1.197123291868412E-012
         100  9.849125869697940E-005  4.788275865951384E-007
           4
          29  1.107025480569493E-010  5.084819978139092E-013
          32  5.589913228054332E-016  2.572225138700818E-018
          50  1.118567625523029E-015  5.138457867960050E-018
         110  3.929824903152718E-010  1.810162559776396E-012
           2
          77  5.229595059706521E-011  2.415979971226204E-013
         109  3.930482106391980E-018  1.810765587202674E-020
           0
          23
           6  2.522345499891162E-011  1.210944447960329E-013
          23  2.650132358284165E-021  1.226132131403053E-023
          28  1.976738477601181E-007  9.582397606294701E-010
          42  2.548929597974814E-008  1.237257582877774E-010
          43  4.076164003863152E-012  1.948918431044103E-014
          44  4.666118972180443E-006  2.280598556347814E-008
          48  3.254637808705893E-008  1.595783076890089E-010
          57  8.882838165723710E-006  4.382253477867655E-008
          59  1.805248364831142E-015  8.443385794858138E-018
          68  2.409161261092054E-007  1.166320369905130E-009
          73  8.090809366471832E-006  3.963937563009537E-008
          80  1.038314552024769E-021  4.810933191487365E-024
          81  3.915290452796442E-008  1.894738215671508E-010
          91  1.440242051286935E-012  6.906381536134089E-015
          93  1.406323563609590E-006  6.861953203471669E-009
          95  2.988257907166714E-004  1.474888976297534E-006
          96  6.595688461955074E-016  3.074784174387152E-018
          99  5.790628903628454E-007  2.859437234749809E-009
         101  6.798175194113188E-017  3.165968382107312E-019
         105  1.027215174614657E-008  4.999337189066732E-011
         106  7.333714178607369E-022  3.395673525207924E-024
         111  1.141373450912251E-005  5.580919745254264E-008
         112  2.181468889181704E-011  1.046135497951877E-013
           6
          31  8.127161643861161E-020  3.756363349610056E-022
          40  2.451888423027540E-023  1.131399406335002E-025
          52  3.783120387017795E-016  1.745142667497203E-018
          61  7.706467299967429E-022  3.562321584569657E-024
          82  2.258769482731852E-022  1.042844857881286E-024
          88  6.131184728207992E-026  2.829432967091706E-028
           0
          19
           8  1.090100606771451E-006  5.282761433913599E-009
          15  3.334560990216679E-006  1.614274696626329E-008
          19  2.721769284034657E-004  1.337280307300558E-006
          33  1.897250478459316E-007  9.203876175935272E-010
          41  3.218885689910102E-007  1.578450299397933E-009
          47  1.601917447019920E-015  7.500699696323924E-018
          49  3.900903574080107E-011  1.848062088095394E-013
          51  1.836581082175972E-009  8.801638118631894E-012
          54  1.262266027903559E-004  6.211221505899938E-007
          58  3.441180043700715E-008  1.657993854904637E-010
          60  3.561489615001106E-004  1.746894699603905E-006
          62  1.948228872526675E-009  9.400259169881506E-012
          64  1.058773042436333E-007  5.097259530506709E-010
          66  1.864616831586569E-005  9.083298224636582E-008
          75  4.615304790668433E-015  2.167104168511511E-017
          78  3.176317514865106E-008  1.551022599407330E-010
          94  2.173621473910168E-008  1.051521994495610E-010
         100  4.037593449885131E-011  1.916599552088849E-013
         103  3.763097568127799E-011  1.792711391760772E-013
          28
           6  5.747189024625244E-004  3.019694939941039E-006
          18  7.540968216457009E-004  3.991898481178374E-006
          22  2.850352997482000E-019  1.340609125129167E-021
          33  8.851426535276962E-012  4.377175790825874E-014
          34  1.390473772205517E-006  7.156591224873879E-009
          38  1.452657944251841E-009  7.389233423400040E-012
          41  1.595037418527685E-007  8.239887529136134E-010
          42  1.180440036136333E-010  5.884079422014604E-013
          43  2.089210781078138E-003  1.103466850431995E-005
          47  1.202727155428578E-003  6.356792005988370E-006
          48  4.314778875978845E-004  2.272281969551713E-006
          54  1.480188842017988E-023  6.861921295663720E-026
          57  3.911799899198654E-007  2.010977951375853E-009
          60  1.229779986959266E-019  5.750903948495563E-022
          62  1.638127812250511E-004  8.570240662555386E-007
          75  1.867626853905406E-003  9.860032647849705E-006
          78  1.267378088039468E-008  6.499219977731339E-011
          80  1.316523964082073E-004  6.955120386370176E-007
          85  1.527189355316573E-004  8.076081910143522E-007
          87  1.242507478819557E-015  5.982553941835917E-018
          91  6.953992774847941E-005  3.672813430868078E-007
          94  2.341544818721248E-006  1.208565943720193E-008
          95  2.665665921090552E-014  1.289822814271694E-016
          99  1.656877281919743E-007  8.551836104679192E-010
         103  1.196526095761149E-011  5.925327085772748E-014
         105  3.089003908077372E-030  1.428116201946228E-032
         107  8.104911664792078E-004  4.249558976014468E-006
         112  2.149508433966106E-009  1.091388659464839E-011
          25
           5  1.535616305873207E-018  7.166027972715518E-021
           8  1.227483955063867E-013  5.853008500886628E-016
          12  6.272260858665778E-004  3.200952676326362E-006
          14  6.069551359974796E-004  3.093179778039172E-006
          16  4.741233917138869E-010  2.302336799079208E-012
          18  2.468694171915995E-013  1.190435167573533E-015
          22  2.749769436881833E-004  1.404739791826126E-006
          30  1.749648822940963E-006  8.786396307073952E-009
          38  3.287714637101500E-005  1.675322447973774E-007
          41  9.157117255272954E-007  4.623321741196354E-009
          47  1.310760062466279E-013  6.297131803685584E-016
          51  6.395244490381796E-006  3.202438301222850E-008
          54  2.496079859967171E-009  1.230896358727156E-011
          56  1.448620784556530E-003  7.380727900529284E-006
          58  3.082428792288604E-016  1.452438463907343E-018
          60  5.846878896493589E-028  2.695540292353865E-030
          65  8.393740910049057E-008  4.161047412525330E-010
          67  6.534466226378382E-008  3.263296190316019E-010
          70  1.710053752083613E-017  8.000589020781755E-020
          78  1.618223852783076E-005  8.236009935331534E-008
          80  5.970906055965864E-015  2.852338700622770E-017
          85  4.826909804762271E-011  2.376496405303687E-013
          87  3.498733715032378E-015  1.664179367179068E-017
         100  1.406885928981605E-005  7.043042218312533E-008
         102  5.415650015764496E-012  2.614690612382698E-014
