         122          98
           2
          31  4.131775806878258E-018  1.901066633398876E-020
          38  1.474998207537116E-017  6.804443821167009E-020
           4
          51  4.529663441559926E-017  2.094843795155503E-019
          52  4.280476804972846E-017  1.982187806637705E-019
          82  1.763392544116270E-017  8.157056234449714E-020
         113  1.776390423585618E-023  8.222938667627182E-026
          21
           2  2.339835955281501E-005  1.163911043685180E-007
          13  9.484012236420398E-016  4.399394328194841E-018
          16  4.297559252679335E-008  2.026038126576410E-010
          21  2.488879722329590E-006  1.189269329512399E-008
          22  5.362761648721443E-013  2.580929313986307E-015
          31  8.341552117618350E-020  3.847361056654017E-022
          43  9.821063652824476E-015  4.544134830974088E-017
          55  2.085250113917940E-004  1.015745225806087E-006
          60  4.248159347859230E-005  2.048020753470635E-007
          65  2.730312400614593E-008  1.349765402647665E-010
          70  2.770372139189485E-015  1.287179760618285E-017
          78  1.149643097446139E-009  5.388311742210972E-012
          80  1.760872063899207E-004  8.570636440304135E-007
          83  4.224208848987192E-010  1.974081043290004E-012
          87  1.842315734687634E-010  8.827079745091348E-013
          93  4.537023576083612E-017  2.109616887743227E-019
          96  2.128854307195979E-004  1.056009287042459E-006
         105  1.047368019128396E-019  4.850008371384662E-022
         107  4.819777617808727E-011  2.280209997960209E-013
         115  2.292516962342695E-004  1.118146852428150E-006
         117  1.006674045743559E-004  4.881262747628931E-007
          20
           2  7.461878628667750E-012  3.572947014665045E-014
          21  3.215646013694652E-009  1.518642352181409E-011
          22  1.409914897706999E-013  6.745021010787259E-016
          26  4.058604073468000E-016  1.910200330919141E-018
          32  7.854868214922867E-009  3.705782873090801E-011
          41  4.021286444584806E-028  1.854327104034042E-030
          43  9.592550494414924E-024  4.417973679457433E-026
          55  2.392855127296213E-013  1.121748240235761E-015
          68  3.376064556513650E-011  1.568775678734620E-013
          74  2.574437401640144E-012  1.206247285483594E-014
          78  3.446790646871030E-010  1.610261928591863E-012
          80  2.994326850752043E-011  1.415319735819307E-013
          83  9.080533523170628E-018  4.185979463815992E-020
          85  4.698035575446980E-013  2.183243898007249E-015
          93  1.090867523099308E-004  5.361024658666497E-007
          96  9.373976495034503E-010  4.518816818747732E-012
         107  2.239541537322197E-004  1.087399170514948E-006
         115  8.542879213226666E-012  4.030900104304053E-014
         117  5.818451067587898E-010  2.759321625993007E-012
         119  2.922210388372732E-016  1.349179633472999E-018
          13
           4  6.008439225041282E-013  2.761928652421387E-015
          14  1.741315093051895E-008  8.328395142349482E-011
          23  6.034013471708870E-013  2.781045828049781E-015
          28  6.589788836938666E-020  3.029090644924424E-022
          30  3.684238861111533E-027  1.696164604828433E-029
          50  9.342098093797954E-007  4.350057310139083E-009
          54  1.039831486659824E-024  4.791213046996789E-027
          64  6.750456482915652E-012  3.116969649911139E-014
          69  4.414030980944266E-027  2.034257300271398E-029
          71  4.286830165974104E-016  1.972496158852349E-018
         112  2.706672379678673E-020  1.246977373795451E-022
         121  2.982062931693446E-021  1.372422783896793E-023
         122  7.912285842853188E-023  3.643882219563348E-025
           2
          31  3.157145685181525E-022  1.454741244914319E-024
          38  5.014765823561837E-019  2.316781239835325E-021
          18
           2  3.603935653647893E-004  1.806513655480388E-006
          16  1.617880687631316E-015  7.496815106636104E-018
          21  4.397965382001267E-008  2.090748094954903E-010
          22  2.364861893981969E-006  1.191185168521762E-008
          26  1.091265235135240E-013  5.211991283590386E-016
          55  6.127272153213628E-006  2.975390155894658E-008
          60  7.067436158773920E-008  3.378878939935883E-010
          65  1.147736072700130E-005  5.759378325113348E-008
          78  9.571757119555176E-013  4.446224249873504E-015
          80  7.159789645980486E-006  3.474243912575271E-008
          83  2.060200368853233E-017  9.503539844061769E-020
          87  2.252529985360185E-010  1.081138328904085E-012
          93  4.665504454654021E-008  2.268065863715720E-010
          96  4.951400796769307E-004  2.463755883202780E-006
         107  6.455690734683980E-008  3.101678022725496E-010
         109  1.888848596202133E-012  9.051304445458528E-015
         115  1.089058954751821E-005  5.294074006921999E-008
         117  4.712578963386580E-006  2.279060196419684E-008
          22
           1  1.377735145550186E-013  6.377729252496717E-016
           6  6.009821475293518E-008  2.865984462823080E-010
           9  3.098909398155592E-006  1.513144755961664E-008
          19  8.451249520721228E-011  3.927686393047835E-013
          26  7.890348855710891E-013  3.783045086779878E-015
          27  2.276873977921885E-007  1.095620855788709E-009
          29  1.944290244299575E-008  9.055714071521671E-011
          36  2.417673036044901E-007  1.181405436231448E-009
          39  1.085323567296555E-008  5.283570157988050E-011
          42  3.174076478428704E-005  1.530114545987298E-007
          45  5.327314114231258E-005  2.572044803779980E-007
          53  7.095314304265182E-021  3.282728462230785E-023
          57  1.964416917218740E-025  9.056039989836437E-028
          59  2.585757886789091E-006  1.264980613522278E-008
          73  2.276893279593990E-009  1.061867102353639E-011
          75  1.956768332234228E-011  9.211369631172190E-014
          76  6.114307259303055E-006  2.981202475997704E-008
          77  5.793798707171117E-021  2.679593543326778E-023
          90  2.428061162518273E-019  1.127207679564160E-021
          95  3.683960381596602E-005  1.771155800579937E-007
         116  8.947704823238553E-006  4.345401104418187E-008
         118  1.589254268874865E-007  7.702232614535064E-010
           2
          30  3.896155985899361E-028  1.799971888898662E-030
          72  5.822937308588455E-028  2.689909212193430E-030
          13
           6  1.703522454611460E-010  8.035137657114010E-013
          10  1.184009122683294E-010  5.491138222285086E-013
          27  2.768849991818341E-012  1.303885794735560E-014
          32  8.545943066502596E-009  4.023891726069757E-011
          33  4.342306272959940E-014  2.010839844014441E-016
          41  2.476814819258651E-006  1.180090966036420E-008
          46  1.999857022229125E-006  9.456226085087020E-009
          74  1.260031531496673E-006  6.004158099602968E-009
          79  8.189122984715943E-008  3.823630397506389E-010
          85  3.981444426100167E-007  1.878672573736653E-009
          93  1.269203550824222E-024  5.853354860296469E-027
         102  3.921201777753739E-013  1.818897354747022E-015
         118  9.292677253233896E-015  4.359295491180326E-017
          16
           2  1.278882047096803E-011  6.132879743400370E-014
          16  3.722803252830996E-008  1.750036111032540E-010
          21  5.028639404102054E-005  2.405064488592978E-007
          31  7.609258269365434E-012  3.520110194664166E-014
          43  1.487834558420390E-007  6.956731528712745E-010
          55  8.771541465517046E-007  4.222859995836117E-009
          60  3.110063616402004E-008  1.479588970014672E-010
          78  1.247742690236883E-005  5.899988397795111E-008
          80  4.674429892791206E-006  2.255719672225949E-008
          83  1.408280082291365E-006  6.621200725392046E-009
          93  3.075766575064827E-012  1.456431466626526E-014
          96  5.052632739006131E-008  2.459084638320001E-010
         107  7.094287179508488E-007  3.408036555676259E-009
         115  2.168566890196636E-006  1.046205825115980E-008
         117  1.624903382037319E-005  7.836997534571302E-008
         119  8.204194811068751E-011  3.810403276121257E-013
           6
          10  2.759133322912748E-014  1.277887072889771E-016
          15  7.381159449439437E-016  3.415196563007357E-018
          33  5.043073057090284E-013  2.338824057667471E-015
          35  6.910543547630549E-020  3.202811692857823E-022
          79  3.502442874951477E-014  1.625250610201461E-016
         102  3.407354471041379E-020  1.582392580595260E-022
          14
           1  4.620967682363008E-009  2.142873977302253E-011
           9  3.428821443611566E-016  1.599731354586825E-018
          19  5.421278875445127E-007  2.529010156670567E-009
          29  1.258712574489927E-021  5.805105389453828E-024
          39  3.185042383719844E-030  1.471815504683817E-032
          40  1.643760694125383E-027  7.597552566049277E-030
          42  2.102571196726586E-010  9.916796005039186E-013
          45  1.695036322024114E-020  7.830696585305138E-023
          47  2.063760970501702E-010  9.557351448045052E-013
          57  7.449800746083003E-012  3.434520264294464E-014
          59  1.739942512752093E-017  8.104600405411999E-020
          73  1.070260126237133E-006  5.005423371735465E-009
          75  1.041221239187022E-007  4.948503852294831E-010
         106  6.172820592330231E-030  2.851657692422328E-032
          16
           6  2.189780264920534E-006  1.048642592713695E-008
          27  2.893659729739887E-007  1.392201734764092E-009
          32  1.866468120799500E-016  8.635894228675097E-019
          41  2.100590417759560E-006  1.001375197977426E-008
          45  1.739664087238850E-012  8.161887606465983E-015
          46  5.632230998237274E-006  2.667972039339272E-008
          56  1.734814273071068E-016  8.004171856777765E-019
          74  5.374249345634242E-009  2.543830083354256E-011
          76  1.894355611674357E-015  8.847488783895654E-018
          79  7.643798593858248E-014  3.543956032734774E-016
          85  2.156249859289924E-011  1.006549408800128E-013
          95  1.487575003683471E-010  7.012336291783095E-013
         102  4.199676072236634E-021  1.947301208610247E-023
         116  8.918700643825805E-010  4.255852147415010E-012
         118  1.634500949922004E-008  7.876949062015034E-011
         120  1.603835824584910E-011  7.429900232777924E-014
          21
           9  2.983575830284192E-005  1.469649249424061E-007
          19  1.469843138882449E-011  6.842621386169413E-014
          22  3.741239821939287E-019  1.746642601784115E-021
          26  5.507761050806031E-010  2.696033221083601E-012
          27  2.038522861261612E-017  9.487377237428591E-020
          36  4.575452491233370E-006  2.258361119443582E-008
          39  8.486046030444885E-005  4.227629743564699E-007
          42  1.750955818871688E-006  8.445471136617593E-009
          45  7.750928307209287E-009  3.705164376043136E-011
          47  9.079130070551025E-017  4.201490923139813E-019
          59  2.604563364538040E-005  1.285700950272438E-007
          73  6.974837772292909E-009  3.268390726861481E-011
          75  2.894881738605461E-005  1.397034724904452E-007
          76  8.844750661155790E-007  4.318842490265608E-009
          90  4.854079567776785E-005  2.416590121480805E-007
          95  5.526542677469927E-011  2.611240186594061E-013
         109  1.070191539797058E-028  4.947588934412444E-031
         112  3.947536927976790E-010  1.878021570291869E-012
         116  8.515432126261092E-010  4.079108106387660E-012
         118  6.373350755392091E-013  3.021866105868138E-015
         121  3.934735580416760E-017  1.823958757540450E-019
          11
           2  6.471513443895784E-008  3.178607538581488E-010
          14  7.769102509478182E-008  3.752704120555627E-010
          22  2.088107103373095E-011  1.014780108519545E-013
          28  1.549786277701074E-005  7.429035515191483E-008
          55  1.817405627598585E-024  8.388509344367703E-027
          65  6.998929335105430E-006  3.502306798784535E-008
          69  2.598418785235365E-020  1.199306390295994E-022
          70  7.006519092266254E-010  3.293264090441004E-012
          87  2.564936595537840E-004  1.262360246960523E-006
          96  5.394830206235059E-011  2.585716639923038E-013
         109  5.565638687422761E-006  2.769969358153971E-008
           3
          24  6.218602272347652E-016  2.864041756396915E-018
          58  5.073684047237089E-017  2.334444546990492E-019
         102  3.508016805472348E-014  1.621017609847093E-016
           5
          47  2.909485300249510E-013  1.341994222139144E-015
          92  4.897100842314988E-011  2.273073282734773E-013
         106  5.384003108799068E-017  2.484599858951283E-019
         110  1.248851395350005E-027  5.760713857715845E-030
         121  1.638564752013056E-024  7.553415197621824E-027
          17
           6  4.911172755996645E-007  2.343819367677694E-009
          10  2.110133271456044E-017  9.735740295936321E-020
          27  6.190443065422877E-008  2.965445379144378E-010
          32  7.327213357469381E-011  3.425074182914283E-013
          41  1.069248525167567E-005  5.096975319907146E-008
          45  1.515986572551073E-017  7.013004440907636E-020
          46  1.189263148197991E-005  5.626953394386053E-008
          74  3.937123537572171E-007  1.871554058739630E-009
          76  2.342562623296246E-021  1.080083380175270E-023
          79  3.703766737468361E-010  1.721390237281510E-012
          85  1.695906757743515E-008  7.962633547091573E-011
          93  3.980028323093460E-026  1.832124384884942E-028
          95  6.797618580078032E-014  3.164267733361559E-016
         102  1.561604247716589E-016  7.228076532845391E-019
         116  1.451995985204950E-011  6.860216736970527E-014
         118  3.969434050325878E-009  1.904629987471379E-011
         120  1.016832907678453E-015  4.692613088476308E-018
          12
           9  2.151672565915546E-015  1.007748643434057E-017
          14  8.951258945858845E-011  4.264467150819131E-013
          36  1.307975597487260E-018  6.066342353273266E-021
          39  5.566495789099917E-010  2.694451052116758E-012
          47  1.198194390994630E-017  5.530774615560737E-020
          59  1.282857570644542E-015  6.012995723067102E-018
          75  1.468410027907657E-008  6.990404648510922E-011
          90  4.565438805881485E-006  2.256718222658166E-008
          92  1.987800969120031E-010  9.275981109546442E-013
         109  2.072882127056715E-012  9.923152512315697E-015
         112  1.008858514338129E-004  4.888215606102281E-007
         121  6.073305776912314E-006  2.890698342285475E-008
           8
           6  7.023511809973560E-016  3.261233796881876E-018
          12  2.407615235163930E-012  1.111188534046777E-014
          46  1.252827284688331E-015  5.809092543170983E-018
          53  4.341925406245461E-029  2.008529658999821E-031
          56  5.148416031992134E-010  2.376762107317654E-012
          95  7.726469488969281E-025  3.571009848090273E-027
          99  5.238834892476926E-013  2.419373594178018E-015
         120  4.112789735585780E-009  1.905188096493292E-011
          16
           1  1.086666630191620E-008  5.035361784539388E-011
           9  2.295080279016003E-023  1.060403054922032E-025
          19  5.215718850142308E-009  2.422055321463333E-011
          29  1.739193786530123E-008  8.068408759976913E-011
          42  2.846912884327963E-010  1.342905832093140E-012
          45  1.487467107409278E-012  6.958879705176232E-015
          53  2.967778130115214E-014  1.370974094702263E-016
          57  6.557244871869520E-010  3.022518240286481E-012
          59  4.590779667997121E-028  2.123447828037941E-030
          63  1.249501772060836E-026  5.753505893065434E-029
          73  3.083683724623956E-009  1.432732631170780E-011
          75  6.971020638610521E-020  3.227043060220256E-022
          77  1.687803411868378E-011  7.797427979591867E-014
          86  4.022855798337501E-019  1.853251762494696E-021
          95  8.007278268279725E-013  3.735556756827578E-015
         116  7.632470053568237E-028  3.524330711011044E-030
          15
           6  2.235087551778586E-007  1.064153022202257E-009
          12  2.777746251532893E-015  1.280003324744162E-017
          27  1.222017551648446E-008  5.832086790747573E-011
          29  8.037214272020656E-020  3.703907503414085E-022
          41  1.137375643067887E-009  5.349464090113804E-012
          45  1.355340115372137E-011  6.364999682353101E-014
          46  4.983928360459659E-008  2.342228579960156E-010
          56  8.354026998417336E-011  3.852068664668907E-013
          74  3.418043226146270E-018  1.582765041102720E-020
          76  7.811202248218160E-018  3.617176446996524E-020
          95  9.372251227735257E-010  4.418419846176832E-012
          99  1.155155840325428E-015  5.325830087711821E-018
         116  1.391102660523393E-010  6.594857613807064E-013
         118  1.222740664322612E-010  5.823587582841276E-013
         120  7.795130875818935E-009  3.609504795248470E-011
          16
          13  4.333536424076273E-011  2.017849999635275E-013
          16  1.815919010333309E-006  8.554941655511377E-009
          21  5.419086688817215E-009  2.555194540801664E-011
          31  6.129347386094462E-009  2.841551147710589E-011
          38  6.339232709048458E-014  2.932436595352497E-016
          43  1.291841723508425E-011  5.989498138891729E-014
          55  6.243245306370978E-008  2.988887682948925E-010
          60  5.411904340952301E-007  2.578897608741273E-009
          61  1.366615526373423E-017  6.315246169186489E-020
          78  1.185492621798769E-011  5.510755727975356E-014
          80  5.118945249255028E-008  2.447304461697138E-010
          83  4.881784669139788E-009  2.278441214281056E-011
          96  2.557915112083726E-014  1.203535625517254E-016
         105  9.244674119894204E-011  4.300320952531004E-013
         115  3.691757677366656E-008  1.765712765275985E-010
         117  3.397407334235373E-008  1.618954372677578E-010
          20
           6  3.860258490697896E-006  1.855338718744605E-008
           9  3.253907461966884E-005  1.596801287742926E-007
          19  1.664488419374346E-015  7.691343252733234E-018
          26  4.600505094095929E-008  2.273117683752122E-010
          27  1.698613899615181E-005  8.246543592097278E-008
          29  6.946676105096232E-011  3.226347170962174E-013
          36  1.600872924269016E-005  7.903645707157051E-008
          39  7.467284692469368E-007  3.674053057458094E-009
          41  3.143091204055303E-014  1.463299920522599E-016
          42  2.847372695623330E-005  1.374660534311071E-007
          45  1.539925248606017E-004  7.453162281120856E-007
          46  2.414683489377470E-016  1.119759326363472E-018
          59  3.304448261204115E-005  1.626037730897817E-007
          73  4.047863238626866E-012  1.877221036992993E-014
          75  1.434584151276648E-012  6.734538724648139E-015
          76  1.102762982323316E-004  5.413256972365711E-007
          90  3.928102357182840E-013  1.866849521546754E-015
          95  1.014286567835975E-004  4.889594703426283E-007
         116  1.444157991875569E-004  7.053382266980813E-007
         118  2.164990789469969E-005  1.060829575717061E-007
          11
          28  1.491483059782296E-008  7.039051423392469E-011
          34  5.154168627795558E-010  2.378389012293294E-012
          52  8.439378646123176E-016  3.899552937291399E-018
          64  6.624683570269276E-015  3.061704101169575E-017
          69  8.287121777054702E-009  3.853358606836441E-011
          70  5.195478730581848E-012  2.422176884704637E-014
          71  5.711318388578671E-017  2.635095583107048E-019
          84  3.545938104777025E-023  1.640873260242987E-025
          87  9.245966803440734E-016  4.317249530394293E-018
         113  2.407795138318125E-010  1.114615939128968E-012
         122  1.076261554923140E-010  4.984712394065842E-013
          25
           2  1.484812153574915E-006  7.391727666355769E-009
           9  3.804283496536617E-018  1.769483282348182E-020
          21  1.688740230175346E-022  7.785086453910116E-025
          22  1.619539800095896E-004  8.270467468053466E-007
          26  2.267383865696820E-005  1.143416676526677E-007
          27  8.338659118795527E-015  3.905276048093109E-017
          32  2.615765419704711E-017  1.210150638522208E-019
          36  3.569888065927592E-010  1.729124380613430E-012
          39  2.522617133635725E-012  1.209008940276286E-014
          41  4.923105818582942E-021  2.274320307080151E-023
          55  2.271636432995359E-015  1.061173545879894E-017
          59  1.979206008537318E-016  9.267135889221625E-019
          65  4.822598332291897E-007  2.413146771634129E-009
          74  8.132219132172359E-018  3.776040999232375E-020
          76  5.302366050558390E-014  2.496456223461719E-016
          80  2.708094341278017E-014  1.269225438886203E-016
          90  3.129024353602246E-016  1.467620732009237E-018
          93  3.515843843741582E-005  1.738070418499012E-007
          96  1.960698372836764E-007  9.641896429260164E-010
         107  4.613703721215079E-008  2.221427891916934E-010
         109  1.218197763440104E-011  5.885796316535337E-014
         115  8.537626590523725E-014  4.009498989883963E-016
         116  1.408563145141237E-017  6.546510546984140E-020
         117  3.585053143796187E-014  1.678565021498236E-016
         118  1.094144800061836E-010  5.252361460467907E-013
          20
           1  3.601032788990715E-019  1.659031330405142E-021
           9  3.032795300910189E-005  1.486577765835113E-007
          19  1.059825353279211E-009  4.927260791837402E-012
          26  4.367152859038017E-011  2.112790168858602E-013
          27  4.224572307698341E-016  1.962731873980480E-018
          36  2.603676869273058E-006  1.277140793188287E-008
          39  3.534252230205198E-005  1.747835329114396E-007
          42  6.665094175780455E-006  3.203898615217718E-008
          45  4.417287902874926E-008  2.106631955632095E-010
          47  2.959053941413871E-015  1.363675232592282E-017
          59  2.478874905824786E-005  1.217639634467770E-007
          73  1.024305003086805E-007  4.788051389315119E-010
          75  4.108325365883214E-005  1.974841028424008E-007
          76  1.093062825076317E-006  5.310309106205829E-009
          90  6.851684494472895E-006  3.386327296831751E-008
          95  7.655986021623264E-010  3.617233116526824E-012
         112  1.860757962664012E-012  8.724695078995154E-015
         116  2.589483694518731E-009  1.237106310186763E-011
         118  1.094584589467095E-012  5.171582084368988E-015
         121  6.837877524255752E-029  3.148046381600094E-031
           4
          12  4.295783852769394E-023  1.977587309282967E-025
          56  2.186342040854152E-017  1.005808528622406E-019
          99  1.303790948683945E-020  6.005379457095358E-023
         120  3.103417245364712E-019  1.430649435593980E-021
          11
           1  2.596818570076193E-015  1.197336800734397E-017
          19  2.935491163869953E-011  1.357226225855976E-013
          40  3.952567146248288E-013  1.824423323665997E-015
          47  8.406419338704343E-010  3.888296607925359E-012
          57  4.988080722909357E-023  2.293912301134385E-025
          73  2.109208571809080E-011  9.745802120420833E-014
          75  4.067185082988412E-013  1.897561147790156E-015
          89  1.946318248768196E-019  8.968862870787152E-022
          91  8.525595973001460E-028  3.929634536396794E-030
         103  1.298994425188100E-023  5.978641602040448E-026
         106  2.898555129165349E-013  1.337255310842653E-015
           0
          17
          13  3.890657651012220E-010  1.815838514024221E-012
          16  1.416830465412587E-007  6.661882624222458E-010
          21  1.596969996077635E-012  7.452003986232256E-015
          31  2.908876514677819E-010  1.347890491962674E-012
          38  8.641528454778215E-016  4.001009111964735E-018
          43  1.007466646132368E-016  4.656626632285782E-019
          55  4.964242402453518E-010  2.356868304286834E-012
          60  2.770633170292667E-008  1.315863351193210E-010
          61  1.760203523835283E-013  8.145797041766284E-016
          67  1.942837195644667E-025  8.989591595866812E-028
          78  1.180556703575373E-018  5.448943625349072E-021
          80  2.089706625774026E-010  9.903081900103797E-013
          83  6.625628742790925E-012  3.078402469792899E-014
          96  1.474554087477681E-029  6.818236142362285E-032
         105  1.100994583702531E-009  5.132578869415752E-012
         115  1.615304312342661E-010  7.655077646963646E-013
         117  6.786613608487774E-011  3.204190811673947E-013
          18
           2  1.680698930401724E-004  8.452366783345327E-007
          14  6.195661686050251E-011  2.962668358294907E-013
          22  2.213062657076752E-004  1.129401735381897E-006
          26  1.779017632422939E-010  8.711648980203336E-013
          28  2.282453352250807E-013  1.067331840654646E-015
          36  4.110471305002423E-028  1.894995598996572E-030
          39  2.156607088727944E-018  1.004952364664518E-020
          55  5.801462882435982E-012  2.748880944173676E-014
          60  3.717969678647120E-017  1.726032270047691E-019
          65  1.453909214337709E-003  7.405472109968815E-006
          80  3.405987871092756E-013  1.603782861540550E-015
          87  4.862388699074388E-006  2.397115007966232E-008
          90  5.699134997865218E-012  2.739008775673694E-014
          93  2.742376407704185E-019  1.269624153273018E-021
          96  3.494151469082512E-006  1.730808502066517E-008
         109  1.323992945929966E-004  6.682414462889457E-007
         115  7.573425180189705E-012  3.590514794409706E-014
         117  1.139218215768975E-015  5.309913405397492E-018
          18
          16  1.532895708684318E-010  7.149848884333541E-013
          21  2.259686694704960E-008  1.066030410210876E-010
          25  8.086316184774922E-016  3.737773764980945E-018
          31  7.502683839791453E-010  3.471457659179907E-012
          38  1.970046928346151E-013  9.107274577951744E-016
          43  4.182707847204578E-007  1.950733021624001E-009
          48  4.697422539177365E-023  2.170808304462323E-025
          55  3.093334975379419E-017  1.435491597229322E-019
          60  1.234313912205996E-020  5.706265690635259E-023
          78  3.744925480139123E-007  1.757343186159361E-009
          80  8.814647091135992E-014  4.120786675406460E-016
          83  2.620698107846919E-007  1.226613150145535E-009
          94  9.829624660693401E-015  4.544600376910415E-017
         104  1.466387711686139E-026  6.774768821788181E-029
         107  5.162843127877639E-017  2.388216163850964E-019
         115  9.555445716817892E-016  4.444216439170971E-018
         117  1.283509648207604E-011  6.030644385812780E-014
         119  2.409559528815615E-009  1.118892887434407E-011
           0
          18
           6  2.187093072359172E-007  1.045677896644450E-009
          10  1.778494139755573E-013  8.229253166384017E-016
          26  8.902835810319491E-011  4.322068457166765E-013
          27  1.868161494534588E-007  8.992585495944518E-010
          32  1.717535328977733E-006  8.158546183395724E-009
          36  5.717970642004840E-018  2.654788117202561E-020
          41  5.250766850197957E-005  2.516552070646630E-007
          45  8.052098926094928E-021  3.719654221165931E-023
          46  2.123458851848525E-006  1.005664466979132E-008
          74  3.852339943640943E-005  1.847475098526391E-007
          76  1.760441649658921E-015  8.216092150380383E-018
          79  1.369308116875553E-009  6.382401480973481E-012
          85  4.236935003862358E-006  2.007623356041339E-008
          93  7.563292344977535E-008  3.666215054659054E-010
          95  4.006310691234175E-017  1.855542578803493E-019
         107  9.452382875092397E-017  4.375313131040956E-019
         116  6.112269154686094E-011  2.901929682217247E-013
         118  1.285991476768945E-007  6.233111065937625E-010
          12
           1  6.281349790162132E-011  2.902109439767907E-013
          19  2.046001963031166E-013  9.437502509015011E-016
          29  2.904740144386225E-010  1.343286921203126E-012
          42  2.988538940602673E-023  1.380016234570065E-025
          53  4.177695293597362E-014  1.928610517698692E-016
          57  2.709900678791244E-011  1.247362845113209E-013
          63  8.700991717547856E-018  4.004169821447668E-020
          73  4.353399242551885E-015  2.002433526909017E-017
          77  1.858986915798619E-011  8.581358493345569E-014
          86  1.137036326713519E-015  5.235087029538814E-018
          98  3.397924564589501E-020  1.567545484301165E-022
         100  2.553988345148970E-020  1.176424612361318E-022
          16
           6  5.189112227837457E-021  2.400609841468754E-023
          10  3.757072001806520E-019  1.737699018638854E-021
          22  9.428783252353816E-017  4.438932429703985E-019
          26  2.001015840771233E-011  9.696980142851379E-014
          27  8.492205887902664E-017  3.953377729189195E-019
          32  7.977285146187951E-006  3.809631617835567E-008
          41  5.441824051662201E-009  2.581393780411855E-011
          46  1.210729248347743E-015  5.624591994695481E-018
          68  1.920309026807438E-011  8.941054293028407E-014
          74  9.675411618040583E-007  4.633151123115830E-009
          79  2.791620589763140E-016  1.294212617450762E-018
          85  2.905021661116539E-007  1.376463652743111E-009
          93  1.995089135406792E-004  9.843689840678672E-007
          96  5.479394026098234E-028  2.531996456991627E-030
         107  8.623337210857162E-006  4.173518685566474E-008
         118  4.239772634683740E-014  1.997239557160809E-016
           3
          24  5.093338902099810E-020  2.353878792710941E-022
          58  4.270114681600445E-022  1.971503570783946E-024
         102  3.448029120490770E-021  1.598716124414377E-023
          20
           6  7.826517894709378E-005  3.792254529277083E-007
           9  9.585267214707830E-008  4.672587273947485E-010
          22  1.974174923582955E-016  9.326134750616862E-019
          26  6.027290078341731E-006  3.023294385885571E-008
          27  2.097444862405376E-004  1.026280040768390E-006
          32  6.403057824823715E-014  2.984118780647804E-016
          36  2.143047451663132E-006  1.056326311398250E-008
          39  2.614430225080522E-009  1.273532043648264E-011
          41  2.816873953902985E-006  1.351282030667097E-008
          42  3.611568825777654E-010  1.717797302226708E-012
          45  9.650005072491339E-007  4.652690782455534E-009
          46  9.254896430346776E-008  4.388647901806859E-010
          59  1.587317974518949E-007  7.763279024999021E-010
          74  1.093593422889127E-008  5.208385103077873E-011
          76  7.329749705980234E-006  3.594848592782076E-008
          85  2.412137198450954E-012  1.127335112073647E-014
          93  1.304270627936427E-010  6.255786177162534E-013
          95  1.311645465589876E-006  6.304752255539608E-009
         116  4.735070334873577E-005  2.316189259304183E-007
         118  2.952039765707524E-004  1.457352632667454E-006
          13
           2  2.192814976916044E-018  1.018816532871271E-020
          14  2.225629294407601E-004  1.090576926418494E-006
          22  8.202463532251123E-014  3.921612126257480E-016
          28  2.257013561743010E-007  1.075071455778911E-009
          50  2.556341766429118E-013  1.184267472533119E-015
          64  6.461105668904908E-025  2.983198034687645E-027
          65  7.713313694282468E-009  3.800521323114765E-011
          69  2.469421199671581E-030  1.140715727767922E-032
          87  5.208545457144522E-008  2.527434204000563E-010
          90  1.462128173530494E-014  6.897378440810047E-017
         109  3.343907303451422E-005  1.671699959704372E-007
         112  9.841754669909968E-011  4.660022594797060E-013
         121  3.328046474701755E-019  1.536318039331002E-021
          11
           4  7.722982994914088E-011  3.566566594280623E-013
          14  1.660614783574322E-019  7.707540911887221E-022
          23  8.896430126189943E-011  4.117740432574336E-013
          30  2.908406747298467E-014  1.344936156008759E-016
          50  5.509023560407424E-008  2.567807900240208E-010
          54  1.378461878434048E-015  6.379428557786233E-018
          64  2.047582440768833E-011  9.494692500968651E-014
          69  5.865524171448795E-029  2.714994553120458E-031
          71  1.717815493957809E-013  7.941026907315492E-016
          72  3.008268366617833E-016  1.390930076083921E-018
         122  2.365430427586323E-019  1.094125392916259E-021
           9
           4  2.524794425838538E-011  1.161210669911081E-013
          28  1.184319299328364E-010  5.536564193727343E-013
          30  6.057349161348864E-018  2.789816876511791E-020
          34  6.109413848522961E-020  2.808063246123802E-022
          50  8.885774019514875E-018  4.091123669666874E-020
          64  2.514021358268763E-008  1.164528456076673E-010
          69  7.880485037739560E-008  3.658724010860968E-010
          71  5.851701365305219E-009  2.700337380962441E-011
         122  4.533365395962366E-008  2.098701921552473E-010
          10
           1  6.723290520614970E-014  3.103871960429226E-016
          19  2.030328388475256E-009  9.426229397636428E-012
          40  1.772246552462657E-013  8.187633244791102E-016
          42  1.049253575007219E-022  4.847984713114083E-025
          47  4.540508200463438E-008  2.106873310965396E-010
          57  2.620998098427635E-023  1.206270650822985E-025
          73  5.675311671935211E-009  2.638477363032424E-011
          75  1.357266267441736E-008  6.429623490011080E-011
          89  1.316068270829304E-028  6.069253717744048E-031
         106  6.739582982433696E-013  3.112379560705283E-015
          20
           6  1.271382742713193E-006  6.103078003540391E-009
           9  2.309079686968699E-025  1.068526558928053E-027
          10  1.941159817767497E-016  8.978686601569756E-019
          26  2.959063856638570E-009  1.452226787955672E-011
          27  1.414145993497429E-006  6.844141713152763E-009
          32  5.113787049112624E-007  2.428332945296449E-009
          36  1.762016214026292E-013  8.334032009758752E-016
          41  6.088446567373689E-005  2.923130860926399E-007
          45  7.523579289232129E-015  3.507520032383142E-017
          46  2.388112464983849E-006  1.133305966409584E-008
          59  8.668835899125259E-022  4.019713500350049E-024
          74  2.275332854022016E-005  1.092094466137342E-007
          76  3.554153962483120E-012  1.683793810827403E-014
          79  1.034626149526705E-010  4.820363288929484E-013
          85  1.401323246290774E-006  6.645117694526674E-009
          93  8.742213577206934E-008  4.242232735381284E-010
          95  2.392051202731092E-013  1.118585161697619E-015
         107  3.954523883452187E-018  1.828503013227451E-020
         116  2.963742144020696E-009  1.420704880089206E-011
         118  1.189672945988454E-006  5.796671479261877E-009
          13
           3  2.527111856412699E-012  1.170955406301416E-014
          21  5.822521878754715E-010  2.737240328019476E-012
          32  8.811047457146278E-019  4.070630196001763E-021
          43  1.234241318033287E-010  5.734296682685432E-013
          68  3.053504100006805E-008  1.425421383996058E-010
          78  4.393433790924322E-008  2.061980229492772E-010
          80  8.461410400398716E-023  3.915498750233692E-025
          83  1.920214003844872E-011  8.926753543563275E-014
          93  2.967110713433619E-013  1.397814018500520E-015
         104  5.099700914957333E-021  2.358235679455767E-023
         107  3.043396786750005E-007  1.457976060673959E-009
         117  2.390228771468175E-015  1.112290342498917E-017
         119  1.642557106962897E-007  7.656487644368396E-010
          14
          16  4.138816378111701E-009  1.932670960929599E-011
          21  2.535679910737610E-012  1.179713487938035E-014
          31  1.963815113665689E-008  9.080403203614921E-011
          38  4.219897725443676E-010  1.948497747729347E-012
          43  6.101461828028411E-010  2.827482423497145E-012
          55  5.540770551598656E-020  2.560151290659259E-022
          60  2.922340918000542E-016  1.352855934077005E-018
          62  2.086281900859839E-018  9.619813292022935E-021
          78  5.331206188802976E-012  2.470050232573999E-014
          80  2.657071154831708E-017  1.230525937007589E-019
          83  2.550722099295571E-009  1.186363690075725E-011
          94  7.761296049207387E-023  3.582110968898569E-025
         115  5.889225918285362E-020  2.719403427665316E-022
         117  1.757958635113671E-015  8.155980404841878E-018
           4
           3  1.131558250612346E-024  5.238823538615234E-027
         104  9.867342484535231E-018  4.564967223033550E-020
         108  7.267669806502818E-023  3.348981370099387E-025
         119  2.631853660961298E-020  1.217105459760560E-022
           8
          14  7.723386015469732E-008  3.716797416345193E-010
          50  1.168329101233817E-012  5.406554023510791E-015
          81  3.448996562917925E-012  1.593008295824604E-014
          90  3.644106531582018E-015  1.710335751931049E-017
          92  7.582445865102821E-011  3.526725181638816E-013
         109  1.105779272211639E-016  5.168645311698303E-019
         112  8.489373207976699E-006  4.084242309344255E-008
         121  6.882704473029313E-006  3.266351925442471E-008
          18
           9  2.422367106318637E-007  1.180211567562093E-009
          19  8.343077946147527E-013  3.865651677035227E-015
          26  7.178139417947302E-017  3.371676377206423E-019
          36  8.983885283078425E-009  4.361164958144668E-011
          39  2.647288578840032E-006  1.305290522714793E-008
          42  6.803173308132611E-009  3.241729721866787E-011
          45  2.349958218408552E-014  1.096592833774483E-016
          47  1.206412693572966E-011  5.594935468763280E-014
          59  1.836716417721693E-007  8.953896029988803E-010
          73  9.247752502233180E-010  4.311336186866660E-012
          75  3.602818735264922E-005  1.734042869610870E-007
          76  3.205825696771938E-010  1.534398330214845E-012
          90  1.876122977280710E-005  9.300435030100923E-008
          92  2.515742270994273E-018  1.165689521836926E-020
          95  1.703625255633061E-023  7.869781924033315E-026
         112  1.219388276241292E-007  5.846881209827926E-010
         116  2.373001069659645E-018  1.100393486810338E-020
         121  2.227999493030667E-010  1.045744055919418E-012
           3
           1  8.512179301691490E-020  3.935478917671231E-022
          57  8.550798511578584E-017  3.943835162550099E-019
          77  6.055894019590039E-024  2.802059121527277E-026
           4
          13  2.143170389426084E-019  9.929478133488428E-022
          67  2.109326562236775E-017  9.752448437738662E-020
         101  3.970387075885266E-018  1.838873257101080E-020
         105  8.278384063517344E-018  3.834742291812167E-020
          23
           2  5.297283348667951E-010  2.594119120728824E-012
           6  5.028830840087332E-024  2.332448264082047E-026
           9  3.400946900846805E-007  1.674625016625836E-009
          14  4.383160038203887E-019  2.043303160739804E-021
          22  4.098178352611489E-004  2.104811131394179E-006
          26  2.039407668142841E-004  1.038428625598798E-006
          27  9.213335242887352E-013  4.373498400508976E-015
          36  1.576136888894805E-005  7.861764333266433E-008
          39  3.335106792158290E-005  1.674613976398086E-007
          42  4.637291557508226E-015  2.174852400234642E-017
          45  1.721312963246221E-014  8.083507686736054E-017
          59  5.970039821758376E-007  2.950630794533107E-009
          65  4.047048875287276E-007  2.035691595445651E-009
          75  4.284587906124130E-023  1.992963863696325E-025
          76  1.562141436754411E-007  7.659801911295539E-010
          90  3.051492147163953E-005  1.531250819832792E-007
          93  4.951178790941240E-013  2.356572421261398E-015
          95  4.035530814428573E-020  1.874111911872200E-022
          96  5.148922772701682E-016  2.423549857247919E-018
         109  2.008223634897319E-006  1.008417633887587E-008
         112  1.223175615519107E-017  5.698954950993131E-020
         116  1.784043607898515E-010  8.572071541380604E-013
         118  3.384741953589886E-009  1.646339350816795E-011
           1
          34  1.361524898176344E-030  6.265925399536230E-033
          18
          16  2.501064709109441E-009  1.169091765863181E-011
          21  2.080543717288069E-006  9.870949665431054E-009
          25  2.554371755197678E-023  1.178852232168349E-025
          31  2.716279718441931E-010  1.255162509145250E-012
          38  6.373550120705769E-017  2.941300552768983E-019
          43  1.042530614657543E-006  4.863910469408484E-009
          55  5.381987733842123E-011  2.539533737887845E-013
          60  5.755332557182251E-013  2.685209865472870E-015
          68  7.639239656279870E-024  3.522126705905893E-026
          78  6.746082962568224E-006  3.175946125419306E-008
          80  1.876668515833619E-009  8.904230527405024E-012
          83  1.517443525260443E-006  7.112170145248587E-009
          94  2.810190527180220E-022  1.297128577307408E-024
          96  1.122023619916302E-017  5.208689117195737E-020
         107  9.054590963534068E-010  4.283852188369234E-012
         115  2.706257958225219E-010  1.280674713001297E-012
         117  2.836745654208372E-008  1.350333805776981E-010
         119  1.466257620035943E-008  6.810207519699803E-011
           6
          34  2.026880399853010E-014  9.347289753850555E-017
          51  3.235183076686460E-014  1.493995820532933E-016
          52  3.753879936396573E-012  1.736538306898194E-014
          67  3.960265384111297E-019  1.830259956217576E-021
          82  2.516920648828766E-014  1.162561747571707E-016
         113  1.488875029528662E-011  6.888967345883821E-014
          10
          13  8.169528530953904E-009  3.801889801647923E-011
          51  1.397404951500901E-014  6.432971624938564E-017
          52  1.426548057556845E-011  6.580227135240475E-014
          61  1.739586745652645E-027  8.013103312042552E-030
          67  3.185432278556541E-008  1.476167704736316E-010
          70  7.819416262197110E-010  3.653008218316251E-012
          82  4.194764175074476E-016  1.931432329506797E-018
         101  6.107879271751408E-020  2.818867391563046E-022
         105  2.313309938438955E-009  1.073620477907815E-011
         113  4.456381379190312E-014  2.054027117298737E-016
          22
           6  5.195902191774239E-005  2.505689531026982E-007
           9  7.718080727354185E-013  3.655922704601678E-015
          26  2.722925429289427E-011  1.318544049202524E-013
          27  2.703915625447533E-005  1.312361885547083E-007
          32  4.771155883794655E-016  2.210683190327085E-018
          36  4.544159876585755E-011  2.177189565111700E-013
          39  5.805390241454433E-024  2.687989164829790E-026
          41  5.024170951111428E-006  2.401006305225724E-008
          42  3.461644471254677E-014  1.617921428725863E-016
          45  3.421862480117236E-008  1.635174537876307E-010
          46  3.325161334526331E-006  1.577106496620413E-008
          56  1.247888325512074E-020  5.759761609353624E-023
          59  1.654417546675415E-012  7.863633479059726E-015
          74  8.118617918881943E-009  3.852813214560985E-011
          76  7.411853859827231E-009  3.572981683101330E-011
          79  8.348700498486529E-020  3.867026595616281E-022
          85  6.052774938571553E-012  2.824832388119848E-014
          93  2.841883883026393E-024  1.311653880177458E-026
          95  2.114263884593123E-007  1.009871912984544E-009
         116  1.374121086224395E-006  6.655068020320905E-009
         118  7.140111443037600E-006  3.487743727995148E-008
         120  6.123426573839380E-013  2.837343460621858E-015
          18
           6  9.033852159053882E-009  4.301749852037791E-011
          10  6.200851192751025E-017  2.865933713323234E-019
          22  3.289524314516734E-017  1.544058842932637E-019
          26  2.361684766213259E-008  1.166077065543999E-010
          27  3.324171677069240E-008  1.597804311216534E-010
          32  5.367198290093545E-006  2.558553793077418E-008
          36  9.100214791027533E-015  4.276975315030436E-017
          41  7.881947618637464E-006  3.776413567058331E-008
          46  2.035739396095534E-008  9.607092385306540E-011
          74  2.143236867617534E-005  1.028612829652496E-007
          76  5.540426085800470E-015  2.592284706780447E-017
          79  4.048523937725136E-012  1.881997578163662E-014
          85  2.147026821877522E-006  1.018683196723397E-008
          93  2.242526365583072E-005  1.101372459335437E-007
          95  3.419859675595382E-028  1.579535713865045E-030
         107  1.917298406505497E-009  9.126871699380875E-012
         116  8.264298994081425E-012  3.913076128376954E-014
         118  9.840503525724679E-008  4.777343157714288E-010
          13
          16  2.835585351821833E-024  1.308396000906764E-026
          21  1.113594515872446E-012  5.171798354422002E-015
          25  3.658447684876374E-013  1.687349243778261E-015
          31  1.675149453938399E-015  7.705505886531373E-018
          38  3.572399444022153E-024  1.647228847758167E-026
          43  5.799105636601472E-009  2.689986759239681E-011
          48  2.799612730287533E-016  1.290888422546396E-018
          78  3.063063588725201E-009  1.426582428830135E-011
          83  3.518997083235579E-010  1.633263325195011E-012
          94  1.425907317553012E-014  6.577235944324386E-017
         104  2.220943217735910E-014  1.023841010764924E-016
         107  5.808076620913763E-027  2.669367198882319E-029
         119  1.165059313888209E-008  5.400608652708040E-011
           7
          40  1.109541331896120E-019  5.122240778521248E-022
          47  3.290495233698566E-010  1.521680337405283E-012
          75  8.866484997965701E-024  4.100849510155006E-026
          92  1.275862767884908E-009  5.932473239420660E-012
         106  2.654047983324901E-014  1.224707063191195E-016
         112  3.552397035073685E-029  1.638059425536657E-031
         121  9.326049717364939E-015  4.314766717673675E-017
           3
           8  1.381327799150379E-027  6.395250646487781E-030
          40  4.615136568698108E-030  2.135535612172259E-032
          91  1.110702997789038E-023  5.132649540209837E-026
          22
           6  2.341039057491362E-005  1.128953209839003E-007
           9  3.682098424543234E-005  1.809510067944163E-007
          22  1.035826368917661E-017  4.849770258048923E-020
          26  5.176590149515930E-006  2.587125992024770E-008
          27  1.168723496529343E-004  5.696252870003405E-007
          29  5.152595765897718E-016  2.379089484191599E-018
          36  7.306399380175446E-005  3.621485125329927E-007
          39  2.359996707547140E-006  1.164035374758373E-008
          41  4.816117658105114E-010  2.272607403358436E-012
          42  3.914844048187888E-006  1.886217211110792E-008
          45  7.855109474559065E-005  3.801680449787127E-007
          46  4.715591981285130E-012  2.202378041605642E-014
          59  4.377257319171482E-005  2.158413991102689E-007
          73  4.941766008336847E-020  2.272376430124757E-022
          74  3.464224852605723E-019  1.604876274305108E-021
          75  8.833277205413947E-017  4.102996941918167E-019
          76  2.290802131132921E-004  1.127104687874269E-006
          90  6.278896379786967E-012  3.003826411871886E-014
          93  5.597668190779004E-030  2.578187178608293E-032
          95  5.188670679215279E-005  2.500212951915959E-007
         116  3.174100692445137E-004  1.552806200468762E-006
         118  2.154343974830208E-004  1.059836455909427E-006
           0
          13
           3  6.547195935570935E-026  3.031201164892681E-028
          10  1.800107367031786E-011  8.358096890231545E-014
          26  1.146573683642955E-023  5.318096790666041E-026
          32  3.258969917632106E-005  1.555860860432803E-007
          41  9.227502641637301E-009  4.374227003858814E-011
          46  1.131896906753565E-013  5.271551203219844E-016
          68  1.672992250600747E-009  7.809114177573228E-012
          74  3.285747632978203E-006  1.572168145508784E-008
          79  5.298826928140144E-011  2.468227802017432E-013
          85  3.266033208942515E-006  1.549408204434333E-008
          93  7.630100600305985E-006  3.733864525267894E-008
         107  4.026117211273078E-007  1.933700725602357E-009
         118  2.163653473280715E-023  1.002774888961796E-025
           3
          69  3.196880494337127E-023  1.475996371400430E-025
          71  1.195681270825553E-024  5.510730996863022E-027
         122  9.947276291507803E-020  4.589408072868650E-022
          18
           3  1.738972897637599E-017  8.029915688834587E-020
          16  7.580245575661371E-017  3.503605414833026E-019
          21  2.136482347618294E-007  1.011759230354159E-009
          31  6.709459339750283E-027  3.088127341794411E-029
          32  1.679625150534339E-022  7.737005455076491E-025
          43  7.368209886761131E-009  3.427407831329403E-011
          55  1.315585621456018E-014  6.134253631469826E-017
          60  2.091473203816948E-029  9.652586446259376E-032
          68  1.250003607130777E-009  5.811427241948600E-012
          78  1.331946991717017E-006  6.262781461362781E-009
          80  1.077104357420698E-011  5.068713575939734E-014
          83  6.868635227313078E-009  3.204729546159526E-011
          93  5.214567935876522E-011  2.479930013494279E-013
          96  6.978301520305254E-018  3.237908592170586E-020
         107  3.138352213808243E-006  1.506866591664227E-008
         115  6.455624781555852E-013  3.026005867142252E-015
         117  7.891904584456895E-010  3.734940447015356E-012
         119  9.884014601678711E-008  4.599838517879704E-010
          24
           2  9.499312373522590E-019  4.414187554925017E-021
           6  1.149243798829910E-007  5.514161038611072E-010
           9  3.052743304306976E-009  1.476752905661046E-011
          22  3.599030332535609E-007  1.807243536883991E-009
          26  2.498808024125916E-004  1.264172413017190E-006
          27  2.400107795101101E-006  1.167518069717182E-008
          32  8.325371005606733E-011  3.913218247944646E-013
          36  1.418668267693425E-006  7.001717294439775E-009
          39  6.798382230002325E-009  3.325292576141921E-011
          41  6.976723758122215E-008  3.330009051030977E-010
          42  8.025898577303344E-019  3.719048765029056E-021
          45  4.991380241914688E-011  2.362066888072562E-013
          46  3.299976041333609E-012  1.543799227436182E-014
          59  7.755646711337055E-009  3.769469942164699E-011
          65  2.532856569633690E-018  1.183803277069967E-020
          74  9.271668503479016E-009  4.416514623534736E-011
          76  2.729883396825248E-007  1.332387402231556E-009
          85  5.996963181112622E-012  2.803778331514912E-014
          90  1.465616159923946E-015  6.890336931897478E-018
          93  1.017280653058900E-005  5.006148223245804E-008
          95  1.490830068147179E-011  7.027300829011073E-014
         107  4.873023580712239E-012  2.297410337483887E-014
         116  2.770061359381645E-007  1.344863192924030E-009
         118  2.342332338708859E-005  1.153609242209995E-007
           8
          13  1.097739599499338E-026  5.074526532147030E-029
          34  5.195445675686021E-013  2.391892008436529E-015
          51  2.339244188131800E-012  1.078329618462017E-014
          52  4.895981561631494E-010  2.262219866551634E-012
          67  6.823413356591040E-012  3.154215722448482E-014
          70  1.085646531884208E-012  5.048275213682972E-015
          82  1.102379442399985E-012  5.082742290341827E-015
         113  1.328087137463300E-009  6.140270740854054E-012
           5
          47  1.321553121241902E-014  6.113127672180292E-017
          81  1.593517202572743E-017  7.368681473825394E-020
          92  9.455860929581097E-010  4.410468683774754E-012
         106  1.990981182137872E-022  9.220381455173293E-025
         121  3.583763088076363E-016  1.661151073233271E-018
           6
          11  1.567701547174884E-016  7.234229026339729E-019
          81  3.726837331424516E-010  1.720712250301328E-012
          88  6.934139297369383E-022  3.207881834262527E-024
          92  8.985325769740991E-015  4.160353954295806E-017
         111  1.018456673828605E-012  4.707355515414434E-015
         121  1.195296976611533E-015  5.526531106483852E-018
          18
           9  7.683322173410844E-007  3.760302597192181E-009
          14  2.323522651168572E-011  1.104765382205357E-013
          22  1.736484387641598E-007  8.687250388556491E-010
          26  1.451161439608219E-007  7.219152091228258E-010
          36  1.950894904496489E-006  9.628082052660970E-009
          39  8.080615713663735E-005  4.031240492932817E-007
          42  8.665041261450346E-012  4.086189428795956E-014
          45  4.850739260957345E-016  2.252567538370496E-018
          59  9.260964779912404E-007  4.546600489636981E-009
          65  1.999791081451560E-012  9.620094144511156E-015
          75  8.518049918208591E-009  4.058958827684483E-011
          76  1.236869249198949E-008  5.987333325331246E-011
          90  9.802645651996959E-004  4.913000416258952E-006
         109  5.536297143174877E-007  2.748325966581814E-009
         112  3.515662378489187E-007  1.694253251457472E-009
         116  3.083376919041840E-014  1.445102801158394E-016
         118  6.120809024876845E-016  2.859656379212139E-018
         121  2.774746131896029E-012  1.295721057804669E-014
          17
           2  5.694500996864325E-007  2.807809749906111E-009
          13  1.019650151516568E-009  4.766493184807145E-012
          16  1.754621469876640E-022  8.112334764139412E-025
          22  6.029179952795713E-023  2.786118510704331E-025
          28  4.159221932166305E-009  1.967838665252713E-011
          55  5.922113644283519E-008  2.843184114839991E-010
          60  1.066688834432305E-007  5.089550572732053E-010
          65  9.394182549411097E-008  4.653557270266627E-010
          67  1.625344226623362E-011  7.543191090425065E-014
          70  5.042147175723513E-006  2.398281229173885E-008
          80  2.744173080835448E-009  1.308924769817126E-011
          87  3.781728148425415E-005  1.854871101557631E-007
          96  2.589650863700945E-007  1.265647255932766E-009
         105  4.184075326263540E-012  1.945030750689183E-014
         109  3.736663180090329E-014  1.770865207808670E-016
         115  1.879701610624452E-008  9.003244026132701E-011
         117  3.289494717350787E-011  1.552449575614180E-013
           5
          40  7.046167243054977E-014  3.259213022514470E-016
          47  6.126990047441024E-013  2.831741523175293E-015
          49  2.809804427703185E-019  1.295397273482595E-021
          89  4.684384977678110E-020  2.163348283641933E-022
         106  7.356976641059907E-013  3.401385493632534E-015
          11
           4  3.297982577309575E-009  1.518236622067854E-011
          14  3.581029175610889E-021  1.653891567982159E-023
          23  4.106423911649400E-014  1.892548768504878E-016
          28  1.776814109256998E-015  8.204007457374325E-018
          30  1.770929352401363E-012  8.158714799459248E-015
          50  1.032176244085436E-009  4.781276598331308E-012
          64  3.558730213779573E-008  1.648926062906424E-010
          69  2.479324462300598E-010  1.147770168269926E-012
          71  4.469200893671161E-009  2.062613921060958E-011
          72  3.712848000728112E-019  1.709988087109936E-021
         122  8.862729531814797E-010  4.097029800528232E-012
           6
          13  7.787775309647847E-016  3.604677056010462E-018
          51  1.373555690390645E-027  6.336100163670012E-030
          52  2.610382940361729E-024  1.205724053516196E-026
          67  4.198474569863795E-014  1.939627281558974E-016
         101  1.552219095864445E-017  7.178635445839245E-020
         105  2.528218621499305E-015  1.169896277677077E-017
           3
          31  1.566863436393594E-020  7.208571773403333E-023
          38  8.974712306355219E-017  4.139865911000122E-019
          62  3.357274727635596E-024  1.547660992059329E-026
          13
           3  1.418210889661908E-017  6.551224186167046E-020
          10  3.887938740022861E-018  1.793908742721227E-020
          21  4.878829272502318E-017  2.252158571107634E-019
          32  2.885316300437078E-006  1.370255480144915E-008
          41  1.674199323405563E-013  7.795002527297772E-016
          68  2.987508357178367E-008  1.394680239059452E-010
          74  1.879605641744846E-008  8.911685458911487E-011
          78  6.246434783948525E-016  2.880229147362601E-018
          79  1.031771249944784E-019  4.766780735652218E-022
          85  2.641796166755366E-008  1.243366482740304E-010
          93  2.195646777710280E-005  1.074584133328253E-007
         107  2.505938318027657E-005  1.210245965166551E-007
         119  4.173020479020376E-017  1.925792632695800E-019
           8
          29  1.200146846414227E-025  5.549300021234855E-028
          53  2.011309538283312E-015  9.320203464648434E-018
          56  1.409201066026177E-021  6.509891771771759E-024
          77  4.498740011265153E-021  2.083882440720025E-023
          86  2.264735893749116E-026  1.046726042988767E-028
          98  2.382846213096445E-017  1.103478167082868E-019
          99  4.448226061496535E-015  2.057429974037106E-017
         100  7.489820875399017E-023  3.463243132902719E-025
          15
           6  3.212329897647843E-013  1.503818318364951E-015
          10  1.017059309514537E-018  4.709824577636564E-021
          12  1.523890685763712E-029  7.047461305495561E-032
          24  3.335980569894237E-016  1.544682609524918E-018
          27  1.544842023856060E-018  7.177927789300747E-021
          32  7.288355984687171E-022  3.371163497852523E-024
          33  5.223767182377692E-023  2.422856520902081E-025
          41  3.786790870963957E-009  1.789555922239205E-011
          46  1.071215959342638E-007  5.054459563975085E-010
          58  6.010245039241508E-019  2.780184610021279E-021
          74  3.011066999761312E-011  1.416609761418296E-013
          79  6.972363010272516E-011  3.246225858760981E-013
          85  1.860281095712048E-012  8.669865938142168E-015
         102  2.148088854232491E-011  9.983961502414079E-014
         120  1.355319174742458E-016  6.276770741896212E-019
          18
           1  2.749192342858741E-008  1.274423345241931E-010
           9  4.899654627470168E-009  2.353579831576813E-011
          19  1.227241582415979E-006  5.725290507579078E-009
          29  2.955108801559413E-010  1.367892050497891E-012
          36  5.225911990582062E-013  2.467407452559151E-015
          39  3.759864000869913E-012  1.789598461368052E-014
          42  1.543713046940498E-006  7.379424786746069E-009
          45  8.164687136745352E-009  3.870853092057038E-011
          47  4.177663930140281E-018  1.923467701619480E-020
          57  5.589849210178655E-011  2.574786307081172E-013
          59  2.338039775430195E-009  1.122968446388339E-011
          73  3.849929026768640E-006  1.800783137907705E-008
          75  1.445254887302076E-007  6.865467825089438E-010
          76  1.057083830430836E-010  5.021913782347302E-013
          77  2.118201584449745E-023  9.769642507810232E-026
          90  2.295664751785188E-025  1.057933095329092E-027
          95  7.945270581003437E-010  3.744336858472556E-012
         116  1.490122958367868E-012  7.002777989492983E-015
           8
          13  3.181687412749183E-014  1.475419257055047E-016
          51  7.551726328621141E-013  3.487205393323819E-015
          52  2.657623418994495E-011  1.229594448930066E-013
          67  1.712659325253006E-010  7.940752677323386E-013
          70  1.551164872220215E-014  7.201968044462903E-017
          82  1.494225018374053E-013  6.901446271069368E-016
         105  1.257727279682965E-015  5.825330664154673E-018
         113  2.513323499955221E-013  1.162170138053591E-015
           0
          11
           1  1.138112116466447E-009  5.268775615551836E-012
           8  4.511692148926962E-022  2.085554368205492E-024
          19  3.338079675269353E-008  1.552281676388983E-010
          40  4.962995877629333E-021  2.292908201548746E-023
          42  1.131729451888661E-017  5.240959970694628E-020
          47  4.998591062360371E-012  2.309473839122820E-014
          57  9.894877133858676E-012  4.558258790551528E-014
          73  2.361412470600077E-008  1.099332513569950E-010
          75  3.466497829682650E-011  1.627102351113337E-013
          91  2.556399213556747E-018  1.179482904893911E-020
         106  9.174102581249835E-025  4.236281043014941E-027
           5
           3  5.596208594905066E-017  2.590504549814405E-019
          68  4.198646966840638E-025  1.941098403829816E-027
         104  1.547367373063234E-017  7.157504157578854E-020
         108  2.194482943951158E-022  1.011066951654271E-024
         119  1.279165764990094E-017  5.914847861195272E-020
           1
          61  6.006755044525648E-017  2.777120712675134E-019
           2
           3  8.442619045961525E-019  3.897324416640628E-021
         104  5.794182137738069E-027  2.672757455787625E-029
          16
          13  8.446085988427609E-007  3.954171538539492E-009
          16  1.149532231964099E-020  5.309202625291016E-023
          51  1.772421994675851E-023  8.169316478590731E-026
          52  4.296738572643178E-013  1.984573001361354E-015
          55  2.608497912835929E-013  1.220446214381278E-015
          60  3.454532073612429E-010  1.625962769447022E-012
          61  2.552793353174542E-025  1.177393826480213E-027
          67  1.875820829001146E-007  8.722395206845606E-010
          70  9.361821050735960E-007  4.421178771698503E-009
          80  5.423097304686439E-017  2.513530789509503E-019
          87  2.175077496206497E-013  1.022839492869736E-015
          96  1.921059532568672E-025  8.855710415401048E-028
         105  1.584968500184448E-007  7.392063572717408E-010
         113  9.635105335402069E-015  4.447106321817820E-017
         115  4.016035544727788E-015  1.868667358116834E-017
         117  3.364774575966016E-029  1.551857127090408E-031
           4
           4  1.290528158309503E-020  5.948964306022826E-023
          23  4.334382563337837E-030  2.003766740501835E-032
          30  1.367782646227739E-019  6.320101795517253E-022
          72  1.826571061654019E-023  8.439363441909659E-026
          24
           1  1.077896100465868E-011  4.993864034703033E-014
           6  4.098088114178177E-013  1.916605449131731E-015
           9  5.062574320871825E-013  2.392437981183967E-015
          19  6.105006723814125E-012  2.829619669822004E-014
          27  1.605064427511549E-013  7.529284769047432E-016
          29  3.625974244593614E-007  1.689331773607289E-009
          36  7.877128533895756E-020  3.647730716776923E-022
          42  2.822275714393731E-008  1.343646331048849E-010
          45  5.301606684792300E-008  2.527076421067298E-010
          53  3.884831353411365E-011  1.799976041077785E-013
          56  3.869443550199085E-020  1.785416180967985E-022
          57  1.703059965910210E-014  7.856944013629088E-017
          59  1.958288865113230E-013  9.252390127461451E-016
          73  1.558337693883893E-011  7.224976604378650E-014
          76  4.740052193581502E-012  2.243592539313089E-014
          77  4.237030962467384E-011  1.962471561558469E-013
          86  3.500084630386089E-019  1.615797712247348E-021
          95  9.826854916976680E-008  4.673910135239208E-010
          98  3.374971484304812E-018  1.561124330205377E-020
          99  3.446859068124915E-014  1.592856601352265E-016
         100  1.528306336287029E-027  7.058496940314516E-030
         116  2.097789506317617E-010  9.974158738405638E-013
         118  4.636292634949666E-016  2.166380057220471E-018
         120  7.694757489732002E-018  3.557881856036161E-020
          23
           6  4.366059604076334E-006  2.094848963204045E-008
           9  7.888878728144845E-008  3.822965979894628E-010
          19  1.524195876780874E-022  7.030322490319271E-025
          26  5.199203040597149E-013  2.489199129249707E-015
          27  4.670807364340151E-006  2.258739363780770E-008
          29  4.057745351172754E-009  1.887189218111792E-011
          36  1.731438615861794E-008  8.405744412553211E-011
          39  1.305204868151793E-011  6.249954354733133E-014
          41  3.755781124690014E-013  1.752307681925593E-015
          42  8.829679493682566E-007  4.234211417269586E-009
          45  2.508363647993376E-005  1.209523660021930E-007
          46  1.281098606357315E-012  5.971165703561581E-015
          53  2.155547087362939E-018  9.970855444995225E-021
          56  7.479448066558398E-017  3.449635577629569E-019
          59  7.530747438045819E-008  3.659799413272230E-010
          73  1.187311348274333E-016  5.468822940635247E-019
          76  1.395839966708569E-006  6.788129978207130E-009
          77  5.950603566370199E-028  2.751186274928798E-030
          95  4.250400966521283E-005  2.041965001724034E-007
          99  2.884089382830533E-018  1.331612759782724E-020
         116  1.500025312345015E-005  7.279999912226999E-008
         118  1.436247393999300E-006  6.984688071854119E-009
         120  5.416889716095783E-013  2.507030750574525E-015
          11
          13  1.556619382975025E-011  7.204501007347376E-014
          28  1.027128263699175E-012  4.763459164097545E-015
          34  7.798229715670809E-013  3.579308416806770E-015
          51  2.104551584987483E-013  9.670932773279458E-016
          52  2.123750618339919E-009  9.789834351374067E-012
          67  1.168427900768121E-008  5.405552495842006E-011
          70  3.115807228966684E-007  1.463799168890502E-009
          82  3.170175179989179E-014  1.456968135547494E-016
          87  6.850372137345612E-014  3.203558096886420E-016
         105  2.797201736950546E-014  1.289718242755923E-016
         113  1.348614773061445E-008  6.224252660584257E-011
          19
           2  2.340685692012633E-014  1.105818687630754E-016
          21  1.235903698571934E-010  5.809108018341463E-013
          22  3.248152740214528E-015  1.539388732623085E-017
          26  7.637761823972877E-016  3.603311025237917E-018
          32  8.863084580298463E-008  4.199456546266782E-010
          41  1.153421397520795E-017  5.337205365788402E-020
          55  1.420828784537388E-017  6.593326220076727E-020
          68  2.369030966958738E-010  1.104048019957206E-012
          74  1.743614371959014E-010  8.227976509433843E-013
          78  1.804378683477523E-011  8.405919509456992E-014
          80  8.039584475921055E-014  3.764898383114091E-016
          83  9.360351290488311E-027  4.316512387632978E-029
          85  5.916362711531936E-011  2.768900428319843E-013
          93  1.378226654806894E-004  6.787017100136813E-007
          96  1.453604579171730E-011  6.943964866886408E-014
         107  1.725358364763980E-004  8.373626680403059E-007
         115  1.011300939966031E-014  4.723492568314535E-017
         117  7.100381898097531E-012  3.343902350260997E-014
         119  3.462800626624951E-017  1.600175750890424E-019
          12
           4  3.956079093340223E-013  1.822494997369149E-015
          14  3.697181423917948E-006  1.791019906803169E-008
          23  2.868149724374958E-020  1.323504929329055E-022
          28  4.504444087408792E-009  2.124757212519975E-011
          50  1.940319855933909E-007  9.052001162425210E-010
          64  6.336642496078730E-010  2.939559416878677E-012
          69  9.784037822507580E-013  4.529478702249299E-015
          71  3.638899819946080E-013  1.679415984506345E-015
          87  1.379794346580897E-019  6.388951319655381E-022
         109  7.852211891628785E-013  3.741334590017723E-015
         112  2.001461657354399E-018  9.249252621425340E-021
         122  1.705054818640526E-013  7.878484445256200E-016
           1
         114  2.917995451719983E-029  1.346118972006975E-031
          18
           2  5.254238953875948E-027  2.424989241761216E-029
           3  5.169649860979613E-022  2.392516355571004E-024
          16  1.657227222133242E-015  7.686318524942663E-018
          21  7.744571404818005E-007  3.685245792136205E-009
          32  1.789320069791637E-017  8.274092364527453E-020
          43  3.604703178334848E-009  1.680822268498973E-011
          55  5.629984721229578E-012  2.656265697590173E-014
          60  3.347620207935470E-018  1.550967166968213E-020
          68  5.711502814182426E-010  2.661533331735149E-012
          78  1.716914042646155E-006  8.104515120595407E-009
          80  5.497717484972327E-010  2.612946176366097E-012
          83  7.416735501347865E-009  3.471308647245209E-011
          93  5.174000004707199E-009  2.491465852869025E-011
          96  7.136579598463942E-013  3.383573487640002E-015
         107  1.779564064259315E-005  8.590768243795057E-008
         115  8.373734941462602E-011  3.968111914629950E-013
         117  1.353504644877918E-008  6.459445796632834E-011
         119  2.072575825185399E-008  9.665755440899665E-011
           0
           6
          40  3.996312791918117E-017  1.844928417541342E-019
          47  1.369262781858874E-010  6.328368683406014E-013
          92  2.117897431542403E-011  9.825335560864526E-014
         106  2.015804092076843E-013  9.302115582058040E-016
         110  2.873401204484357E-027  1.325282432674123E-029
         121  2.459018155866024E-025  1.133412598106579E-027
