         122
  0.200314817535715     
  0.201147290034290     
  0.198581858775401     
  0.200463899017939     
  0.199072574848579     
  0.199774253510660     
  0.199498030321131     
  0.198963065439241     
  0.199888641335497     
  0.199780309611359     
  0.199954436833449     
  0.200979128000019     
  0.198528545431965     
  0.199187189597307     
  0.200299504259833     
  0.199075381176295     
  0.198978620287108     
  0.199618199748894     
  0.200115188893156     
  0.198858629971525     
  0.199140811885243     
  0.199854636721050     
  0.199838249958888     
  0.198812446485088     
  0.198931228193182     
  0.198925414632947     
  0.199970635302216     
  0.200333403019735     
  0.200176440787014     
  0.199596685589824     
  0.198981640847396     
  0.199686979157992     
  0.198636628513556     
  0.199747228704132     
  0.199417637329110     
  0.198971209029583     
  0.198815127428176     
  0.199281683560131     
  0.198431829941927     
  0.199856958650540     
  0.199838396226144     
  0.198284747777398     
  0.200220555384982     
  0.198725083481365     
  0.199682069902687     
  0.198231124722909     
  0.199420518691521     
  0.199475455104255     
  0.201198209236726     
  0.199849735666428     
  0.200226865635660     
  0.198172355638496     
  0.200540958782888     
  0.199795556380357     
  0.198647787158396     
  0.199586432005751     
  0.200407827838217     
  0.200599989587275     
  0.197887649073838     
  0.199771658520088     
  0.199398671745648     
  0.200870237252164     
  0.199773643761841     
  0.198811997226861     
  0.199496227804361     
  0.200765779532056     
  0.199285487043706     
  0.200143102943398     
  0.200362512529691     
  0.198898452395440     
  0.199324752562214     
  0.199357168831396     
  0.201617898174827     
  0.198460462001480     
  0.198784808505012     
  0.199356321512017     
  0.198787128475371     
  0.200313856589642     
  0.198941609322404     
  0.199632550460659     
  0.199671162290814     
  0.199251550543639     
  0.200482694251715     
  0.199422772917380     
  0.199815800613909     
  0.200209365152603     
  0.199142181124962     
  0.199848392357860     
  0.200187863614566     
  0.199413123965535     
  0.200016369560055     
  0.198565175056081     
  0.200234122539797     
  0.198656278190125     
  0.200149232719019     
  0.199425833942099     
  0.198945060231760     
  0.199921604130765     
  0.199271351444516     
  0.198438289383449     
  0.199548901768039     
  0.199372694508632     
  0.200049035617728     
  0.199165820048807     
  0.198896353731441     
  0.200342317877790     
  0.200968870037693     
  0.199382814082521     
  0.199666437193493     
  0.199803054607281     
  0.199814720593665     
  0.200581472121572     
  0.198976850111362     
  0.199752911289201     
  0.199015002923271     
  0.199912097200204     
  0.199243038387216     
  0.199271719514160     
  0.199529256513007     
  0.200373287903598     
  0.198932165656529     
  0.198711686922582     
