          98
  0.200108737013448     
  0.198575566642061     
  0.199152842945255     
  0.200066653300383     
  0.200192938127893     
  0.200002549984066     
  0.201113323080613     
  0.200024785482520     
  0.199693796612592     
  0.200057715728238     
  0.199798305074785     
  0.198777264514625     
  0.199040825345031     
  0.199284983195429     
  0.199614540163251     
  0.200873963594119     
  0.200249644730682     
  0.200108050177422     
  0.200428537607879     
  0.200447113943406     
  0.198730227159611     
  0.199401408658096     
  0.200168384061264     
  0.199791121544165     
  0.199850709809687     
  0.199471313942506     
  0.200521226800475     
  0.200376210248739     
  0.199979482550487     
  0.198230035002186     
  0.198693620163298     
  0.199605541623871     
  0.200078088218616     
  0.199536860184348     
  0.199370775521958     
  0.199676028687048     
  0.199025702885638     
  0.199604709657836     
  0.199303957744778     
  0.198230321795289     
  0.200555843831381     
  0.200127791777567     
  0.199868416911627     
  0.199581764009837     
  0.199460963401807     
  0.199581860925314     
  0.199350789081405     
  0.199018882953832     
  0.199796008536573     
  0.198981572962669     
  0.198375742455753     
  0.201467454854150     
  0.198727600286193     
  0.199803665651039     
  0.199674614618137     
  0.198297130369134     
  0.199014191388084     
  0.198945517332205     
  0.199782552230995     
  0.199830298620172     
  0.201309319620544     
  0.199106110483037     
  0.199826818879179     
  0.200209873049994     
  0.198638754430946     
  0.199387045654017     
  0.199967432719303     
  0.200235354909405     
  0.200480771515518     
  0.198698124345009     
  0.199302127452370     
  0.200569302460556     
  0.200402606306043     
  0.198814953204823     
  0.201068234975501     
  0.200079533669657     
  0.199219694057977     
  0.199462298667252     
  0.198265633266739     
  0.199441649781989     
  0.200412787911030     
  0.199062649973514     
  0.198848874746225     
  0.198869159734303     
  0.199709490247171     
  0.199315731085357     
  0.198890546236768     
  0.200306192863692     
  0.199280891407036     
  0.199183913112796     
  0.200002908412150     
  0.199798473133894     
  0.199392668061886     
  0.200297567551479     
  0.199442510223420     
  0.199740706689803     
  0.200449412744223     
  0.198771063075754     
