         155
  0.199102900102488     
  0.201173500525538     
  0.200584213513278     
  0.198423032530923     
  0.199359579792822     
  0.199820939223538     
  0.198901960537464     
  0.198975833124025     
  0.199111583525864     
  0.198838591920593     
  0.200499342909855     
  0.201304041484321     
  0.199601099113227     
  0.197544765461614     
  0.198725626892069     
  0.200286158240743     
  0.200389622844536     
  0.197745468475453     
  0.193960266494260     
  0.196808366560734     
  0.199556534209481     
  0.200368797134047     
  0.199790984405665     
  0.199514592433797     
  0.198765490675217     
  0.199742132729744     
  0.198638418571699     
  0.198467731663082     
  0.198946847390134     
  0.199708366738069     
  0.200922928261163     
  0.199191921490262     
  0.198690526871839     
  0.198730940524462     
  0.199699676059919     
  0.198858724059260     
  0.199369568962345     
  0.198665680158311     
  0.200121949584064     
  0.199404600742932     
  0.200127853296088     
  0.200863693615985     
  0.194620478287286     
  0.199013284333854     
  0.200550716856646     
  0.200140065795010     
  0.199406504820131     
  0.200092322176388     
  0.199297954482958     
  0.196199830231062     
  0.198490498617900     
  0.199580464369679     
  0.200218007665130     
  0.199637892155917     
  0.199315537537615     
  0.200160305384467     
  0.198424063191281     
  0.200444920178986     
  0.200452426881636     
  0.199370386180436     
  0.198699802145671     
  0.198898583529415     
  0.199040152540819     
  0.199035664475140     
  0.199357556332847     
  0.199347979725463     
  0.194982520597704     
  0.198679536168104     
  0.200762283825752     
  0.199473210367737     
  0.199877412917872     
  0.199766434061057     
  0.200237448467881     
  0.199499782879170     
  0.198974369069325     
  0.198971440718133     
  0.199552567100962     
  0.198969501735612     
  0.199011127991950     
  0.199720761194998     
  0.199505734680619     
  0.199372254329422     
  0.199449816515023     
  0.200152773939344     
  0.200091207204782     
  0.200188405539877     
  0.199336002845582     
  0.201037203250353     
  0.200034344638937     
  0.199600780489084     
  0.200297609770088     
  0.194807972896114     
  0.200274345816382     
  0.197942357540029     
  0.201340895417842     
  0.198432536807990     
  0.199254160274245     
  0.197593206413530     
  0.200204703383124     
  0.199580695251351     
  0.200248482278540     
  0.199722839280481     
  0.200526152411585     
  0.200831703436661     
  0.198172169248621     
  0.199460246364297     
  0.200190948287278     
  0.199335129789142     
  0.198069364542630     
  0.200051619967947     
  0.198013867214532     
  0.199387916451672     
  0.198972163363086     
  0.198660950749021     
  0.199248831523166     
  0.199022289946035     
  0.200562416580714     
  0.198957761530948     
  0.199578115729143     
  0.199867841376048     
  0.198905048412463     
  0.199415224345654     
  0.198807530135543     
  0.198394048570915     
  0.199921074208545     
  0.198943173960311     
  0.199382756186698     
  0.197666223270642     
  0.199190084700174     
  0.198663556966129     
  0.200421289552605     
  0.199473751057014     
  0.199764555554936     
  0.199681924964100     
  0.197054305880974     
  0.199259104296424     
  0.199200029142451     
  0.199774002507950     
  0.200111559364427     
  0.200282792398965     
  0.200106889983306     
  0.199601410557580     
  0.199907575988959     
  0.200340782685039     
  0.199444577298393     
  0.199379806361069     
  0.198851138407880     
  0.198662231341856     
  0.199973555855840     
  0.199517944876112     
  0.198858181473069     
  0.198645763561704     
  0.199425747519851     
  0.199792153235528     
  0.198598402922932     
