         119
  0.199530136204074     
  0.199219165845566     
  0.199681158506143     
  0.200654233917383     
  0.199652025642935     
  0.199922404722339     
  0.200046148203355     
  0.200186441533671     
  0.200288258131746     
  0.199422015705551     
  0.199109188313011     
  0.199153501715032     
  0.199264961691011     
  0.198820356887237     
  0.200151629297203     
  0.198599501062122     
  0.197212217505546     
  0.199329918009208     
  0.199767885370742     
  0.193675100606721     
  0.199651516806039     
  0.200317184654849     
  0.198521014235334     
  0.198825789926372     
  0.199578254105362     
  0.199884094010220     
  0.199869540974591     
  0.200112469352902     
  0.200345596831084     
  0.198416237557183     
  0.199704011165622     
  0.200102759403067     
  0.199494736803648     
  0.199760672076003     
  0.200236147991201     
  0.199171058922732     
  0.198388947780585     
  0.199558641242809     
  0.200196982502651     
  0.198927822602796     
  0.199470979266388     
  0.199790583968731     
  0.199451683515239     
  0.197417071883196     
  0.200365306718773     
  0.199528305523878     
  0.201064068967271     
  0.199220237255763     
  0.199707916742303     
  0.199304996454172     
  0.200332578256418     
  0.199417292466579     
  0.194164678601957     
  0.200568066973960     
  0.198887986347708     
  0.199917331823755     
  0.199911959876836     
  0.200060336148001     
  0.199322708768256     
  0.199612161341312     
  0.200276886597241     
  0.200390844079374     
  0.200599382337759     
  0.199645098894526     
  0.198923308028183     
  0.198837093685536     
  0.200336889083461     
  0.193711348080755     
  0.199910074995182     
  0.199499542926486     
  0.199916278491645     
  0.198516857323183     
  0.199808557401658     
  0.198958555228023     
  0.199814469879387     
  0.198467091360893     
  0.199317945813863     
  0.199464395421677     
  0.198923870543489     
  0.197648553828347     
  0.199876806728791     
  0.198976939945160     
  0.199072533363671     
  0.199662699417184     
  0.196253441588084     
  0.198744553825662     
  0.200101969600323     
  0.199865269253051     
  0.197419414862056     
  0.198709674527575     
  0.200416590162829     
  0.197941602939241     
  0.199916121775453     
  0.199265045429938     
  0.199258804695401     
  0.199656252805420     
  0.198949792083947     
  0.198832348391444     
  0.198545579583520     
  0.200060867706329     
  0.199714378759356     
  0.199215929721893     
  0.198884400582772     
  0.200531533691608     
  0.200102409587471     
  0.198876175251442     
  0.199799825704121     
  0.195079499283042     
  0.199517947246714     
  0.198824101960278     
  0.199409095772788     
  0.199895416140251     
  0.199882254906913     
  0.200356216054857     
  0.198775214653600     
  0.198588973543527     
  0.198627634954344     
  0.199443965034746     
  0.199341384899713     
