         146         117
          11
           4  1.350505071022200E-006  6.411712625618381E-009
           5  1.403422634164001E-006  6.645779828300267E-009
           8  5.364112722589180E-020  2.482223995301640E-022
          14  2.804721284438520E-006  1.329872397568196E-008
          33  1.662395902668918E-027  7.685067364436927E-030
          39  7.572574397486828E-018  3.491527067228617E-020
          49  5.047383385678733E-017  2.331127504279980E-019
          67  2.695556866162505E-028  1.244968187096640E-030
          69  3.082599949491223E-019  1.426225791063125E-021
          73  7.373120839763313E-006  3.500772017747188E-008
          85  9.193529216855830E-019  4.256636780554423E-021
           9
           2  1.476050155171707E-016  6.819455482681040E-019
          12  1.119347508146208E-013  5.165816938519321E-016
          37  5.649212320483563E-011  2.611005868458403E-013
          57  5.158055366311285E-011  2.387967676512952E-013
          62  1.823787181461598E-010  8.433251096937422E-013
          72  6.868359440845709E-012  3.166664592355559E-014
          79  2.137028692917892E-014  9.855905960563166E-017
         100  5.688349014508980E-023  2.624804661214852E-025
         115  1.566863903512219E-014  7.208797785346775E-017
          16
           1  1.150450299463324E-027  5.290790487638390E-030
          15  5.302489847554144E-009  2.612818313527442E-011
          16  3.972250873852537E-016  1.868611648514877E-018
          23  6.471595887814936E-017  3.053134494670569E-019
          26  1.083797447212315E-003  5.502337733267335E-006
          32  8.675940496567193E-030  3.998808078693309E-032
          34  3.819931160435416E-010  1.881136150431294E-012
          38  3.373427185818050E-005  1.719650289063280E-007
          48  1.273419553446511E-010  6.264388171705225E-013
          69  1.148216734208549E-012  5.521862568082179E-015
          85  1.217811612618214E-023  5.620539029060230E-026
          94  5.549118220871685E-009  2.712528233718643E-011
          95  5.927211223726323E-021  2.739470020802932E-023
         103  2.706049687111216E-008  1.334150518889652E-010
         109  4.469232549091621E-007  2.222047884008232E-009
         110  4.145936043821695E-010  2.014041315593081E-012
          11
          11  5.481652806824540E-012  2.555987843722125E-014
          17  2.639995112204072E-007  1.232099059688166E-009
          25  1.640379037472524E-015  7.593207032609861E-018
          30  2.678586309465161E-020  1.236539772073535E-022
          33  2.363476261509850E-008  1.105955850445403E-010
          45  3.922722351871490E-016  1.810862492514547E-018
          60  1.044589652924117E-011  4.852039419295544E-014
          61  4.195978581876340E-007  1.962059362465703E-009
          68  1.241496736236188E-006  5.824990825474026E-009
          71  4.065546482398052E-014  1.882003091351425E-016
         106  8.550817738510662E-013  3.981858376132974E-015
          14
           2  8.552039000602833E-007  4.011484001040433E-009
           3  2.781607668507429E-009  1.298844874171236E-011
          12  1.879889340259478E-007  8.808393126148185E-010
          19  8.762256650151429E-007  4.102642574149108E-009
          37  2.005694113351141E-014  9.289261752826182E-017
          43  3.869426764610277E-009  1.808179639316697E-011
          55  3.214962943525519E-007  1.506591406905093E-009
          57  1.876270848273347E-008  8.783264963474020E-011
          59  2.191192692789917E-012  1.017764742753392E-014
          62  1.048491536063385E-010  4.881492655707128E-013
          72  2.601982270099729E-014  1.202142588003757E-016
          97  2.945457697770464E-014  1.367662889713476E-016
         100  8.348234518198220E-025  3.855073649851905E-027
         107  8.352999631875287E-018  3.852945967431995E-020
          18
           1  1.388708194670148E-007  7.454110534258655E-010
          10  5.520365569987266E-012  2.762959712943298E-014
          13  2.082876566184203E-004  1.140175068555210E-006
          19  1.460739572982557E-015  7.054767277683583E-018
          23  3.320770628039511E-010  1.736894705022809E-012
          32  2.219482858745526E-011  1.135947675805537E-013
          44  5.896091080027498E-008  3.107050822996656E-010
          59  4.294188598117950E-009  2.204298393457694E-011
          75  2.364960640611508E-003  1.280084150109552E-005
          76  7.830710637315334E-025  3.638749750119304E-027
          77  1.758637325633611E-003  9.506714587955215E-006
          90  2.311341294511800E-016  1.115690069593434E-018
          91  8.490704339985774E-004  4.577405239226533E-006
          93  3.391551745119355E-005  1.831747521137277E-007
          97  2.980871590019550E-004  1.595042351324843E-006
         102  3.172655299446766E-003  1.716619542740429E-005
         104  3.634435073729809E-006  1.920777838091060E-008
         116  4.336559328943726E-005  2.320566499617350E-007
          15
           1  5.804278956235177E-007  3.171839671481306E-009
          11  2.781338507147405E-008  1.463604486490784E-010
          13  2.414314410692862E-005  1.332423355370594E-007
          23  1.133574373165079E-005  6.254349294473432E-008
          34  8.381967325756772E-011  4.347387448910640E-013
          38  1.052550093484569E-023  4.889733958807297E-026
          48  4.204628893755291E-007  2.266855572561013E-009
          74  3.538162158424095E-004  1.930911589889989E-006
          75  2.308498386538294E-016  1.128119759467330E-018
          76  1.949285944084093E-006  1.046104461225065E-008
          85  7.838044717650008E-007  4.220957753710067E-009
          91  1.483623967174703E-012  7.544925520025289E-015
         102  1.996985697583231E-014  9.953963486550357E-017
         113  1.590418717067750E-003  8.754480952774336E-006
         116  8.855528565651973E-011  4.585887757878487E-013
          10
           9  4.669852004200529E-007  2.216717608757948E-009
          15  7.260358346615899E-010  3.436594379894765E-012
          16  3.923221693258959E-007  1.871074287944639E-009
          32  1.838811930972335E-023  8.499202629806306E-026
          36  2.635746180936767E-008  1.239853953136215E-010
          52  1.606375883762650E-005  7.655296561960112E-008
          83  1.398662514213624E-005  6.684424961485958E-008
          90  2.575467085061970E-013  1.202648568492329E-015
          98  3.098714413792271E-015  1.434723045910272E-017
          99  1.162944104803571E-005  5.570086793681447E-008
           9
          21  1.856844396070689E-016  8.555463388088359E-019
          31  2.665289897849248E-016  1.231015005578375E-018
          53  2.730905681291773E-008  1.268276470876651E-010
          94  4.014568602307181E-010  1.860880590086815E-012
          95  1.627824899337619E-015  7.503036549796815E-018
         109  2.611331783710155E-013  1.209402571485872E-015
         110  7.339297223032614E-014  3.384699900036380E-016
         112  9.789244772335876E-013  4.529296230932738E-015
         114  9.604088149180688E-017  4.428746508098691E-019
          16
           4  3.510789390653063E-012  1.684085684465185E-014
          23  9.901779815865500E-018  4.651309666511940E-020
          26  1.417000367040840E-007  7.047005608536157E-010
          34  4.838346194988401E-005  2.455567133272908E-007
          38  7.292048573796251E-008  3.654877605971733E-010
          48  1.077832598087704E-006  5.446540285181088E-009
          49  4.942144251562108E-006  2.458225702690717E-008
          53  1.573531584577904E-012  7.515490637703012E-015
          67  1.537672715348749E-006  7.625082657868722E-009
          69  1.091997547661493E-004  5.503898052564304E-007
          85  8.034111496562715E-008  4.022442699259194E-010
          94  5.489852928873723E-005  2.738129561108298E-007
          95  2.281787973946199E-006  1.129168415001148E-008
         109  6.034014546654593E-004  3.039185789527279E-006
         110  1.386399399419052E-004  6.930462028061260E-007
         112  2.634328247760337E-028  1.218057630789013E-030
           9
           9  8.255226363384092E-013  3.849520281415651E-015
          15  1.480179388855366E-008  7.041582282701430E-011
          16  1.306129626005617E-010  6.153640125672063E-013
          26  3.543046293431964E-007  1.696038211019032E-009
          27  7.331188669283949E-012  3.419769696235478E-014
          38  3.788183481072580E-021  1.748104661254958E-023
          63  1.483993307360927E-012  6.905691571718411E-015
         103  3.303934626413503E-005  1.583516250441289E-007
         111  1.424062701838741E-015  6.597389403659252E-018
          17
           2  7.046649582165141E-009  3.330264072674047E-011
          12  2.482940464741711E-005  1.186341038488544E-007
          19  3.820260922059264E-009  1.799341509099750E-011
          37  1.182563551810155E-011  5.537413564080109E-014
          55  1.323224312236474E-012  6.178519035997292E-015
          57  9.438409152911982E-007  4.496088993054249E-009
          59  1.027900077882148E-024  4.743166378804844E-027
          62  5.320553409199714E-008  2.520380903438278E-010
          72  5.655991312140961E-007  2.682884636418386E-009
          75  3.351523428728387E-023  1.549094877064766E-025
          77  8.739422456327804E-012  4.131878670940781E-014
          88  8.859890689538352E-010  4.184691364660301E-012
          90  5.960458255639121E-027  2.748756512225110E-029
          97  3.756305077768921E-009  1.789583861294663E-011
         100  1.473626836272221E-006  7.024819973071874E-009
         102  2.256573136314797E-028  1.041116346998721E-030
         115  4.192757955257872E-029  1.931248698902139E-031
           7
          29  4.847992588253105E-015  2.240467703715355E-017
          43  1.754986775085317E-016  8.113677230588538E-019
          46  5.226911390322792E-016  2.411435269174076E-018
          50  5.749493447712807E-015  2.656379005731258E-017
          54  6.706113836637554E-015  3.100246758155884E-017
          59  6.205883115092333E-018  2.862794771198813E-020
          66  1.121738761750236E-009  5.187843198777708E-012
          11
          26  3.257871875153008E-014  1.513545193677258E-016
          49  1.913365226381636E-012  8.881524073701925E-015
          53  6.770788045482392E-007  3.181464783580672E-009
          67  5.870180153230812E-011  2.737975367924595E-013
          69  5.226456458531816E-014  2.428553937390448E-016
          94  3.810596710956861E-006  1.797891892062409E-008
          95  2.578276030484205E-008  1.208905720979516E-010
         109  3.969315559391003E-007  1.877169701513683E-009
         110  2.213176964524727E-007  1.040586241144612E-009
         112  3.674955843194825E-010  1.714648427589791E-012
         114  2.827113389679197E-012  1.310874643508514E-014
          11
           2  7.671952088229637E-017  3.554099198760751E-019
          12  1.268529370007789E-008  5.919486212759518E-011
          37  9.136604584905251E-011  4.249110240932826E-013
          47  8.882480050740768E-014  4.109904987479813E-016
          57  1.183483050361334E-008  5.531081516480169E-011
          62  1.474620664106663E-008  6.882623821342805E-011
          72  5.680513192492745E-007  2.651182450817453E-009
          79  5.385423933999122E-016  2.490897660119066E-018
          88  3.875048532984999E-010  1.808490227818957E-012
         100  2.502072713426194E-007  1.171225257594024E-009
         115  2.932604975882436E-012  1.356024216017415E-014
           9
           6  1.161822932874448E-023  5.372126383424044E-026
          18  3.955945890119162E-012  1.835321336635130E-014
          22  9.192306409891156E-016  4.252876960070890E-018
          25  6.531020039378218E-015  3.022723858386356E-017
          45  6.909205604152085E-013  3.191421165811221E-015
          60  9.738926576568274E-016  4.508561459000674E-018
          61  7.133416367781117E-013  3.297965016041447E-015
          80  2.381693277302915E-011  1.101242341173842E-013
          82  6.173796351756378E-013  2.861454172449181E-015
           9
          40  3.179327274283688E-022  1.467028733531000E-024
          53  5.845204142512377E-008  2.712901139942042E-010
          67  1.146226803327512E-017  5.296110433887122E-020
          94  2.285511295755624E-010  1.058884025946156E-012
          95  8.489899290302367E-012  3.926513940820036E-014
         109  1.600741543056942E-014  7.410296857633026E-017
         110  8.615905944606681E-013  3.980105882128005E-015
         112  2.216895779767634E-009  1.028618470528721E-011
         114  1.341968304344006E-010  6.208910284703597E-013
           7
           2  1.025732631053995E-020  4.731142699560566E-023
           3  4.194605821907120E-011  1.938623782676852E-013
          19  2.968338960501909E-012  1.365599008015334E-014
          43  9.603323420433615E-009  4.447049919669119E-011
          54  1.264852750833146E-011  5.841937806267066E-014
          55  6.154086443949743E-010  2.844530853564098E-012
          59  2.818780119431487E-014  1.299995351030951E-016
           4
          36  1.107353909492110E-026  5.098065365413469E-029
          52  7.918023298638594E-011  3.663772636956327E-013
          83  5.744738121389202E-013  2.660094673186207E-015
          98  1.663645633573554E-013  7.676075490309681E-016
          17
           1  1.143881165578795E-007  6.044817986783245E-010
          15  4.349398638857049E-007  2.247167771470145E-009
          16  1.731012472168209E-011  8.620053080096398E-014
          23  4.624091971758285E-007  2.454974633592695E-009
          26  1.653399236288302E-004  8.676444539906518E-007
          32  5.314529239658458E-008  2.769910150782060E-010
          34  2.835267792181256E-008  1.465330335142157E-010
          38  3.118258742883490E-003  1.669150975893783E-005
          44  1.303263518604859E-015  6.295391203431836E-018
          48  5.885979273450426E-007  3.088101816694637E-009
          69  4.443985835515133E-014  2.167165553605445E-016
          85  3.172526340678471E-012  1.581334356864107E-014
          93  4.424363308610793E-025  2.043759629900967E-027
          94  4.994288893068982E-016  2.386803518832586E-018
         103  1.522480474024858E-010  7.628306666540786E-013
         109  6.140152459414948E-010  3.096335377879660E-012
         110  3.767925040234278E-016  1.797958193760996E-018
          21
          10  1.023925749969983E-004  4.979422683253529E-007
          18  2.014400641702083E-016  9.364230544924096E-019
          19  4.347485853031880E-015  2.018127909315765E-017
          28  1.402327804991048E-017  6.487491178537680E-020
          29  5.774674834895162E-006  2.785028047075186E-008
          41  3.010207843765333E-021  1.390312193245479E-023
          43  7.262939836347844E-018  3.369599886020959E-020
          50  4.797663403300716E-008  2.294577965665752E-010
          55  5.154333804161017E-018  2.387277030991984E-020
          59  2.977148356797526E-006  1.438534695771353E-008
          66  1.359527292031963E-006  6.524677132843909E-009
          75  2.868054341029780E-010  1.377153532388275E-012
          76  3.914983275138983E-022  1.814688769845081E-024
          77  8.578255724231821E-022  3.966139116219596E-024
          81  2.018673431652267E-008  9.696546224918159E-011
          82  3.459106477669278E-013  1.621526667379368E-015
          91  4.923137471595710E-008  2.390953770471608E-010
          97  1.209205560006422E-015  5.637907374981057E-018
         102  4.339650614119300E-011  2.075022786241831E-013
         104  2.907735239938538E-005  1.420268699646315E-007
         116  1.182677764669726E-006  5.770372857524043E-009
           0
           9
          17  5.673233884762476E-009  2.624337606433210E-011
          20  8.568254583075190E-019  3.950209879350780E-021
          30  1.311870371183386E-017  6.052665567793775E-020
          33  9.104375148709484E-010  4.227070451604292E-012
          60  1.100913753673410E-016  5.091290498705847E-019
          61  7.735861584808624E-012  3.574913293233061E-014
          68  4.322441036171615E-009  2.006227107716948E-011
          71  1.436106579169475E-011  6.640805957574547E-014
         106  2.052127238333926E-011  9.535790962500194E-014
           6
          17  5.283890076769424E-017  2.431157098786216E-019
          22  1.646832655519936E-014  7.592194902544212E-017
          25  5.586878912377174E-013  2.576392244829307E-015
          45  6.996495111456393E-013  3.218516153355803E-015
          60  1.911930120772079E-012  8.820232184829056E-015
          61  1.951202440266639E-015  8.979963413942782E-018
          11
          11  3.794081370251989E-019  1.751588376652058E-021
          17  7.050081631782053E-009  3.259511065645392E-011
          22  2.084778547714807E-014  9.621738611444842E-017
          25  1.450704224329595E-011  6.705457110905045E-014
          30  3.801935183964167E-019  1.751053150274157E-021
          33  2.374556782765821E-015  1.097380382133426E-017
          45  1.354372026522913E-011  6.244557255134925E-014
          60  4.970340835928699E-010  2.300560671211709E-012
          61  4.061762085534915E-008  1.881707013143127E-010
          68  1.255178966681180E-009  5.819018269531811E-012
         106  1.228029498418744E-016  5.691060164287722E-019
           5
           5  8.331511235563078E-012  3.856567251975049E-014
          33  6.212957286152472E-011  2.881979248711547E-013
          68  3.271567866486384E-019  1.512799292952559E-021
          71  5.493022707383486E-015  2.538533574737687E-017
          73  1.004954868823197E-013  4.648342954045369E-016
           4
          21  5.931098242699866E-016  2.735973448104696E-018
          27  3.181151239446073E-011  1.469927731352233E-013
          31  2.794094276259716E-010  1.294082283854467E-012
         111  4.598402572015962E-010  2.127351965088545E-012
          18
           1  4.217478526773651E-010  2.147658542220100E-012
          13  1.036398294133138E-012  5.134568761087431E-015
          15  7.275803265408238E-028  3.354734608044469E-030
          23  3.417288800343829E-018  1.614162028183202E-020
          32  6.746314033862076E-005  3.536259488587059E-007
          44  1.454094950504501E-003  7.630172367562756E-006
          52  2.142325267805535E-024  9.882695732949157E-027
          75  9.208950512904351E-013  4.518212721182962E-015
          77  1.737467154562621E-007  8.911539523201354E-010
          83  1.950944233942418E-010  9.646325117732204E-013
          88  2.086149057171220E-008  1.046824418484515E-010
          90  1.060456151662575E-003  5.500765474604791E-006
          93  4.439299785275236E-004  2.338152924478454E-006
          97  2.155675138226503E-009  1.083338683056683E-011
          98  1.732748336651592E-022  8.007914328662571E-025
          99  5.212474954745390E-008  2.630223526308640E-010
         100  1.145241599638864E-011  5.605425345194182E-014
         102  7.504397712263782E-012  3.710897219569458E-014
           9
           6  8.977675098660894E-014  4.136010398854858E-016
          18  5.642471235883526E-011  2.608345550549325E-013
          28  2.680212268073230E-016  1.233301174398105E-018
          41  1.128429111850794E-015  5.198282105177650E-018
          45  2.532092668930849E-030  1.164389136853592E-032
          80  3.906948201440361E-010  1.799586192781583E-012
          81  2.390724778169909E-025  1.103727971265523E-027
          82  4.323100172800853E-012  1.996341806599863E-014
         108  1.288767862321493E-026  5.942413274280910E-029
          20
           1  2.870128824136219E-007  1.557974256319128E-009
          10  1.626001903065993E-008  8.450806937982826E-011
          11  4.767231003529436E-014  2.361848131655780E-016
          13  1.106497720148010E-003  6.128267510453243E-006
          23  4.780636383145626E-008  2.578269765396294E-010
          32  1.374184836147480E-027  6.338308230766930E-030
          44  2.906497842959671E-016  1.416286144931297E-018
          59  4.691247056835992E-013  2.340247913876626E-015
          74  8.594042798924162E-012  4.385102840876014E-014
          75  1.092377675131430E-004  5.916450644865020E-007
          76  3.498394678004143E-007  1.856606595577427E-009
          77  2.065008900986330E-006  1.108037028431429E-008
          81  1.469385117129154E-012  7.379487934516666E-015
          91  4.283401159693726E-004  2.326904292400225E-006
          93  5.049508176326133E-009  2.672008429310649E-011
          97  3.956784971259637E-008  2.081660339373157E-010
         102  1.769796138629511E-004  9.617484306512040E-007
         104  1.903752082460625E-006  1.012195810872325E-008
         113  3.875951447028840E-008  2.061776097815306E-010
         116  4.581474081179727E-004  2.481968092199195E-006
           7
          10  6.787124691283608E-021  3.125546374911662E-023
          29  2.601955958822596E-011  1.204757135429563E-013
          46  3.542914001812281E-018  1.634202965396528E-020
          50  5.589941405361232E-011  2.587101320451081E-013
          54  6.522066817072957E-024  3.014234903396758E-026
          59  1.728622456829764E-022  7.967909074898613E-025
          66  1.426578179293415E-008  6.603802740398122E-011
          19
           2  2.716734928900648E-012  1.284444802383269E-014
          12  4.971616089541323E-006  2.421056013506864E-008
          19  1.990872274058360E-009  9.531743114993841E-012
          37  2.488055920763908E-027  1.148221190714632E-029
          44  2.516526844271481E-011  1.209606418061671E-013
          55  3.578410530988528E-015  1.670558964809957E-017
          57  5.755683321277020E-009  2.769866568701524E-011
          59  1.274463115155318E-015  5.943455148588617E-018
          62  2.108390752984282E-011  1.000977615679215E-013
          72  1.639537926333093E-008  7.878545442449581E-011
          75  6.526167436455702E-010  3.166874726145428E-012
          77  1.345372205768947E-006  6.651256003039486E-009
          88  7.269870661150224E-008  3.520916952367516E-010
          90  1.220987424781048E-009  5.888958623900175E-012
          91  1.728475667091626E-015  8.105821605652824E-018
          93  1.627100801272002E-009  7.953167063103976E-012
          97  7.741812317273660E-006  3.820332143909040E-008
         100  3.108780372978800E-006  1.514218176960290E-008
         102  4.419830027892793E-010  2.141464307268687E-012
          11
           7  1.439567379194006E-011  6.695744512025595E-014
           9  5.860237585715416E-010  2.733969652966369E-012
          15  4.608405275210516E-012  2.151319707811687E-014
          16  1.539873061709666E-011  7.184384223440312E-014
          24  6.009975518272205E-011  2.792782401628452E-013
          26  2.028809494072691E-029  9.394789151229249E-032
          27  4.946043168845371E-017  2.287414057079426E-019
          36  2.208325259957003E-021  1.018512886064620E-023
          63  1.963808492788505E-010  9.120994504605665E-013
          65  1.372435140254702E-015  6.368508601892286E-018
         103  2.086744837885441E-007  9.814723271457880E-010
           2
          78  6.780768483844377E-016  3.133609697998022E-018
         117  1.646046532832656E-019  7.609495486671735E-022
          21
           2  3.759812391129393E-011  1.800953605094421E-013
          12  3.438462097295107E-006  1.688494024340634E-008
          19  2.361330953007296E-007  1.151501205632109E-009
          43  2.350469033662634E-023  1.088835650081017E-025
          44  7.428083849983430E-012  3.584183340183837E-014
          55  5.860570612535325E-011  2.808684631545409E-013
          57  1.137667475895507E-009  5.497873835813772E-012
          59  9.100779926079508E-010  4.407516780809934E-012
          62  2.632880219569898E-013  1.247669038462791E-015
          72  1.438077769701603E-010  6.889393520922597E-013
          75  3.409576981939806E-007  1.698258843309167E-009
          77  2.810118927053536E-005  1.412737076356977E-007
          88  8.903641861631361E-011  4.283323755600844E-013
          90  6.736837722153553E-012  3.230220275310249E-014
          91  7.061680285607734E-010  3.450630211960292E-012
          93  5.203663565907348E-009  2.576607025591973E-011
          97  1.456145198581564E-004  7.301139436618074E-007
         100  5.823900736382874E-008  2.840494338293730E-010
         102  2.274519857403267E-007  1.131618828317586E-009
         104  2.383448654015430E-012  1.141499314400094E-014
         116  3.328606056628270E-018  1.552795968229428E-020
          18
           1  2.617490441626764E-008  1.385079990630917E-010
          10  2.087788507474209E-011  1.044776364322053E-013
          13  9.963447421327243E-005  5.408464944351872E-007
          19  1.324994456216254E-013  6.467023423758607E-016
          23  2.236082408537165E-011  1.146566965027100E-013
          32  1.943232170220172E-012  9.769262064014061E-015
          44  2.200775735568050E-008  1.148368169007202E-010
          59  2.178828750869022E-008  1.116563105413592E-010
          75  2.831904029211654E-003  1.524250441109344E-005
          76  1.846303060741626E-030  8.521203467728678E-033
          77  2.018932160792759E-003  1.085765884697947E-005
          90  2.903543718193919E-017  1.385198020720776E-019
          91  1.017582634574372E-003  5.456787188345822E-006
          93  1.902329469874365E-005  1.019900276266107E-007
          97  4.646402124239800E-004  2.473701480456532E-006
         102  3.556242777276020E-003  1.914938068299756E-005
         104  7.483436087639023E-006  3.931215268583125E-008
         116  5.246616726630887E-005  2.791776599540216E-007
          10
           4  2.550863503600503E-010  1.185194859136149E-012
           5  3.536522432569346E-030  1.631366292193629E-032
           8  7.810778530861469E-012  3.621382037782332E-014
          14  2.508274194555619E-009  1.166748641626841E-011
          49  1.299849312192612E-015  5.999843098695938E-018
          67  2.605433460507932E-016  1.204340411322899E-018
          73  3.740301930747834E-015  1.727526300517282E-017
          78  4.544427253835606E-021  2.099465762663284E-023
          86  3.378004506567868E-019  1.558141721155003E-021
         117  3.067824322609919E-016  1.418026772486102E-018
          10
           6  1.464407672256224E-013  6.765156606916307E-016
          18  2.370114486994879E-009  1.100898900823180E-011
          28  2.316176867277820E-014  1.068763882894398E-016
          41  5.310539141604746E-014  2.453334025497668E-016
          45  2.395348335617132E-021  1.104237355422035E-023
          61  3.060139512418355E-022  1.410920467687697E-024
          80  7.016211694516482E-009  3.246329644145426E-011
          81  2.399356782542837E-015  1.112117487122353E-017
          82  5.468166317395047E-010  2.537398978381496E-012
         108  3.478284170406283E-026  1.607765335622989E-028
           3
           3  9.758409934941594E-021  4.499893209728531E-023
          43  6.780244068453207E-017  3.126247238701198E-019
          54  3.506839868376544E-015  1.616697583328448E-017
          16
           4  4.279922438404775E-014  1.988656307990002E-016
          26  9.444188196273009E-017  4.374883866225228E-019
          34  1.142311775205100E-009  5.457720884576877E-012
          48  1.012994732683343E-017  4.680934332380798E-020
          49  8.829747095464392E-006  4.229652452340224E-008
          53  8.015642190077581E-008  3.800584617484099E-010
          67  1.491100131267286E-005  7.153191209532599E-008
          69  3.020362660291526E-006  1.455787004390252E-008
          78  4.793016162666948E-022  2.208155523233897E-024
          85  6.097404836230547E-018  2.821444826525816E-020
          94  8.306173668998599E-005  3.990795181701321E-007
          95  4.833929599208384E-005  2.317637209836392E-007
         109  6.034265476591864E-005  2.911097777318536E-007
         110  1.171683033657956E-004  5.629308078412677E-007
         112  1.561269146838945E-009  7.361236225745091E-012
         114  1.868162332123721E-010  8.764363842316197E-013
           9
          10  6.188932077767473E-024  2.852616114585309E-026
          29  2.566582345289607E-013  1.188312387847501E-015
          43  1.244006368748074E-014  5.758952433369071E-017
          46  2.398920751710983E-016  1.107832183558118E-018
          50  1.169756559870181E-013  5.412613341677304E-016
          54  1.513691077056953E-014  7.005405573406644E-017
          55  9.754481677339166E-024  4.506232152113473E-026
          59  1.459022460467985E-014  6.746781758651523E-017
          66  5.413268630525828E-009  2.509180721383401E-011
           6
           4  3.259516601650097E-012  1.506081837063564E-014
           5  6.384548755646052E-007  2.975619860070365E-009
          14  2.421892879975295E-007  1.128984460281689E-009
          33  1.689021694568924E-015  7.783460294980733E-018
          39  1.256675516007134E-012  5.782954133834590E-015
          73  1.372720541180977E-006  6.403650109680543E-009
          19
          10  5.052053926773583E-005  2.484880835907936E-007
          11  6.230251851684240E-009  3.016387732015095E-011
          18  8.407410199898117E-007  4.087363850737182E-009
          28  2.295216897868223E-011  1.088241135913483E-013
          29  5.036517676202755E-007  2.447734280246391E-009
          41  3.960787649835385E-012  1.872723237613914E-014
          50  8.570298706612492E-010  4.105854762086855E-012
          59  3.685823267332011E-018  1.708791503508235E-020
          66  1.651639216786532E-012  7.796445897041688E-015
          75  7.394701057799244E-017  3.454784687128611E-019
          76  5.525886883340708E-006  2.734907017147853E-008
          80  2.011419404987532E-008  9.668992595812627E-011
          81  3.167509467902178E-004  1.562497671762535E-006
          82  9.319661731473320E-006  4.549513432680732E-008
          91  3.113563653638913E-010  1.507024102690298E-012
         102  9.646798988977002E-018  4.491365183677273E-020
         104  2.374656455673860E-008  1.157001781228811E-010
         113  3.494292692272614E-020  1.622632126139267E-022
         116  8.482603898754009E-007  4.184521230704057E-009
          10
          40  3.499663054056623E-019  1.612614798803009E-021
          49  1.758435601187411E-027  8.092749237736757E-030
          53  4.897385733194222E-008  2.269641664394835E-010
          67  1.768123468153244E-016  8.160583928105166E-019
          94  1.864219520878502E-010  8.623246787671986E-013
          95  1.910038947891795E-011  8.824960893983413E-014
         109  9.900661223578073E-015  4.576281644167776E-017
         110  1.117910950885096E-012  5.156997250067724E-015
         112  3.839258196339755E-009  1.778947413398655E-011
         114  3.464230424736706E-010  1.601041846533294E-012
          18
           2  5.933219770902702E-010  2.800567131724133E-012
           3  1.646531408189434E-010  7.760579149474082E-013
          10  9.045425605489972E-014  4.218730804878225E-016
          12  1.847827334503487E-011  8.673645040456788E-014
          19  3.091420439131406E-005  1.479681895507478E-007
          43  7.684123295517244E-007  3.667188962168750E-009
          54  1.584959369342417E-026  7.335150031102688E-029
          55  7.469233898933886E-006  3.574564927308953E-008
          57  1.244724425249824E-019  5.768442304834549E-022
          59  4.116144935052005E-005  1.981966289749290E-007
          66  1.404202467542766E-015  6.512987489492745E-018
          75  1.222162704071472E-009  5.853817985216764E-012
          77  6.024837531781857E-011  2.864931455023101E-013
          91  2.810082263348045E-010  1.340067643590440E-012
          97  5.790588122871779E-008  2.779990644296645E-010
         102  1.533862058663145E-010  7.311382750812943E-013
         104  1.748445020432522E-007  8.409631440762904E-010
         116  1.068550329786635E-012  5.034059652300949E-015
          10
          17  1.953906081343642E-008  9.040414350915200E-011
          20  8.669841351105323E-020  3.991784665571158E-022
          25  9.621124504654639E-030  4.441939563509212E-032
          30  9.913688504172948E-018  4.567967213044893E-020
          33  4.849647654418009E-009  2.252038456612965E-011
          60  2.047677115775916E-015  9.458718621789130E-018
          61  1.597724845356982E-010  7.385462722345389E-013
          68  2.744051929412391E-008  1.274433987615357E-010
          71  1.588955759127318E-011  7.341561815610074E-014
         106  2.390915554284593E-011  1.110041025939609E-013
          14
          10  1.289103254756522E-008  6.053647649019174E-011
          19  1.147871767306762E-019  5.284804207089171E-022
          28  1.479189919993815E-026  6.824720084830991E-029
          29  1.457162882748564E-007  6.847022925293815E-010
          43  6.965925739567340E-014  3.233343197323458E-016
          50  1.410320693052572E-008  6.605938794836925E-011
          54  2.023166910413145E-022  9.362937161861782E-025
          55  2.392545949424696E-017  1.106135309250890E-019
          59  9.928825356973997E-009  4.661037032762726E-011
          66  1.891707131923721E-006  8.885686248955687E-009
          81  5.923560265776458E-020  2.742884144047266E-022
          91  7.053346701437340E-030  3.255550185648012E-032
         104  7.120304465231382E-010  3.351812407821309E-012
         116  4.194066612856538E-017  1.945052055805021E-019
           7
          17  2.812817772507397E-012  1.297061561540577E-014
          22  1.374721778527832E-012  6.349412174955686E-015
          25  4.376287222451511E-011  2.022827531585315E-013
          45  1.268866231772846E-010  5.853072894381320E-013
          60  1.773123018855034E-010  8.202033050294841E-013
          61  2.070245316514506E-009  9.572954431035177E-012
          68  8.506025445931354E-015  3.929178974363252E-017
           4
           8  8.914024011913348E-019  4.127563950081619E-021
          78  6.973282420313214E-014  3.224315344660279E-016
          86  7.682758707786374E-025  3.546577370945927E-027
         117  8.062772524224060E-013  3.729549669807463E-015
           8
           7  1.629239668255394E-011  7.537664174485602E-014
           9  1.897869267049053E-016  8.760264105952135E-019
          24  6.493981303387208E-012  2.999226716673745E-014
          27  2.342133552177454E-017  1.080091760432110E-019
          63  2.156052717660913E-010  9.951924385407506E-013
          65  2.199747689451090E-014  1.017698097317292E-016
          96  2.508886557337820E-025  1.158424397540126E-027
         103  8.277493060677708E-011  3.845168276501019E-013
           5
          47  5.787848949804135E-017  2.664429806087892E-019
          72  6.629585048550151E-017  3.050371748448762E-019
          88  2.182064086427211E-011  1.009746028562272E-013
          98  2.532922604134733E-014  1.165971639278377E-016
         100  7.516502335698338E-013  3.469425325196404E-015
          15
          10  1.971314112535173E-007  9.284330763652108E-010
          18  1.127975581951063E-008  5.285938210477559E-011
          28  3.870581275543109E-008  1.808792595656416E-010
          29  6.326669158429766E-006  2.983907348358749E-008
          41  1.493560225632324E-008  6.978782492415154E-011
          50  1.722291130178224E-006  8.100286939735480E-009
          59  2.393199040221331E-025  1.102909813860183E-027
          66  9.548000048571485E-008  4.472183296504011E-010
          80  8.385039402083610E-010  3.901850564014123E-012
          81  1.049799277766410E-007  4.951393360652049E-010
          82  2.530299596563182E-008  1.186395474190350E-010
         104  6.297829460623664E-014  2.930552809912945E-016
         105  1.587841084028893E-020  7.338249503602783E-023
         108  1.654029029355905E-020  7.636056998444759E-023
         116  1.995543752999943E-017  9.238252072436192E-020
           5
          47  7.959706810858655E-017  3.674246210151847E-019
          72  3.135184290170161E-012  1.449867425655309E-014
          88  5.867977279508172E-008  2.741662480039788E-010
          98  9.815398052909551E-011  4.547197420664833E-013
         100  4.745115628965848E-009  2.209260676332096E-011
          16
          12  1.218876738357390E-007  5.866911621285331E-010
          19  1.986040708908919E-020  9.133083149163219E-023
          32  8.628463482002091E-026  3.977542265288946E-028
          44  7.424431594079840E-010  3.589390682619439E-012
          57  5.697530098000575E-011  2.705933903517306E-013
          62  4.135747986948342E-013  1.943047369218208E-015
          72  3.650306467901644E-008  1.749473755900771E-010
          75  3.587519222552515E-018  1.665849044689462E-020
          77  3.186822489821409E-009  1.547099135704415E-011
          88  1.690780346884826E-005  8.233447175396460E-008
          90  5.524822772099910E-007  2.690345526383186E-009
          93  9.213698455434642E-010  4.479246567963759E-012
          97  1.025638647828645E-008  4.963297432976109E-011
          98  1.577761188453325E-018  7.286698426747680E-021
         100  2.981929400980984E-005  1.451471992865717E-007
         102  4.554080442201903E-018  2.113544395935370E-020
           7
           9  1.107967792245838E-009  5.148832353767973E-012
          16  3.585652362797112E-012  1.663943613253519E-014
          36  1.931506521062182E-008  8.950561352714768E-011
          52  6.878847471270947E-007  3.209038713350980E-009
          83  4.919996025711166E-008  2.296696554534647E-010
          98  1.667262857090043E-020  7.668772370261473E-023
          99  1.722901367914509E-009  8.035073584044130E-012
          15
           1  1.075909018073904E-008  5.732959257014930E-011
          11  8.616420032604560E-007  4.532367497361091E-009
          13  3.318536171677535E-006  1.801585446217563E-008
          23  5.321706122910007E-007  2.877789778275058E-009
          34  7.918777063038579E-013  3.979724383641309E-015
          48  2.169116238813624E-008  1.145303564825565E-010
          74  7.769827721766617E-004  4.202932975938153E-006
          75  4.389447908815532E-020  2.071408730715972E-022
          76  1.545632347905185E-005  8.249302359170429E-008
          81  1.145121807097191E-021  5.360461441646083E-024
          85  1.505710886758798E-007  7.990837511903629E-010
          91  1.565447585954892E-013  7.802231673748401E-016
         102  4.381974372930302E-017  2.113868203959319E-019
         113  2.920641619143671E-003  1.592228269198446E-005
         116  7.732138337497111E-011  3.962953842507544E-013
           2
          31  3.119081112792354E-020  1.440861750647479E-022
         111  2.662351942890709E-020  1.228256390079850E-022
           5
          72  1.087771595385442E-018  5.020486812889908E-021
          88  3.312387097372204E-008  1.548417948326272E-010
          90  1.481212021240958E-021  6.839075653170496E-024
          98  1.284512133829419E-008  5.970661806950468E-011
         100  7.893243217344235E-011  3.668189222903328E-013
           7
          52  9.293583222658044E-014  4.302377580842996E-016
          83  1.481218715965789E-010  6.916233464636728E-013
          88  2.912781245291615E-007  1.370569166392434E-009
          90  1.966397050650936E-010  9.208428952095689E-013
          98  1.547304985252363E-006  7.255294417154245E-009
          99  4.693870768865999E-015  2.173898207372037E-017
         100  2.146454223499461E-011  9.988985149896226E-014
           8
           3  5.251563781172448E-014  2.429654993587732E-016
          19  6.729519043911541E-015  3.098106198848298E-017
          43  1.290058706563577E-009  5.982911985871360E-012
          46  6.490672344575386E-022  2.995364148420973E-024
          54  2.657775107922880E-011  1.230285730766516E-013
          55  1.405220523665627E-011  6.501127075032398E-014
          59  5.135378886586067E-014  2.373700531505516E-016
          66  2.113183817844813E-015  9.748328508174312E-018
          17
           1  6.787231426049858E-007  3.620670102311483E-009
           9  9.594260036484423E-013  4.720839891315375E-015
          13  1.160668814173939E-015  5.652672263036863E-018
          15  2.489405556179051E-005  1.303314900205985E-007
          16  1.435296849161182E-006  7.436882344519934E-009
          23  1.040197337017540E-008  5.459495620308045E-011
          26  8.633377151989734E-011  4.345777544772351E-013
          32  1.542229174279928E-003  8.284730193951186E-006
          38  5.215977952396103E-006  2.759571231963710E-008
          44  4.798107827406538E-005  2.545020699765310E-007
          48  1.284376047643330E-024  5.933260290586726E-027
          52  1.764005080974450E-017  8.377077180451654E-020
          83  1.369733678695635E-010  6.866252994104142E-013
          90  2.463885361622374E-007  1.275347422849518E-009
          93  8.351758416020111E-007  4.407437524731693E-009
          99  2.218682554679647E-006  1.151356359735825E-008
         103  7.104202010496163E-015  3.446639728413983E-017
           2
          22  5.724986411024347E-031  2.643172853317857E-033
          45  3.543961683923149E-027  1.632622576192163E-029
          13
          26  2.362636265904011E-010  1.122727965551121E-012
          34  1.092438198458688E-012  5.163064448807651E-015
          38  4.183888789116953E-029  1.930124333490645E-031
          49  1.836721535557188E-008  8.743050981738814E-011
          53  3.551061781257117E-007  1.691510743594247E-009
          67  5.784629939114909E-008  2.760074588116351E-010
          69  1.373791024690195E-008  6.576564510585966E-011
          94  7.111243323373683E-005  3.421986829204590E-007
          95  1.613461922166850E-006  7.716697628847482E-009
         109  3.762912329622669E-005  1.818597709357363E-007
         110  1.836985856861348E-005  8.833422658795683E-008
         112  1.447040166218289E-010  6.824685343065352E-013
         114  1.293797990223487E-012  6.051919827026441E-015
          15
          10  1.017039280673555E-006  4.806255319240897E-009
          18  6.745203804843624E-012  3.139614200385675E-014
          28  3.455063143979138E-010  1.608721664281733E-012
          29  1.075857505390944E-005  5.086333839885995E-008
          41  6.580409229726764E-011  3.061932697161677E-013
          50  1.824041328406906E-006  8.590375940490763E-009
          59  5.993055532093906E-012  2.789238464351123E-014
          66  2.059542515990589E-006  9.690276873335150E-009
          80  1.781673586304953E-014  8.221939097436219E-017
          81  4.814991917398214E-009  2.265900647544708E-011
          82  5.056918627339079E-011  2.357703977566384E-013
          91  1.716885031936324E-026  7.909965322695501E-029
         104  3.837019095344810E-010  1.805409403233170E-012
         105  2.750040547378017E-027  1.270298639549423E-029
         116  1.784064540586518E-013  8.322532310205186E-016
           5
           5  1.022467787923524E-019  4.717300696523684E-022
          33  5.167045571538565E-013  2.390746045113188E-015
          68  1.483651730344026E-025  6.852342480101120E-028
          71  3.003302520318702E-014  1.386276286568389E-016
         106  3.157172200714476E-026  1.464321498944303E-028
          18
           1  8.711405337087137E-008  4.578268372174071E-010
           9  1.018707998604722E-028  4.693025839921986E-031
          13  5.764963239735890E-013  2.869756728641804E-015
          15  5.872858190456387E-009  2.979950535780947E-011
          16  1.011867892234913E-009  5.091561998270380E-012
          23  2.300616633843089E-011  1.166260675644128E-013
          32  1.807946791843395E-003  9.629713001130814E-006
          38  3.198621477943585E-011  1.608019377960884E-013
          44  1.813050235506801E-003  9.635572067039591E-006
          52  4.860661691666235E-014  2.350313790491421E-016
          77  1.009705189889101E-011  5.040065385814819E-014
          83  1.756661038605666E-008  8.900458026567951E-011
          88  1.542103842134249E-014  7.447180125197389E-017
          90  2.923660004499350E-004  1.528528902683728E-006
          93  1.430805281373131E-004  7.597062720059498E-007
          97  1.634303463846794E-019  7.658661503834534E-022
          99  7.837379046941051E-006  4.047165385880237E-008
         102  1.111238933737398E-023  5.137393360469687E-026
          13
           9  8.938103654393871E-012  4.238443148123601E-014
          15  2.790458029096644E-010  1.341731493453589E-012
          16  1.779293384540808E-008  8.617692653825329E-011
          32  1.404463793108527E-007  6.958214822839533E-010
          36  2.986830411339520E-023  1.371310928373828E-025
          44  2.942964285271790E-007  1.454462974175852E-009
          52  2.232760866828530E-006  1.085983823827241E-008
          83  9.952384010527724E-005  4.887532105981638E-007
          88  7.933740752729510E-011  3.788220422474146E-013
          90  5.517326617754699E-005  2.727050365232234E-007
          93  3.106816624290788E-011  1.501759051015988E-013
          98  1.400240930540325E-009  6.700753280058501E-012
          99  2.825984290083942E-004  1.395130256947311E-006
          13
           2  2.072365812032602E-009  9.625541286078802E-012
           3  7.867164253610932E-017  3.646678583710448E-019
          12  6.361526083239787E-010  2.951473733525607E-012
          19  2.616322202019718E-016  1.206643448395417E-018
          37  1.030537509292762E-010  4.780644212830372E-013
          55  4.571969637925224E-017  2.115715611584643E-019
          57  5.315277574488377E-009  2.472565015911942E-011
          62  1.250730253179655E-009  5.807454045449258E-012
          72  1.669043550356344E-012  7.718237367602680E-015
          79  7.220993776301059E-019  3.339372733496027E-021
         100  5.252091304674872E-031  2.430157661477617E-033
         107  1.187671441121101E-017  5.488171516943743E-020
         115  2.481694486406106E-025  1.144905643616619E-027
          14
           9  3.845261258542040E-005  1.862658491740943E-007
          15  5.464645522549653E-005  2.669534849756911E-007
          16  2.494980144456407E-004  1.218291118715869E-006
          24  9.080836767729197E-028  4.183806766776308E-030
          26  3.526457567089911E-019  1.631204486538003E-021
          32  1.425444041273918E-011  6.814822724734935E-014
          36  4.255822424527775E-009  2.018590446241093E-011
          38  1.629811903674073E-030  7.486719936734012E-033
          44  2.416436211288624E-020  1.113769044459287E-022
          52  8.791465635693176E-008  4.210600778328529E-010
          83  2.019032216908770E-007  9.710272969536953E-010
          90  4.809954559084606E-016  2.234573834096243E-018
          99  9.946556882355612E-006  4.830727275395096E-008
         103  1.064117235153878E-008  5.101166378828850E-011
           1
         105  1.062660589422281E-021  4.914911719755352E-024
          17
           1  5.994011362985475E-010  3.049330739455457E-012
           9  9.422556291292363E-016  4.469670407167681E-018
          13  2.500305526685229E-022  1.157009684866024E-024
          15  3.676334379547719E-008  1.851920463909935E-010
          16  2.453062215275883E-008  1.231495014787221E-010
          23  8.960415672249394E-016  4.299083271939431E-018
          32  6.328531488380173E-004  3.317909217769154E-006
          38  4.643878029695690E-013  2.267928242550464E-015
          44  5.407520546307958E-004  2.824697752416205E-006
          52  1.517268148131484E-010  7.457770895542465E-013
          77  2.917334731433513E-016  1.387806454775344E-018
          83  6.262661500367444E-007  3.160915085685173E-009
          88  1.635033287679058E-013  7.880781265520119E-016
          90  3.374752670889335E-004  1.741208801014864E-006
          93  1.354463032033588E-005  7.057718374772568E-008
          98  6.520802629057958E-023  3.006657467157541E-025
          99  6.221430147157565E-005  3.185776481506269E-007
           8
           9  4.298297796206361E-009  1.995577759181207E-011
          16  4.729304769358326E-013  2.191653070987161E-015
          24  4.806013486128141E-018  2.216806075130290E-020
          35  3.385376107495967E-016  1.565563988341766E-018
          36  7.184283845648756E-008  3.323520538097002E-010
          52  4.393803303945556E-010  2.035478532114769E-012
          83  1.966700016783603E-013  9.099583943998758E-016
          99  1.609849243830099E-015  7.438720713672501E-018
          20
           1  2.327927222240575E-004  1.312631365975544E-006
          10  1.012229197539335E-017  4.892226406299331E-020
          13  6.420779569216974E-003  3.646308332637813E-005
          23  7.953507909613680E-005  4.472514386046662E-007
          32  4.427844868278400E-010  2.356832964693820E-012
          38  3.463871402165000E-016  1.711280125084498E-018
          44  1.961398628650693E-009  1.047646715800554E-011
          48  3.391484384296182E-011  1.779939039805994E-013
          74  8.356753284509166E-011  4.377706203232279E-013
          75  1.014110707437370E-005  5.566018519020003E-008
          76  3.816850580832534E-010  2.010411380412686E-012
          77  1.281569952955521E-006  6.996684325848432E-009
          85  8.668307080132951E-016  4.301800155209525E-018
          91  1.380886604993402E-005  7.588807214069644E-008
          93  2.148320763680746E-006  1.183874251301983E-008
          97  2.910449649711191E-009  1.543514818239456E-011
         102  2.688233040789073E-005  1.480797403604463E-007
         104  2.547708607551711E-010  1.334290085935268E-012
         113  6.774647378724228E-008  3.684151442334612E-010
         116  3.408447056649637E-006  1.860987246045388E-008
           3
          50  5.347157463870330E-022  2.469608975066700E-024
          66  1.990731842390869E-020  9.177309807964785E-023
         105  8.163242591827180E-029  3.773590984033539E-031
           4
          43  2.253395002888380E-018  1.040456545407856E-020
          46  5.277856260946439E-016  2.431900066411048E-018
          54  2.850330670859954E-014  1.315985146106164E-016
          66  5.103533702291884E-013  2.351536649184036E-015
          10
           7  5.044434922275838E-016  2.337898502343277E-018
           9  6.456494261130777E-006  3.047899996688571E-008
          15  1.007041754510135E-008  4.752673896233676E-011
          16  5.488809654967926E-007  2.597225947396232E-009
          24  1.088921356457857E-010  5.072918822923756E-013
          36  4.682977750581083E-008  2.189002540728035E-010
          52  4.105057683442590E-012  1.909676160423694E-014
          83  6.967429117809246E-015  3.232245201691882E-017
          99  3.065824939695546E-012  1.429719402869597E-014
         103  1.390733400549007E-009  6.533099248483324E-012
           9
           7  6.318860723681184E-011  2.931027544501419E-013
           9  8.982560029021461E-012  4.164784978489781E-014
          15  8.926401120862077E-023  4.130193052602302E-025
          16  6.742232037069619E-017  3.122587488230207E-019
          24  2.893881712743398E-010  1.340792791772982E-012
          36  1.179174251797363E-019  5.434285294925005E-022
          63  1.536939003421880E-011  7.105694853144337E-014
          65  1.481381775731668E-013  6.868406532591998E-016
         103  1.257840063462505E-010  5.858203707934520E-013
          14
          10  8.916805441593403E-007  4.224259006840426E-009
          18  2.436903105803741E-009  1.144632129506377E-011
          28  1.079170660059229E-008  5.057441993530749E-011
          29  1.206120895662218E-005  5.718732534008959E-008
          41  3.370103813502065E-009  1.578684017976313E-011
          50  2.353861208733551E-006  1.111894683924054E-008
          59  6.679448959467110E-016  3.094406379607043E-018
          66  4.240857460119807E-007  1.997567569718649E-009
          80  8.389483723702276E-011  3.909666803671055E-013
          81  9.837471209068920E-008  4.659305132415709E-010
          82  8.174711096838532E-009  3.844371981524940E-011
         104  1.675945667919838E-011  7.875642038957160E-014
         105  3.127594944258828E-023  1.448901920025270E-025
         116  3.467876954401041E-014  1.619258969440368E-016
           6
          72  2.193728332554096E-013  1.011968341599983E-015
          83  1.076410151468618E-018  4.961458770851436E-021
          88  2.176385636659871E-006  1.023199472128496E-008
          90  7.811505063379850E-012  3.633683238231849E-014
          98  6.274792576750573E-008  2.924314209537086E-010
         100  2.827350480008629E-008  1.320837998019602E-010
           6
           3  1.142216741443038E-030  5.284781158544794E-033
          43  3.385158511038156E-014  1.566408911227686E-016
          46  1.891267398721239E-019  8.731198539269511E-022
          54  1.189734333362888E-012  5.503746301504734E-015
          55  2.843210540707731E-023  1.313132027600862E-025
          66  1.108046138201783E-023  5.111895359734863E-026
           4
          21  7.706715438709099E-017  3.554259874932006E-019
          31  8.189663803867410E-022  3.786078771836879E-024
          53  2.436583481020035E-012  1.125646889648962E-014
         112  1.257555872593885E-021  5.815017187222825E-024
          18
           1  2.033537837795661E-012  1.019447699621899E-014
          10  1.927654562537682E-007  9.852250484648078E-010
          13  8.038432071430443E-006  4.277976193493289E-008
          19  4.668295759425758E-011  2.305992486166858E-013
          23  6.673150359229738E-019  3.153244963596682E-021
          44  1.616179417045668E-014  7.850714948723918E-017
          55  8.825621506503580E-020  4.130872092287565E-022
          59  3.061123396049626E-006  1.571980667699530E-008
          75  3.047875640251541E-003  1.614974521773455E-005
          76  2.515200138371228E-015  1.215517855124787E-017
          77  4.080860089118958E-004  2.155341239980554E-006
          81  1.403345535450580E-018  6.620064202923221E-021
          91  3.054343023829773E-003  1.616254174005959E-005
          93  2.585192874658806E-008  1.339808601615566E-010
          97  2.149460458104391E-004  1.125596286264765E-006
         102  2.913944489288659E-003  1.546113808828264E-005
         104  2.808905179499835E-004  1.468417440522398E-006
         116  6.430242036169800E-004  3.386606996771615E-006
           0
           9
          12  2.496491106114756E-016  1.152349381625349E-018
          47  1.529132429158148E-013  7.061007514338315E-016
          57  2.746871289517925E-017  1.271317158572508E-019
          62  2.510109917909939E-015  1.161004296522435E-017
          72  4.618862784317489E-009  2.143173750895081E-011
          88  9.508531634399321E-008  4.445930517752520E-010
          98  1.667499829107539E-014  7.694957614839032E-017
         100  1.416502146817291E-007  6.611258244369311E-010
         115  1.216040442692808E-017  5.597929463470480E-020
          15
           4  1.431263544302589E-004  7.072890070233691E-007
           5  7.585213520746644E-007  3.700541007038087E-009
          14  1.680625684316291E-008  8.127965176656496E-011
          33  8.306975423768641E-027  3.840185666975018E-029
          34  2.560122241118116E-008  1.259013147901283E-010
          48  1.658459042496651E-010  8.062908191067807E-013
          49  1.734180135894153E-009  8.362460346275665E-012
          67  4.104317925914986E-012  1.953236048033570E-014
          69  4.060428626334494E-008  1.984847097313924E-010
          73  2.723659223513019E-006  1.331377451588950E-008
          74  2.171135583701426E-008  1.065514733347021E-010
          85  2.249884744650737E-006  1.121367390176908E-008
          95  1.171425714479426E-026  5.400018379494208E-029
         110  3.242224784993293E-024  1.492754963321050E-026
         113  9.690601144414549E-012  4.676691320407033E-014
           5
           5  1.796591283053348E-017  8.277599094121771E-020
           8  2.793084046943434E-013  1.290727849369808E-015
          14  1.508673954280975E-009  6.983199891927461E-012
          39  6.309859470192314E-014  2.903328693599369E-016
          73  1.497190121203304E-013  6.906432266940475E-016
           1
           3  1.664567543853476E-022  7.707354467681372E-025
          11
          15  7.700420527194927E-008  3.787909661456545E-010
          16  1.892079625589042E-012  9.020082806200147E-015
          26  1.021723394810057E-003  5.127708882737967E-006
          34  5.736269344515150E-015  2.710309524371754E-017
          38  4.621026479705408E-006  2.323340475593827E-008
          48  1.161463711366911E-015  5.461595689859350E-018
          69  1.042055555441230E-022  4.808167024772443E-025
          94  4.714363120783057E-011  2.257274080720175E-013
         103  1.015763485454892E-006  4.999054665271480E-009
         109  7.324949996923051E-009  3.569502248931826E-011
         110  1.894288123781929E-013  8.943900094073100E-016
          12
           7  5.673857488178043E-015  2.621222600426030E-017
           9  1.526997831354003E-006  7.148453641956565E-009
          15  1.392587230578868E-010  6.500585284157519E-013
          16  3.362859585891179E-008  1.575173525256398E-010
          24  2.693734357544556E-010  1.248719359275085E-012
          35  5.487295920414469E-023  2.534509928240502E-025
          36  3.402808307259151E-008  1.579660530711439E-010
          52  1.046515050195460E-013  4.832692678263229E-016
          65  5.583310895091738E-024  2.578879699153318E-026
          83  5.857018711860108E-019  2.700974045598034E-021
          99  2.379105109996608E-015  1.099089316970943E-017
         103  5.233645985880083E-011  2.437255063661902E-013
           5
          21  5.731487923262494E-021  2.636431624929672E-023
          27  6.033027024207089E-011  2.778679735668881E-013
          31  2.180901349806802E-011  1.006205693528300E-013
          63  1.136130611225422E-029  5.223925275896476E-032
         111  2.228932050823781E-010  1.027349255636380E-012
           3
          92  1.100056184990160E-023  5.081533304716025E-026
          98  1.961700307247656E-015  9.047578805570170E-018
         101  7.241505971455971E-019  3.343977687793761E-021
           9
           9  4.613738982472086E-008  2.147849878226859E-010
          15  3.557014953562679E-017  1.641033523481442E-019
          16  2.797721560612743E-010  1.301700543703158E-012
          24  1.046713742812926E-028  4.816237570589672E-031
          35  3.249358381292234E-021  1.498861889071698E-023
          36  1.650611766975714E-007  7.652886742238398E-010
          52  1.297817462186823E-007  6.039393497712275E-010
          83  3.687888048397055E-009  1.716195651802733E-011
          99  4.063476810807012E-010  1.890285119053836E-012
          13
           1  9.471374831810440E-021  4.400219075084765E-023
           9  1.985237575681159E-012  9.509217566860904E-015
          15  8.057548947941742E-009  3.974428674681630E-011
          16  5.675992843379842E-008  2.807010668012263E-010
          32  1.518031154649257E-005  7.747873107737002E-008
          44  1.964389890079816E-005  9.984184850955179E-008
          52  1.478167135584735E-007  7.281293839235113E-010
          83  2.679376429183131E-005  1.338850308835155E-007
          88  2.670675184046233E-011  1.290184874448420E-013
          90  2.407071820524966E-004  1.216271907037349E-006
          93  5.111222107656275E-008  2.571766790383918E-010
          98  4.276198704664164E-012  2.046853893661746E-014
          99  3.038637733411988E-004  1.530038488246299E-006
           4
           7  3.850401739219551E-013  1.778020628337592E-015
          24  3.149333267238817E-012  1.452035245034223E-014
          63  1.131818023443053E-019  5.210851334210386E-022
          65  4.875450322298423E-015  2.253282345290861E-017
           8
          21  1.931512029818236E-013  8.897298635454746E-016
          26  2.043163942651761E-016  9.440100000130937E-019
          27  5.827657926053164E-017  2.682283056899909E-019
          31  2.074421484889447E-010  9.606119679661381E-013
          53  2.751096953237772E-012  1.270375060474281E-014
          94  3.740044193987100E-014  1.722998231939983E-016
         109  3.690311396954794E-019  1.700379456803668E-021
         111  2.580742417755654E-012  1.191234375767358E-014
           1
         101  5.767613951384196E-030  2.664017303216511E-032
           6
           4  9.131637998939936E-012  4.228530043806247E-014
           5  6.197471337844794E-008  2.884661536992358E-010
           8  1.144426328904645E-017  5.283876059667288E-020
          14  4.159950697653551E-007  1.940203194328439E-009
          39  2.679917889641187E-012  1.235227716336350E-014
          73  3.126512339431557E-007  1.457102778926054E-009
           7
           9  3.800246410813274E-010  1.764932607188697E-012
          16  2.751159415004304E-014  1.275100003226492E-016
          35  3.668161159838469E-021  1.698140699038963E-023
          36  2.696582309864828E-008  1.249032523393077E-010
          52  2.284518923764242E-008  1.062505137189563E-010
          83  1.831946835623515E-010  8.517172468400090E-013
          99  1.232051080679738E-012  5.715763607898660E-015
           4
          21  2.251294641372879E-029  1.038575810686000E-031
          27  1.648628062224534E-013  7.609223895351528E-016
          31  1.765699076288739E-013  8.165423957448474E-016
         111  2.279380868210664E-012  1.052752421841073E-014
          11
          11  4.377407345939918E-012  2.037194241408328E-014
          17  3.142614622466168E-008  1.460713678009339E-010
          22  7.035925019216820E-015  3.252923168202856E-017
          25  1.201709600252370E-011  5.570436374421337E-014
          30  2.869664897495104E-023  1.323551949512741E-025
          33  1.414596036775942E-012  6.562710450731026E-015
          45  1.686266924833538E-011  7.797535537452055E-014
          60  6.039410483621139E-010  2.806278528869836E-012
          61  7.035182889686741E-007  3.280770821872650E-009
          68  3.336150169927485E-008  1.556205025326577E-010
         106  2.397461777581502E-017  1.112650009713822E-019
          17
           1  1.698455163671709E-003  9.588055741462826E-006
          13  1.341037531856261E-004  7.521796536711000E-007
          15  1.815574391470938E-019  8.695512700886351E-022
          23  1.130452283139431E-004  6.348245080900603E-007
          32  6.458826746211577E-004  3.600432488601028E-006
          38  6.520769818969643E-008  3.535365745565719E-010
          44  5.122386138958335E-004  2.837348147479633E-006
          48  2.974929619404858E-012  1.540510275544648E-014
          75  1.092303848607243E-008  5.853196602462072E-011
          77  5.690674507687957E-007  3.095496354620348E-009
          90  3.432411351490984E-008  1.832359232083581E-010
          91  1.014363284597284E-010  5.326414276976761E-013
          93  1.451518605084986E-003  8.117351588124202E-006
          97  2.781114673816456E-010  1.459325401853832E-012
          99  2.793770706661371E-017  1.359458962461587E-019
         102  6.429916249843855E-008  3.475987308162163E-010
         116  1.152484558859566E-016  5.655657540373754E-019
           6
          47  3.055805445374894E-013  1.407075614315018E-015
          62  3.921337459275288E-027  1.809808905955145E-029
          72  3.708699673497098E-013  1.707476098872435E-015
          88  5.272547959140557E-016  2.434708458760835E-018
         100  1.471866698872249E-013  6.791409352995342E-016
         115  4.755922434667186E-017  2.185548352720353E-019
          13
           9  7.299196320546887E-017  3.398769129892666E-019
          15  2.501784103437565E-012  1.194360312266488E-014
          16  2.343917797575109E-010  1.130916836889299E-012
          32  7.062807470378455E-007  3.535996325492873E-009
          44  4.606535843094677E-006  2.304842047241208E-008
          52  1.592917160516496E-007  7.759163859046887E-010
          83  2.903863183007886E-005  1.434118087370605E-007
          88  1.133514940848540E-008  5.506162531443285E-011
          90  3.472502024971549E-004  1.734923057884918E-006
          93  8.311926614893632E-009  4.114406118870991E-011
          98  2.232838615119074E-009  1.074663322740226E-011
          99  1.038521283181054E-004  5.157066067366812E-007
         100  1.380033454789529E-017  6.413120827204861E-020
           2
          78  5.852910795357053E-020  2.706128407892932E-022
         117  1.362317154310893E-021  6.300917373355022E-024
          11
          16  8.761519560841108E-018  4.074712871437201E-020
          32  1.949586357682748E-008  9.626024921080691E-011
          44  1.527245057844105E-006  7.587450526265557E-009
          52  4.283763850838360E-009  2.063237673639994E-011
          83  3.295418661927048E-006  1.614498779549159E-008
          88  1.516334765970691E-006  7.416036850236168E-009
          90  4.133458472053342E-004  2.058351901909505E-006
          93  5.542057127482588E-009  2.727816192504213E-011
          98  3.294065568455542E-008  1.590406972855389E-010
          99  4.977780008675834E-006  2.446905676890685E-008
         100  9.243004993735586E-011  4.416009386251616E-013
          19
           2  2.763841338633376E-014  1.282103469614968E-016
           3  1.054262213688154E-012  4.912343312268006E-015
          10  1.180320140389389E-009  5.565977771032992E-012
          12  8.028542269933388E-021  3.690801392359185E-023
          19  3.231135619036836E-006  1.534196434175425E-008
          29  9.930316242217176E-014  4.614024830902203E-016
          43  2.885244419127430E-007  1.369059345828255E-009
          50  4.722544922229952E-028  2.173791718271294E-030
          54  5.704043140530452E-020  2.628806704616772E-022
          55  1.038979330702100E-006  4.936671858341528E-009
          59  8.259484657859155E-005  3.961711254082935E-007
          66  3.406434161596121E-010  1.596523353693121E-012
          75  8.675155460823224E-010  4.136119562995115E-012
          77  9.763489469935949E-013  4.585109875085327E-015
          91  1.482563082195898E-009  7.064480990802346E-012
          97  2.930711378219426E-009  1.391755688957156E-011
         102  9.597286727125346E-011  4.551405036157721E-013
         104  1.823807253216354E-006  8.769896593493540E-009
         116  1.748933307659538E-010  8.289547868075959E-013
          10
           6  5.924307328562024E-012  2.744547653712852E-014
          18  7.456362788319870E-008  3.478999434068266E-010
          28  1.587996495667572E-010  7.359751882806237E-013
          29  1.089369467802317E-023  5.044084378144965E-026
          41  1.965071332044332E-010  9.117352378420725E-013
          50  4.679427646033503E-024  2.166818204511333E-026
          80  1.173262338378751E-007  5.452890178713824E-010
          81  2.609873712515845E-011  1.216426674733386E-013
          82  2.823155342427348E-008  1.316460012843038E-010
         108  3.518727123092416E-016  1.629267696782568E-018
          14
          11  7.919013510025497E-004  4.012784296324884E-006
          13  1.856358476567943E-022  8.579106623203932E-025
          17  1.450597683777468E-019  6.719102110841271E-022
          18  1.136876491853527E-023  5.251188969671554E-026
          33  1.513771932859684E-012  7.251934698221776E-015
          61  1.495048934256077E-008  7.319711025748273E-011
          68  3.928845645164898E-009  1.918935549281280E-011
          74  5.608462409513438E-005  2.854005422338631E-007
          76  2.116406274686789E-004  1.076203169727737E-006
          81  1.033592071288025E-010  5.026498662402364E-013
          82  8.301006115398956E-015  3.924633350883444E-017
          85  1.252229633926331E-027  5.767933097779041E-030
         113  1.189918803024577E-004  6.103203336427412E-007
         116  4.886263832723445E-020  2.268465243994208E-022
           4
          88  2.530957644226399E-014  1.170727930497105E-016
          92  2.435026823253503E-016  1.123831249402777E-018
          98  5.617032719898982E-009  2.596145542135955E-011
         101  4.192293798566716E-017  1.934179483549862E-019
           1
           6  1.501040388335646E-019  6.921457553296373E-022
           9
           2  6.692260157856509E-011  3.088034739530022E-013
           3  1.612919666955660E-009  7.447137863084562E-012
          12  1.904914706315890E-028  8.759708342561270E-031
          19  1.033235232639526E-011  4.748455473597918E-014
          43  5.345038341009106E-010  2.468711772891123E-012
          54  2.159890627864577E-022  9.955111993269532E-025
          55  6.420630102133174E-010  2.962322357253047E-012
          57  7.574524178508052E-030  3.494032378582113E-032
         107  3.997727926053812E-017  1.837317669359044E-019
          15
          10  9.782504508375968E-010  4.682459721930015E-012
          11  3.227826150483368E-005  1.583552488192689E-007
          18  7.190739097953608E-007  3.476374871048111E-009
          28  3.256699318816418E-017  1.508635541948156E-019
          29  1.868803124444515E-014  8.746213224880260E-017
          41  2.465673374782472E-018  1.141223698838366E-020
          61  2.349263484923772E-009  1.120998747924540E-011
          68  2.894799738451035E-018  1.340946741532543E-020
          74  1.243928425226249E-014  5.844513726902703E-017
          76  7.619411695448678E-005  3.770183353952702E-007
          80  3.983171215440334E-008  1.907577981905063E-010
          81  3.400875118589785E-005  1.665245698321507E-007
          82  6.561537172744406E-006  3.187534200835600E-008
         113  3.296533147500698E-011  1.586092531542552E-013
         116  1.387670095196965E-012  6.591873895943697E-015
           3
          21  6.292575083711613E-016  2.901852498855426E-018
          31  4.014078874273637E-019  1.855566748753346E-021
          53  4.037795776051106E-015  1.864434513863221E-017
           3
          92  1.840392447178621E-019  8.492359526713897E-022
          98  6.501181027164863E-015  2.995363578628340E-017
         101  1.552608345436423E-017  7.161996503931772E-020
           6
           5  1.564447732562010E-018  7.208588032641122E-021
          17  2.885689985934302E-017  1.328122467767754E-019
          33  8.106188918167971E-011  3.749588483077844E-013
          68  7.029561212468187E-015  3.243820346159512E-017
          71  3.461662313596656E-012  1.596117281529160E-014
         106  1.681535522342817E-016  7.788729265554732E-019
           4
          21  3.359634742919970E-017  1.546891137450301E-019
          27  1.569472773107312E-012  7.231335029799073E-015
          31  3.030558804797314E-011  1.399295250200483E-013
         111  4.953141298274971E-011  2.284105017914681E-013
           0
           8
           5  1.964649356650426E-010  9.099898184862935E-013
          14  4.992888855504959E-031  2.309719978225747E-033
          17  1.034535857961500E-024  4.768002891685048E-027
          33  1.526419480414924E-009  7.085304423426872E-012
          68  9.874179455673775E-015  4.563726387738533E-017
          71  6.892769909805231E-014  3.182847533925314E-016
          73  4.479111686762091E-012  2.072132377387622E-014
         106  9.886765147195150E-031  4.585794553758772E-033
          19
           1  4.032915369832015E-006  2.208295104775505E-008
          10  3.457592585186903E-015  1.689660806891264E-017
          13  7.128049964568308E-004  3.948187577416270E-006
          19  3.676479556717585E-030  1.686531305223199E-032
          23  4.050833565005643E-008  2.178843505592740E-010
          32  4.769303366168423E-009  2.519727597467303E-011
          44  8.768811960183530E-007  4.704590628363181E-009
          59  1.514440667401422E-011  7.666826727463660E-014
          75  1.016049462106609E-003  5.539685589977734E-006
          76  4.979350417315252E-027  2.304371407314860E-029
          77  1.103426827647194E-003  6.018769719154893E-006
          90  1.310352202480722E-013  6.522645569258930E-016
          91  2.933893381746318E-004  1.593643003000898E-006
          93  1.587055320349806E-004  8.698699163856968E-007
          97  8.939903393758658E-005  4.812193183800293E-007
         102  1.630515567184549E-003  8.897296190555541E-006
         104  2.284219187224752E-007  1.205216767169827E-009
         113  2.243227286105795E-028  1.035463460956038E-030
         116  1.055658140778461E-005  5.668994626066742E-008
          19
           1  1.504507679901342E-003  8.588431550538150E-006
          13  4.072885771703619E-004  2.315089371936061E-006
          23  4.155696850758055E-003  2.376914043725049E-005
          32  1.881786316122728E-009  1.015352341832905E-011
          34  5.013674346232434E-008  2.723463253555643E-010
          38  2.344346877347885E-007  1.289334407591350E-009
          44  8.659126812878397E-012  4.525767741134030E-014
          48  5.331921943022883E-005  2.980091265510947E-007
          69  1.623960371762213E-028  7.476784748243721E-031
          74  1.024495605699268E-007  5.581043547782081E-010
          75  2.116830104234384E-013  1.085128647258475E-015
          76  7.648396605198193E-015  3.850402601827223E-017
          77  3.414579262202396E-015  1.712244281305411E-017
          85  1.761398906756784E-006  9.712956700278128E-009
          91  4.866528021564620E-013  2.503845668117099E-015
          93  5.225534528453062E-009  2.836255997000526E-011
         102  7.658047676862853E-012  4.003348635540360E-014
         113  1.504721668163890E-006  8.318388254414330E-009
         116  1.944746744153484E-014  9.834445617338696E-017
           0
          15
           1  5.318115116266795E-008  2.789956351632938E-010
           9  1.152939940957574E-016  5.479210413794930E-019
          15  3.141056059307180E-005  1.632372635419916E-007
          16  8.347354821332505E-008  4.253603115948711E-010
          23  4.045393258658520E-008  2.119860391151200E-010
          26  7.047563820237855E-005  3.677971733382092E-007
          32  2.240313066731189E-006  1.177089785536690E-008
          34  8.115286062614503E-013  4.011520335887163E-015
          38  1.168721876802184E-003  6.219466250559246E-006
          44  3.417501373290251E-011  1.715137691448797E-013
          48  8.686680990753823E-010  4.425114465433824E-012
          93  1.113466931758703E-015  5.370938477240311E-018
          99  1.319704935580937E-013  6.419872488204635E-016
         103  1.163548337742864E-008  5.881592387443655E-011
         109  2.647381479639541E-016  1.262230493018980E-018
          18
           1  1.948536539004385E-007  1.046658145030368E-009
           4  5.624429241406246E-010  2.869059630295144E-012
          13  2.205883920534338E-013  1.110382461292698E-015
          23  2.832094238964112E-005  1.549027998281680E-007
          26  5.917081577285255E-012  2.977257930921109E-014
          34  2.240596952250179E-003  1.213041435125321E-005
          38  1.130786262142206E-005  6.070098800066156E-008
          48  4.645500158042440E-003  2.530437184737316E-005
          49  2.187763462607154E-009  1.119466461366895E-011
          67  4.571604079260929E-012  2.285994122854298E-014
          69  1.416760531399053E-005  7.506096642516196E-008
          74  9.749881885202907E-010  5.046707362660301E-012
          85  1.271624546622406E-003  6.895089764252038E-006
          94  1.512913086082504E-012  7.517574247818974E-015
          95  3.904896148777586E-015  1.896380015139060E-017
         109  6.183597731004636E-008  3.213850803401162E-010
         110  1.645089597133485E-009  8.410242076608900E-012
         113  1.729335683702047E-010  8.922390358761818E-013
           9
          17  2.565879217474650E-010  1.185836973097213E-012
          22  1.937897181443778E-013  8.959946536934850E-016
          25  2.604281495037359E-011  1.205187407988881E-013
          30  8.616533630974140E-022  3.975734110203605E-024
          45  3.097106738366240E-011  1.429815459707173E-013
          60  3.344003028354246E-010  1.548751023297227E-012
          61  2.990381800595404E-009  1.384384406422461E-011
          68  4.462457411050608E-012  2.066469323310306E-014
         106  2.745149864473636E-022  1.274401789210151E-024
          13
           9  3.395204760118104E-008  1.636917177718414E-010
          15  7.861568220577042E-008  3.828061721858607E-010
          16  2.116270202967327E-006  1.034274703267097E-008
          32  2.591488695045290E-008  1.275801893481223E-010
          36  1.224312477583641E-012  5.754504999123519E-015
          44  4.652425132297227E-009  2.268572538979767E-011
          52  9.905053515972625E-006  4.820908242306181E-008
          83  1.229616036032174E-004  6.028686177022675E-007
          88  1.549815419700670E-019  7.181872432016366E-022
          90  1.448230218676193E-006  7.099817942813249E-009
          93  3.813181880707243E-016  1.789399281703424E-018
          98  5.212984634613335E-012  2.463424236706076E-014
          99  4.793650480099542E-004  2.364248759786401E-006
           7
           7  1.379022029841497E-012  6.379289232546707E-015
          24  4.006519700709169E-014  1.849877637754941E-016
          27  1.544291188300136E-014  7.126375725171853E-017
          63  3.345096308692009E-010  1.544363143988000E-012
          65  5.801796929461374E-016  2.685010670475623E-018
          96  4.902481518020394E-020  2.264830086298420E-022
         103  9.230779819781641E-012  4.285277778812270E-014
          17
           1  1.099313440410567E-005  5.978719351735044E-008
          13  7.906846855015939E-010  4.136958069402683E-012
          15  6.494517988653678E-008  3.375531225078558E-010
          16  1.642419643310002E-009  8.404527092070969E-012
          23  1.050100910040840E-007  5.607662129785297E-010
          26  5.309706379930264E-023  2.473298359527500E-025
          32  4.707036492128793E-003  2.563404859242096E-005
          38  1.679130095153250E-007  8.890683554416299E-010
          44  1.357369035866783E-003  7.337026300291155E-006
          52  1.183127451597535E-025  5.470634072824892E-028
          77  3.447035846452864E-012  1.737955650132600E-014
          83  3.044662418186325E-011  1.531657112394796E-013
          90  1.528841776588361E-005  8.089573657747819E-008
          93  1.744106185478741E-004  9.418043461155764E-007
          97  4.557795713883107E-026  2.103988161590862E-028
          99  5.563434522703176E-007  2.905526832735221E-009
         102  3.403304731474439E-020  1.603131728875260E-022
           2
           7  1.208125338597294E-025  5.579377080441779E-028
          24  1.677293300614885E-019  7.733581964675097E-022
          18
           2  5.456818050804068E-013  2.549267447615861E-015
           3  1.081601755262162E-011  5.071309071574375E-014
          10  8.632725373347274E-011  4.063818328696430E-013
          12  2.732035106322701E-018  1.263474124558671E-020
          19  4.605968064901410E-006  2.194386331979757E-008
          29  9.751919679266286E-016  4.529267043356189E-018
          43  5.425717801191587E-007  2.582931546577503E-009
          54  2.984841550184951E-018  1.383560279283145E-020
          55  1.853910086817790E-006  8.838624097209648E-009
          59  5.208828919883647E-005  2.503694559511841E-007
          66  6.822509511096424E-011  3.200699526396143E-013
          75  1.536424971882932E-010  7.315285594250435E-013
          77  1.483074724691849E-013  6.967445351438930E-016
          91  1.867662917523233E-010  8.889099238322107E-013
          97  1.362603244329043E-009  6.482719128023035E-012
         102  1.218460168233023E-011  5.770423930007085E-014
         104  5.189511362262992E-007  2.494592265400177E-009
         116  9.582245667085837E-012  4.530109290224419E-014
          10
          21  4.168765831253327E-023  1.920545441003303E-025
          31  7.090488539880789E-031  3.274459104619943E-033
          53  1.281240199056940E-007  5.956105760677249E-010
          67  7.557961551430801E-020  3.487261632745368E-022
          94  3.372889225653749E-009  1.566137744123678E-011
          95  3.992631113246499E-012  1.845457103662505E-014
         109  5.185540038314306E-012  2.406241636749039E-014
         110  9.364808980129434E-012  4.329933749791742E-014
         112  1.840801021683737E-010  8.535067721690023E-013
         114  1.439397817437060E-012  6.648585555234616E-015
           1
          71  6.704871737633684E-024  3.096767695080667E-026
          23
           1  1.606910135139361E-018  7.557850508193196E-021
           2  6.520103753836704E-020  3.037195927247879E-022
          10  2.295790736534649E-017  1.077436052966173E-019
          12  1.107051323898056E-009  5.456060207342151E-012
          13  4.740658022657649E-009  2.416631742717329E-011
          19  1.008522638961409E-007  5.023438597233879E-010
          32  5.830388950466823E-021  2.712078850844580E-023
          43  2.499364837708382E-027  1.154901483405573E-029
          44  9.501417313178015E-010  4.758365642318290E-012
          55  5.759201472977260E-012  2.792084046221000E-014
          57  5.843430999265621E-022  2.712817824577837E-024
          59  5.916300357580369E-007  2.977473285112842E-009
          75  4.478766145736097E-004  2.325108085894200E-006
          77  1.620159131821620E-003  8.419378548023528E-006
          88  5.234505163892130E-030  2.417582596461547E-032
          90  5.580765472699113E-014  2.680101297601796E-016
          91  3.539722159033705E-005  1.822822024420079E-007
          93  1.073057121887766E-006  5.519979804965474E-009
          97  2.271701657615153E-003  1.173163089586763E-005
         100  5.456678813116589E-015  2.595492371129103E-017
         102  3.894290292309236E-004  2.021735745453724E-006
         104  1.019811770139534E-006  5.179956080460641E-009
         116  1.504924964856440E-007  7.632180833536236E-010
          19
           1  2.079184862836578E-015  1.006234374623657E-017
          10  7.845602323818157E-006  4.017371842848581E-008
          13  2.786644480098205E-006  1.466300003718495E-008
          19  1.062686727599627E-012  5.158909561600901E-015
          23  1.152119772118808E-028  5.295092273487122E-031
          29  3.475121293383326E-014  1.674130463607819E-016
          55  1.534854634454053E-026  7.080388549581447E-029
          59  3.878756287687362E-006  1.981397997114194E-008
          66  1.697993473456644E-022  7.858459063939441E-025
          75  1.187507651953645E-003  6.239914104075561E-006
          76  6.561852987526858E-011  3.276184385181384E-013
          77  3.353724970940582E-005  1.751830119241499E-007
          81  2.022905070139282E-011  9.980250399652372E-014
          91  2.987792238411128E-003  1.571717827283944E-005
          93  3.264962683933916E-011  1.637423117455068E-013
          97  1.798372631843581E-005  9.307465046211458E-008
         102  1.046800305579195E-003  5.508441692432910E-006
         104  7.182589994070837E-004  3.740320444545541E-006
         116  2.002934277442840E-003  1.051603515603927E-005
          15
          11  5.196234805968513E-005  2.522761081685182E-007
          17  4.228050577304122E-010  1.991971619149746E-012
          18  2.689179503654039E-012  1.262104346650965E-014
          25  2.401683410381749E-021  1.110170836565808E-023
          33  7.054052743838433E-012  3.316604693387932E-014
          45  3.693152055061129E-018  1.705726485166224E-020
          60  2.449886673578438E-015  1.139264090800957E-017
          61  9.087589305477082E-006  4.356619095619429E-008
          68  1.850783437196424E-007  8.841379786837422E-010
          74  1.010614337742057E-011  4.790855003062401E-014
          76  6.671403798237854E-007  3.235858946066125E-009
          80  3.254289872554581E-014  1.512901429165492E-016
          81  7.749936652225293E-011  3.668343248639280E-013
          82  1.084521351679444E-010  5.119881164527442E-013
         113  3.803542091670626E-011  1.818262631220012E-013
          19
           1  7.127722750651901E-006  3.883730094270130E-008
          13  9.835099700995153E-014  4.933574397031005E-016
          15  2.810541860502037E-010  1.436788406014216E-012
          16  4.369342295159204E-023  2.034142940372034E-025
          23  4.642716449382914E-005  2.543600658784799E-007
          26  8.115524608318911E-006  4.298538527017988E-008
          32  3.211322405518658E-008  1.697974913709980E-010
          34  6.618163797588511E-006  3.540964217653821E-008
          38  4.039303781411846E-003  2.203322927870701E-005
          44  3.328311654200476E-015  1.632043550017100E-017
          48  9.047197857575084E-005  4.893792597602843E-007
          49  1.143831460179784E-029  5.261191417941070E-032
          69  4.238703905039135E-010  2.173068449694899E-012
          85  9.838415443949508E-008  5.194796078805036E-010
          93  1.149752637687609E-017  5.528983362328270E-020
          94  3.562113041308309E-015  1.730822440978640E-017
         103  7.250994173971704E-021  3.409181332881909E-023
         109  3.507440183593077E-009  1.806863328667336E-011
         110  1.612567747483708E-013  7.950200415480923E-016
           6
          10  3.733978350718212E-026  1.715597570852040E-028
          29  8.008801990077938E-012  3.698974179060940E-014
          46  2.671590678821049E-018  1.229807746775199E-020
          50  2.734063672741299E-011  1.262224439259460E-013
          54  3.140570031419998E-027  1.448531463470524E-029
          66  6.782709461400928E-009  3.131131712452633E-011
           1
          46  1.624246917365496E-028  7.482882359090128E-031
          13
           1  8.779423178348257E-008  4.739927821500374E-010
           4  3.705800039771616E-013  1.843554068091526E-015
          11  1.473816495544666E-010  7.541185987716610E-013
          13  1.502626995245141E-007  8.109642788437913E-010
          23  1.036674548548428E-005  5.682477738698162E-008
          34  8.270732595015692E-007  4.419145621321521E-009
          38  8.304837130286541E-015  4.108536826654529E-017
          48  4.408568973819091E-005  2.392069487442564E-007
          69  3.519030705553407E-013  1.758607278848635E-015
          74  7.827026553618447E-004  4.240271360680539E-006
          76  2.237706092048548E-009  1.166114282252269E-011
          85  1.680934817531836E-004  9.123865300053600E-007
         113  8.837275708454191E-004  4.825378806952624E-006
          13
           9  3.843965747146085E-007  1.871322241770350E-009
          15  3.493562761637138E-006  1.723499574454983E-008
          16  2.597146410591107E-005  1.280847898542952E-007
          32  2.414574435654043E-007  1.200746021842653E-009
          36  3.363621750695641E-012  1.588676038165435E-014
          44  1.044424882674207E-008  5.126592857208390E-011
          52  3.194287371865637E-006  1.560319798855235E-008
          83  4.611021030701310E-005  2.270104708444917E-007
          90  4.364227341630799E-007  2.143838718467881E-009
          93  3.550552003479480E-015  1.675965202620058E-017
          98  4.443311904690904E-017  2.062875622007887E-019
          99  5.234266761386572E-004  2.594930761722227E-006
         103  3.624525250653476E-018  1.685742670891531E-020
          14
           9  3.191390912251859E-006  1.566378115485383E-008
          15  1.388744963284847E-004  6.929676956016321E-007
          16  2.505367369564688E-004  1.246937596878254E-006
          26  4.576036458540962E-016  2.142917535494446E-018
          32  6.612599464842911E-007  3.313423302119632E-009
          36  1.891963841070484E-012  8.941436223300030E-015
          38  4.630672552471543E-013  2.214457306367765E-015
          44  2.245449810647424E-009  1.101508665351707E-011
          52  1.061237800454138E-007  5.170926302098295E-010
          83  2.036628884355756E-006  1.001251660267427E-008
          90  5.172005422160672E-009  2.520930143017719E-011
          93  5.444291397291850E-017  2.549300706148931E-019
          99  1.441611009308530E-004  7.173934804931765E-007
         103  2.645097157959118E-010  1.275693727547471E-012
          13
           4  2.821597104150559E-005  1.370147980601295E-007
           5  7.336919284272663E-006  3.543078502093881E-008
          14  2.846101733531502E-007  1.367025784248125E-009
          33  1.027841957878914E-015  4.783326738329152E-018
          34  1.875180947964028E-012  8.897337195330294E-015
          48  4.327114265414721E-018  2.003944165218333E-020
          49  1.136801229828639E-012  5.336959721548132E-015
          67  1.810664544296268E-017  8.389213727685041E-020
          69  2.260881342474978E-011  1.073584041183486E-013
          73  1.900197182522736E-005  9.192686263178408E-008
          74  5.063175202981837E-010  2.431545082315324E-012
          85  6.549206560109308E-009  3.173008999200318E-011
         113  2.768369686766608E-015  1.299426961867386E-017
           8
           4  5.590608324540720E-016  2.582780862493638E-018
           8  2.479424040924002E-014  1.148350842366101E-016
          14  7.465923447894526E-016  3.456771642100136E-018
          49  1.107195262228425E-017  5.110141228161568E-020
          67  1.902960211132531E-016  8.802076281223252E-019
          78  1.820356630340931E-013  8.420089514657954E-016
          86  4.342793085065409E-020  2.004857742133393E-022
         117  1.510619795781616E-012  6.991284617393474E-015
          12
          40  5.268582187822863E-015  2.433139007654123E-017
          49  2.384834758188049E-008  1.116480395347919E-010
          53  1.211846996871186E-007  5.666990284086268E-010
          67  2.156153517501601E-007  1.012270477150001E-009
          69  5.499629721537026E-011  2.572018423632425E-013
          78  1.284439586722257E-013  5.945833323177960E-016
          94  6.285800855913895E-007  2.949075640040677E-009
          95  2.032591493374432E-006  9.544114371834023E-009
         109  2.817739931719154E-008  1.324166216327221E-010
         110  4.534659949001708E-007  2.127925288675655E-009
         112  6.241164939440223E-008  2.919072390053450E-010
         114  2.343413813656946E-008  1.093001413199598E-010
           4
          52  3.355815830579603E-016  1.544116659723084E-018
          83  3.135468079983746E-022  1.443929502797673E-024
          98  2.982853700338109E-014  1.371249055828837E-016
         101  3.788440300157294E-023  1.743470993370250E-025
          15
           4  3.289481342320178E-018  1.516148722252634E-020
          40  5.365103638259617E-014  2.476325803681490E-016
          49  7.353884637646603E-009  3.423257479893364E-011
          53  9.152155650517729E-014  4.228555152424780E-016
          67  5.959392612680157E-008  2.781784500826872E-010
          69  1.665460046369976E-013  7.731920005664439E-016
          78  1.517924233387560E-009  7.044607396202523E-012
          89  1.817743357348671E-017  8.393168754756861E-020
          94  7.656744109393114E-012  3.543451799012058E-014
          95  5.486950122511771E-008  2.554365377983815E-010
         109  1.116826632005134E-014  5.167335840493524E-017
         110  2.265154944191006E-010  1.050476740436111E-012
         112  2.297739724945097E-010  1.066470150905947E-012
         114  9.737076868231878E-010  4.514629081744817E-012
         117  7.864242806721720E-015  3.633947201804611E-017
          10
          17  7.269246458731502E-013  3.346886716292166E-015
          20  1.147674855855985E-022  5.280092860976843E-025
          30  7.457584828657113E-018  3.433593344019102E-020
          33  3.548509828374998E-024  1.638588928309033E-026
          60  7.055961263934055E-020  3.256286525442621E-022
          61  1.625114695562022E-024  7.479985986995813E-027
          68  4.334580453152259E-017  1.999850916537992E-019
          71  1.184934770501016E-016  5.462687730847044E-019
          87  1.084304533996390E-029  4.996350760398775E-032
         106  3.693743797484207E-014  1.711144780819916E-016
