         152         104
           1
          82  2.066299768747463E-012  9.538834539035527E-015
          16
           3  4.734459927638928E-014  2.259259476452987E-016
           9  8.710618082381098E-006  4.478437162313767E-008
          20  1.246097086389311E-006  6.227562448948223E-009
          24  6.529603423034429E-004  3.360540229389630E-006
          26  2.524209370201283E-004  1.297238259088080E-006
          29  9.897882856999477E-009  4.992902108310501E-011
          34  1.927542930184183E-012  9.276385457906079E-015
          37  2.143147131211050E-011  1.060819366145431E-013
          43  7.988462702985908E-004  4.081718391747655E-006
          47  1.773746880603725E-015  8.369135521452806E-018
          52  7.851929666734219E-004  4.046377695743863E-006
          64  5.661384458809650E-018  2.650798306327666E-020
          65  2.328409699432062E-008  1.147756869901033E-010
          69  1.714278979638668E-006  8.583888402627571E-009
          77  1.700274343768818E-003  8.716797584152665E-006
          86  7.684994739140662E-009  3.783614019724112E-011
          17
           2  8.168038286144617E-007  4.289655902796440E-009
           3  3.406779645696782E-009  1.726361709913898E-011
           4  4.909911543756142E-014  2.392004625442306E-016
           9  1.289068791540852E-005  6.844622208837201E-008
          24  2.390701446190897E-007  1.244630544250223E-009
          26  4.825292099168231E-013  2.392349542843675E-015
          29  1.307901587214692E-013  6.461633444824711E-016
          31  3.724068382188120E-019  1.750777830668324E-021
          37  8.952569962014428E-008  4.716581247683672E-010
          43  1.270649995060938E-010  6.410337057465184E-013
          49  1.025472592510225E-011  5.066857563013754E-014
          52  7.458979581113228E-009  3.838626931909183E-011
          63  8.692905430690692E-007  4.504090615390520E-009
          64  1.030026900694625E-005  5.354144178213170E-008
          69  8.042367553077870E-013  3.951561151108953E-015
          77  1.080242015370699E-009  5.499062929581652E-012
          94  5.129283975511084E-018  2.437672790901452E-020
          18
           1  5.128526672158219E-006  2.538182192112525E-008
           7  4.546467921859418E-016  2.122485252612500E-018
          13  2.733010180505406E-004  1.373781430812939E-006
          15  4.982774420455254E-010  2.401647757725448E-012
          17  3.650710805223994E-005  1.824346621344103E-007
          21  3.161149373520807E-019  1.474680666897987E-021
          32  1.623647271996061E-006  8.168146729095194E-009
          39  8.082150541571089E-007  4.040562453822912E-009
          46  1.268479475272285E-016  5.981301398916720E-019
          51  1.132081182916072E-013  5.390847755310521E-016
          61  2.440296884963459E-005  1.213115354400745E-007
          68  7.362561365038360E-014  3.485843998983078E-016
          72  8.984029155778410E-007  4.529723758781482E-009
          83  4.028336742597962E-008  2.012214952702227E-010
          84  3.058537858767749E-004  1.552733211201184E-006
          85  8.283197908054162E-011  4.034603614341261E-013
          91  1.677321901571869E-010  8.269182673769338E-013
          95  1.867805916236958E-005  9.451698997436337E-008
          25
           2  1.335988578600574E-015  6.480852135200587E-018
          10  4.364081410146888E-014  2.125184849591729E-016
          12  1.634286514999942E-004  8.683321390535331E-007
          13  1.951551012113028E-015  9.441138347493073E-018
          17  6.861424032270890E-014  3.354221929647551E-016
          21  2.692511523719363E-003  1.446602010449120E-005
          22  4.901290651294661E-006  2.544968390448624E-008
          31  3.118052884613839E-015  1.509869925039423E-017
          32  1.037891453123705E-005  5.475027803349138E-008
          33  4.033339458639668E-014  1.975346665889552E-016
          37  4.381565680945547E-020  2.062853210998908E-022
          45  1.407305678191255E-005  7.322021121992746E-008
          46  1.859763147767033E-003  9.998654259541014E-006
          59  6.504837855011705E-006  3.403158309357023E-008
          72  1.301560053390777E-012  6.501749313592081E-015
          83  4.825902988594093E-005  2.568515895922071E-007
          84  2.509983813629637E-012  1.254061288009165E-014
          85  4.898572199017649E-004  2.597198645368356E-006
          89  3.155484111206841E-012  1.561276219452932E-014
          91  6.329672001436522E-012  3.195090522133542E-014
          94  1.409491199730977E-004  7.562500513025622E-007
          95  2.630697733514743E-007  1.377702603030666E-009
          96  1.734315046716242E-004  9.253695938063793E-007
         103  1.132798369697170E-016  5.406693313282691E-019
         104  4.551794106358046E-017  2.165624617111647E-019
          14
           2  1.597386286707219E-003  8.403908517530642E-006
          11  5.860035959095031E-006  2.988817196270770E-008
          12  1.172920724496754E-007  6.021514179075323E-010
          31  8.723526410965692E-004  4.534069217351621E-006
          33  1.954042005923822E-004  1.014065456646950E-006
          37  1.025760715105177E-021  4.768294374989986E-024
          53  4.474309505713953E-005  2.296729083366241E-007
          55  5.040830716828211E-005  2.593505212939058E-007
          57  5.164283879464709E-024  2.396240764932447E-026
          59  1.926324733935200E-009  9.690291111150795E-012
          63  1.735374234174679E-004  8.976285240862490E-007
          89  2.362095564987363E-017  1.115808166849279E-019
          94  1.602419619777119E-008  8.242816941867134E-011
          96  4.939970159300507E-007  2.557802835913614E-009
           5
          25  4.095488014898240E-015  1.887594023549467E-017
          50  3.675218209657482E-030  1.693095505178651E-032
          56  1.437214580535205E-026  6.639979266659231E-029
          67  2.477609421380767E-015  1.142412840652973E-017
          74  3.821268263420142E-011  1.766468599610218E-013
          16
           3  3.778443170635361E-008  1.889327920484368E-010
           9  1.177461259685972E-004  6.153088679336330E-007
          20  4.854097470439610E-008  2.431056419539039E-010
          24  1.088137980478833E-003  5.660749451308243E-006
          26  2.362108626657211E-005  1.222696084486172E-007
          29  3.125934904281343E-009  1.586498927154967E-011
          34  1.085986475630296E-027  5.014548139580400E-030
          37  3.715033935626575E-009  1.896181993959668E-011
          43  6.482451959201193E-004  3.340831388543658E-006
          49  3.370785334948818E-011  1.645492614895613E-013
          52  4.720389721849878E-004  2.456669282110179E-006
          64  3.157852125802137E-008  1.583931563274732E-010
          65  8.205719683317938E-010  4.039036188853026E-012
          69  1.540958532489244E-005  7.835838399242686E-008
          77  9.494739024733093E-004  4.918341739838103E-006
          86  6.863099823932534E-016  3.251621172821725E-018
          11
           1  3.209266739294677E-008  1.500965008743501E-010
           7  1.859771490641867E-008  8.637387235933161E-011
          13  8.119765831369170E-011  3.795823183613245E-013
          15  4.979974547600404E-008  2.320082339277609E-010
          17  1.223272303034151E-010  5.714243342888579E-013
          38  1.839897435626654E-024  8.496421266233160E-027
          61  1.263331351015157E-007  5.930751652221487E-010
          68  1.747280460414665E-009  8.140310132857590E-012
          70  2.486121671394977E-008  1.159202853387979E-010
          75  4.132625761949090E-014  1.911212951056521E-016
          97  3.825321554913829E-009  1.778701313608992E-011
          14
           9  2.753491150229066E-014  1.331911034188526E-016
          24  1.693228228393650E-015  8.075799346456507E-018
          26  5.204335461722634E-008  2.647150207057294E-010
          29  7.512574260708281E-006  3.906279745234455E-008
          37  3.601327829068242E-011  1.803629838187824E-013
          39  2.573493463886722E-005  1.327099063210435E-007
          51  7.549881587773236E-004  3.899190821481718E-006
          52  4.800709532829115E-012  2.360148082182826E-014
          54  2.402206381304085E-008  1.198235510810985E-010
          72  8.917338823271842E-008  4.561468737647306E-010
          77  9.639636704049122E-027  4.444824718732132E-029
          84  1.809459279481992E-014  8.715052643066510E-017
          91  1.642349041175910E-007  8.471523888063556E-010
          99  1.525411177670393E-008  7.588734524596864E-011
           9
           1  4.086633760460607E-009  1.918647160351327E-011
          10  2.740017974497335E-006  1.296460978118032E-008
          13  5.947971688683386E-013  2.774568874616011E-015
          17  1.245020348600111E-009  5.857211113690197E-012
          32  1.772327768262085E-019  8.202202696721682E-022
          35  4.321299083775293E-007  2.037157952280373E-009
          42  1.974465472105017E-016  9.132555288341366E-019
          45  4.982940246614044E-012  2.325086754737627E-014
          85  1.936470785084792E-014  9.016219753524150E-017
          16
           3  6.376063130534661E-012  3.137701075014973E-014
           9  7.574472136522213E-004  4.030428751740936E-006
          20  2.666269741136527E-009  1.338749465426097E-011
          24  3.387045835424921E-003  1.789720054192287E-005
          26  5.062471962100518E-004  2.670037698418930E-006
          29  2.127403377244695E-006  1.118057006089812E-008
          37  6.482771313980452E-007  3.416097603671851E-009
          43  3.609165481615274E-004  1.884644902251329E-006
          49  1.222035195103818E-020  5.687383978890784E-023
          52  2.479208691605539E-003  1.311451439112623E-005
          64  1.806834181955650E-011  8.943855230214322E-014
          65  3.990945247032406E-012  1.952097597757641E-014
          69  3.888151013661573E-007  1.981698269910711E-009
          77  1.631312156305837E-003  8.576657969360676E-006
          86  1.051736867886957E-015  5.023777994878817E-018
          91  6.686295864702175E-021  3.117431794574429E-023
           5
           7  4.929487713455937E-021  2.266508149458647E-023
          15  2.555608251209219E-013  1.178466175782262E-015
          61  2.888844648041082E-015  1.337909703844081E-017
          68  1.713361324879273E-012  7.929908840677936E-015
          74  1.354504691410358E-008  6.296375873493063E-011
           4
           3  6.631566184621202E-030  3.063486817210673E-032
           6  2.359293002887242E-012  1.087265229622252E-014
          49  3.769544812750389E-016  1.738768203771976E-018
          98  2.061910003540183E-012  9.534432266675979E-015
          22
           1  1.762184428637184E-011  8.848786640723955E-014
          10  5.772490803427798E-021  2.706060401778919E-023
          12  9.643602873615929E-009  5.043598415333058E-011
          13  6.475190357188822E-007  3.400680066996325E-009
          17  2.834689555590879E-007  1.479382875914052E-009
          21  1.081326254848123E-003  5.873601259736451E-006
          22  3.229678372593669E-013  1.603087820273037E-015
          29  5.762947858732743E-015  2.838533733694772E-017
          32  2.293160573668605E-003  1.241130158420708E-005
          37  2.162733471276679E-010  1.127837168519495E-012
          39  4.107037291929204E-011  2.094901021215278E-013
          45  1.830553949527006E-009  9.399836396619493E-012
          46  1.656784915767000E-003  9.038766728168972E-006
          59  4.922768425256192E-015  2.409168452393257E-017
          72  3.569923021214330E-005  1.927284745721742E-007
          83  4.770078550523602E-003  2.600011576350146E-005
          84  4.690805399942813E-005  2.514999633430782E-007
          85  1.025073945156310E-003  5.520947753044406E-006
          91  1.517238650162491E-005  8.231987965549930E-008
          94  1.990531287403114E-005  1.078124654524870E-007
          95  1.322013897015875E-003  7.162971143530627E-006
          96  8.358826752146111E-008  4.422997321723896E-010
           4
          30  3.557639931926487E-016  1.640599571837190E-018
          34  5.005774657961264E-017  2.315626739178405E-019
          80  6.591406520861581E-023  3.045162228058822E-025
          81  3.291115379484696E-017  1.519560718256413E-019
          18
           9  7.006346080163730E-006  3.859314579140071E-008
          21  9.911850432609278E-015  4.973344570809962E-017
          24  2.743145878385853E-008  1.470646544540032E-010
          26  2.109637190407965E-006  1.148047325391809E-008
          29  3.163805221430683E-003  1.767443928958370E-005
          32  5.511172310314790E-012  2.842941870146622E-014
          37  6.592740668607559E-004  3.695876029811444E-006
          39  3.000959781127158E-006  1.627914602472438E-008
          46  3.677855806250061E-012  1.903563111611194E-014
          51  4.968827799885433E-007  2.669345578030682E-009
          52  1.063243897933353E-007  5.727712137662321E-010
          72  1.336171968678098E-004  7.378173790296257E-007
          77  2.029670278151150E-012  1.037243679721154E-014
          83  1.705419490269710E-008  9.178977746776370E-011
          84  5.276300046518628E-009  2.807183467202831E-011
          91  1.645261471598530E-003  9.210132945653450E-006
          94  2.689511623281123E-010  1.428394574230611E-012
          95  4.882166195259365E-009  2.602336792810390E-011
           6
           4  9.421363339917357E-007  4.416796052043854E-009
           5  7.363853176921517E-013  3.407150732349510E-015
           6  1.706502165675809E-009  7.903599087380345E-012
          49  1.690844289832357E-018  7.779667446650267E-021
          64  7.619410644719719E-014  3.527948503278126E-016
          98  9.078368151827245E-013  4.198512434931578E-015
          14
           1  8.434770012080432E-006  4.021453919209743E-008
          10  3.611718306822170E-008  1.710291209144175E-010
          13  1.493737424867863E-007  7.127883878767383E-010
          17  2.726474086557616E-006  1.304729118195699E-008
          32  5.337670497203465E-012  2.518260816164194E-014
          35  1.543006785270480E-008  7.285322920169062E-011
          45  3.686866550239925E-018  1.704773687612189E-020
          61  3.808117550144849E-012  1.783109644911010E-014
          70  9.267694153748425E-012  4.327663641480739E-014
          83  1.055135545999630E-027  4.863089261356300E-030
          84  1.417192619948397E-016  6.593235011029876E-019
          85  1.681658066276129E-012  7.904036091461383E-015
          95  1.036418477783857E-014  4.848243194974087E-017
          97  6.850818242505445E-019  3.161846032032648E-021
          12
           8  2.140206216534094E-008  1.000862024285391E-010
          20  6.671407588534202E-011  3.119021643692751E-013
          26  6.820199302736132E-022  3.159232782757795E-024
          30  5.309857613463033E-011  2.467397673643617E-013
          34  3.588724036132571E-009  1.680552955773688E-011
          40  2.829200429531880E-009  1.321448743990017E-011
          43  4.562344497577500E-016  2.119852161647757E-018
          47  2.430833017475521E-006  1.142273133976263E-008
          65  3.558887805979113E-013  1.648357400267953E-015
          71  1.225167901217400E-011  5.690459805075032E-014
          77  6.512904321046861E-017  3.019804117786328E-019
          86  1.710147144637894E-006  8.054060488722054E-009
          12
           1  1.684003728116806E-006  7.934459258781252E-009
           7  6.680253351048892E-010  3.101958559614888E-012
          13  1.497934569022395E-008  7.059617089012192E-011
          15  3.337388827893513E-009  1.555230902959238E-011
          17  4.909537627939960E-008  2.314142720437075E-010
          35  4.854697550810651E-020  2.244227706827954E-022
          61  1.178221429242131E-007  5.548308632408807E-010
          68  1.105724577909335E-011  5.139582042021642E-014
          70  4.522123762753103E-008  2.115455178656871E-010
          75  9.356686860607297E-016  4.321438901430863E-018
          84  8.443844265269456E-021  3.906116020070433E-023
          97  1.447819134215486E-009  6.740808020728713E-012
          11
           1  2.872935896419704E-016  1.328289632908446E-018
          10  2.961635057342716E-005  1.410323406823222E-007
          17  2.016214328821973E-014  9.378143087108236E-017
          21  1.316442526861776E-024  6.086964948597706E-027
          22  1.892470691977709E-009  8.935636638203498E-012
          32  4.938032550473359E-020  2.284693783424529E-022
          35  9.393912419249232E-009  4.424046885566275E-011
          45  5.823014362582199E-007  2.770918428437279E-009
          85  2.688099553821848E-011  1.267664970867169E-013
         102  8.878710622198616E-011  4.158011740987603E-013
         104  3.483671960331955E-012  1.622571751587558E-014
          18
           2  9.942651343957640E-007  5.291194631737218E-009
           3  1.087195656734939E-010  5.498039680691750E-013
           4  5.352671948929000E-026  2.483619419519870E-028
           9  1.366051871451342E-004  7.386769781303183E-007
          24  3.081754328736837E-006  1.637893646493152E-008
          26  4.550175137857431E-010  2.350617419174613E-012
          29  7.899449482746398E-010  4.111483477958114E-012
          31  6.411491611124918E-020  3.017615734233629E-022
          37  4.428609185923540E-006  2.395495289464763E-008
          43  1.111727393810466E-009  5.707727414673153E-012
          49  1.082842168371395E-014  5.272463548207240E-017
          52  2.312891949863215E-007  1.219907395596650E-009
          63  9.646145798610877E-008  5.021337862678304E-010
          64  9.683070838732976E-007  5.067912030231074E-009
          69  3.456773941025050E-013  1.711449419415928E-015
          77  1.950211980293024E-008  1.015958149244163E-010
          91  7.502926821549328E-025  3.469981989417463E-027
          94  2.601680769158732E-013  1.304650360201257E-015
           4
          36  3.547664758734092E-014  1.636965300196606E-016
          79  2.403058634747999E-019  1.108374857454879E-021
          87  1.804893523453490E-027  8.324224059390193E-030
          88  3.385791989405867E-020  1.567995392718069E-022
          15
          13  1.956431301881493E-015  9.289882053547149E-018
          29  1.201283648209059E-009  6.026443949115928E-012
          32  5.852559941185293E-018  2.750371507428509E-020
          37  2.217632251434557E-021  1.028988232698600E-023
          39  1.360407330843671E-003  7.008804630712204E-006
          51  8.826978178949749E-004  4.523125828705890E-006
          54  3.400489431356449E-007  1.696867047714693E-009
          61  8.200247216317131E-017  3.865236933463687E-019
          72  7.269436667287768E-006  3.734066776861221E-008
          74  3.579026899935435E-013  1.716067402724057E-015
          83  2.828274001037734E-016  1.342160186742402E-018
          84  3.039632824108444E-007  1.540750627632841E-009
          91  2.971942213115480E-007  1.524457018713351E-009
          95  1.252981845041735E-010  6.209292013690215E-013
          99  1.192997176867187E-018  5.568616366734860E-021
           3
          70  1.551667478711123E-023  7.151943517866838E-026
          75  9.593581720437967E-023  4.419850012043621E-025
          97  1.635192456011339E-021  7.527750303804705E-024
          17
           1  6.526800913908940E-010  3.144927107075307E-012
           7  4.126260768353584E-018  1.909329624268883E-020
          13  1.168197414072102E-006  5.761190740415915E-009
          15  3.061058655479660E-010  1.465795981471983E-012
          17  1.181810763678021E-008  5.761487667739140E-011
          32  1.126004641570058E-010  5.469722840934030E-013
          39  2.470541959847914E-005  1.236643425520781E-007
          51  2.258947455027507E-008  1.107687180148711E-010
          54  2.266848914635826E-014  1.067389656613515E-016
          61  5.169257012712251E-006  2.545332813437959E-008
          68  5.568483381899335E-013  2.636481632845898E-015
          72  2.593749601003959E-007  1.292179414922355E-009
          74  2.680618240973778E-012  1.273387426627562E-014
          83  6.365597256908715E-013  3.051812045728627E-015
          84  2.129511170541750E-005  1.065457622399104E-007
          91  2.225920910987245E-011  1.083599317701465E-013
          95  5.807162194319410E-008  2.877032835122209E-010
           4
           8  8.923636860011021E-009  4.138553292391045E-011
          40  1.185696680128986E-014  5.481751166355011E-017
          47  6.210136555803244E-010  2.876726257909819E-012
          99  3.606296265330532E-012  1.670524732398529E-014
           4
          25  2.653522162321339E-017  1.225578824239025E-019
          56  4.043528447522741E-028  1.872065437844816E-030
          67  2.893326654905720E-013  1.336957177850975E-015
          74  1.698830480495307E-026  7.861877054695843E-029
           7
          39  9.486613175146388E-022  4.382390722789988E-024
          51  7.582128618103725E-010  3.568169648116441E-012
          54  6.911720785105548E-006  3.264784234551851E-008
          67  6.902466687658408E-012  3.201047821915926E-014
          74  4.338988919746952E-012  2.015752899436617E-014
          82  1.559506591282500E-007  7.300387925514387E-010
          99  4.008564453087746E-009  1.877233492730372E-011
           5
           8  6.090322711272538E-009  2.820758924305971E-011
          40  4.043940721953794E-013  1.870633183536862E-015
          47  3.510610126269654E-010  1.624565979092610E-012
          71  3.426058384122461E-022  1.582708725410419E-024
          99  9.769376126621524E-018  4.514575090207417E-020
           8
           7  2.705216124889429E-014  1.248068933754442E-016
          15  7.602966363652037E-010  3.542258020356264E-012
          39  9.425609599072502E-015  4.391179777454004E-017
          51  7.868217136388942E-025  3.631991313162121E-027
          54  2.228128324025816E-015  1.031759946702065E-017
          61  3.787412800656324E-009  1.780202085127261E-011
          68  4.101698083810925E-010  1.915586647771314E-012
          74  7.857648301128934E-008  3.690445351661745E-010
           9
           8  5.216801334035558E-012  2.404541248349199E-014
          20  2.555009302724436E-018  1.180054859079533E-020
          30  1.724741637422766E-010  7.950143887438749E-013
          34  9.004519661617631E-011  4.165164384182693E-013
          40  5.070568692566943E-010  2.341772510007362E-012
          47  9.495928037855295E-010  4.383102747666014E-012
          65  1.016608388228965E-021  4.674151257706453E-024
          71  7.817922357822262E-011  3.605674552329475E-013
          86  2.837617587420844E-009  1.313438369637631E-011
           4
           4  1.159574128751001E-011  5.376893146465597E-014
           5  6.365015342594912E-012  2.941952566601385E-014
           6  8.448911767338034E-012  3.890730193587786E-014
          98  5.100100344862700E-012  2.356187427506262E-014
           2
          62  5.699677810180832E-017  2.625238707813386E-019
          88  3.385221837931304E-024  1.563321064118820E-026
           5
          14  3.997743638721222E-014  1.844090389613948E-016
          36  3.987971138959999E-014  1.840406842821422E-016
          57  2.297718969762448E-029  1.063939989707842E-031
          79  8.295372060363396E-012  3.827254782339815E-014
          88  1.302203026353496E-018  6.031581655194099E-021
           2
          15  8.262133131782812E-027  3.799941080227030E-029
          68  8.565018695508456E-018  3.952514352659745E-020
           0
           2
           7  2.225542280373499E-027  1.022134978489737E-029
          68  1.258896539566957E-020  5.808631434378984E-023
          21
           2  3.304692735954933E-018  1.606626556482068E-020
           9  2.037949359744664E-004  1.138651426542562E-006
          21  1.121975569776090E-014  5.668953333789880E-017
          24  1.874719108127496E-006  1.025986127046507E-008
          26  1.098553492985378E-005  6.055782311601440E-008
          29  3.901291375104498E-003  2.195338747983508E-005
          32  4.245178047748041E-015  2.126376828901842E-017
          37  3.604294149900347E-003  2.044370641116585E-005
          39  7.107758315190327E-009  3.807611600513230E-011
          43  2.129666305319717E-015  1.060303807405002E-017
          46  3.514205394292795E-012  1.832457056071188E-014
          51  6.612310454785913E-010  3.487769555605733E-012
          52  3.033419400617547E-006  1.661941193555401E-008
          72  7.539526548169732E-006  4.172109504940978E-008
          77  1.658544418898008E-009  8.795444461306407E-012
          83  1.487166504127667E-009  7.975916082371354E-012
          84  2.132014373868549E-012  1.100448646644013E-014
          91  4.799900447647028E-004  2.699546785253864E-006
          94  8.047998706394275E-009  4.364223526573126E-011
          95  2.473411653537535E-011  1.297315748260411E-013
          96  1.037520551585466E-024  4.839076052856919E-027
           4
           8  4.023770426107078E-020  1.858369764432556E-022
          40  3.428521883167140E-014  1.585315102710578E-016
          47  1.120803344715140E-021  5.172621479625320E-024
          71  8.331721446287872E-015  3.849327337195403E-017
           4
          11  5.929453941298401E-015  2.746112639336504E-017
          27  1.468753203077787E-021  6.792774728302528E-024
          53  4.272004834345375E-023  1.975642916211192E-025
          93  5.840976673688516E-013  2.707356910164316E-015
           8
          15  9.688083233825500E-014  4.487286371781411E-016
          39  1.210703237836225E-012  5.681104448244961E-015
          51  2.199193000943398E-014  1.024131206727791E-016
          54  3.399975897266361E-010  1.593390015617399E-012
          61  6.506076924111764E-012  3.042126662591446E-014
          67  5.493594840034267E-023  2.537460106567819E-025
          68  4.728575042444154E-014  2.196130386939655E-016
          74  1.143752230824333E-006  5.397657048770698E-009
          16
           2  1.556279533239661E-007  8.358491752555689E-010
           3  4.266712652270619E-016  2.080536925599380E-018
           9  1.681915603675622E-003  9.317274412605775E-006
          24  4.678035439791778E-005  2.543045805465492E-007
          26  4.102563288975992E-007  2.205790137499076E-009
          29  2.968505312453222E-006  1.620449274144271E-008
          37  3.531220803011381E-004  1.968082195756848E-006
          43  6.121611494079360E-009  3.217886968888427E-011
          52  1.026040122247760E-005  5.571474481446880E-008
          63  5.650855185102986E-011  2.908750593678606E-013
          64  1.086573580911371E-009  5.642874033868524E-012
          69  2.401800223505590E-015  1.179430429427617E-017
          77  3.684411303747246E-007  1.967808066620737E-009
          91  1.267264090790126E-010  6.661288924215815E-013
          94  3.450454452029155E-010  1.820771055266251E-012
          96  1.203126474463411E-020  5.704812029942015E-023
           6
           8  1.355827328077355E-007  6.302803408836831E-010
          40  2.732743004939753E-011  1.265293599862085E-013
          47  1.052059388848642E-007  4.892382173533692E-010
          71  1.694511996497533E-017  7.812743542623551E-020
          86  7.427321180025048E-014  3.433792978011628E-016
          99  7.454043700149575E-012  3.452514335830426E-014
           6
           4  8.172054271345384E-007  3.839297270403452E-009
           5  5.879151099618460E-014  2.724234200164475E-016
           6  3.233557954014598E-011  1.497356072507131E-013
          64  7.239932258337741E-017  3.351259566792914E-019
          93  1.359679267075725E-022  6.284479274006540E-025
          98  6.624721455293366E-016  3.065415648842736E-018
          16
           2  9.377126213183195E-009  4.804400677689822E-011
           3  1.881508499836823E-007  9.557523578600586E-010
           4  1.287036116044931E-013  6.246037594851220E-016
           6  1.309692178290101E-020  6.083046858084616E-023
           9  1.329965192860810E-005  7.009064518029107E-008
          24  1.203181462500678E-006  6.237122098448410E-009
          26  8.902277343983696E-012  4.433560829157608E-014
          29  1.831002769538818E-014  8.915637739243556E-017
          37  1.045751501831580E-008  5.427797792823870E-011
          43  1.223550686864466E-008  6.209626502307046E-011
          49  2.458190912341143E-009  1.228526654766986E-011
          52  5.281156696357292E-008  2.714288464231948E-010
          63  3.700243463160903E-008  1.882090893431816E-010
          64  5.085718884511691E-005  2.632863218844825E-007
          69  1.086785026575979E-009  5.440715223287415E-012
          77  2.944828346965199E-008  1.503899651137548E-010
           8
           3  2.056216216745995E-011  9.537654674391943E-014
          20  4.368621626153362E-015  2.021871100094391E-017
          49  2.908815368499923E-011  1.345633610083775E-013
          65  2.470744877801233E-012  1.140329964693277E-014
          69  1.162628847460626E-010  5.398888355576092E-013
          73  7.480346596923090E-019  3.451994618887631E-021
          81  7.226623414351652E-014  3.335379058796452E-016
         101  4.733331139177991E-022  2.185540410565207E-024
           8
          10  3.357361803899345E-006  1.579451556612936E-008
          22  5.341716061935231E-011  2.492023104477621E-013
          35  1.133998800630662E-009  5.286012979189411E-012
          45  1.711501432211633E-008  8.029341048249534E-011
          78  1.861861394715425E-028  8.561637339771957E-031
          85  2.736473417249051E-020  1.261145615109291E-022
         102  2.125605247986956E-009  9.907914607447190E-012
         104  9.709536960288098E-012  4.496881416176815E-014
          12
           2  1.447309268258003E-007  7.310246916855746E-010
           3  9.539667591945999E-010  4.676001431669352E-012
           4  7.304609072158822E-007  3.639762108175728E-009
           6  4.663454079331568E-013  2.226376785709078E-015
           9  8.317139740274195E-014  4.011985900947810E-016
          11  2.656031326759575E-021  1.231574122227744E-023
          24  4.816740200832347E-025  2.225418151002044E-027
          31  1.394169990208965E-015  6.600943568266432E-018
          49  7.690932751944718E-011  3.733439167779400E-013
          53  6.368172887850064E-019  2.970169802658313E-021
          63  6.820937421367709E-005  3.453044923603905E-007
          64  2.003507698235683E-005  1.009634930075878E-007
           9
           2  5.923522514307496E-016  2.757244011347278E-018
           4  3.509950781764690E-028  1.625641668992437E-030
          11  5.088361374377293E-006  2.423794153408561E-008
          14  1.678998965357194E-029  7.738736233868840E-032
          31  7.606187718581859E-011  3.582212643169399E-013
          33  5.050183442985904E-012  2.373384493994822E-014
          53  9.791505424512031E-007  4.665299647898523E-009
          55  7.278171070221793E-009  3.444080042670551E-011
          63  2.549265790384854E-008  1.210972684493339E-010
           8
          16  4.117005017683681E-009  1.900936353296434E-011
          18  2.964069899172133E-010  1.371860484376259E-012
          44  1.287511997642431E-018  5.940745493592663E-021
          62  1.819241680292830E-011  8.402996685207352E-014
          89  9.014871693975050E-016  4.160797162968253E-018
          92  4.096920181990817E-025  1.889070287429689E-027
         103  5.146008046246632E-011  2.376004400144188E-013
         104  3.093824252494997E-016  1.424959443799702E-018
          17
           1  1.982713713676182E-009  9.574597466606431E-012
           7  3.376259579029843E-016  1.571439960933866E-018
          13  1.741036486023400E-006  8.591370710151728E-009
          15  1.055490800850098E-009  5.067664697730663E-012
          17  2.322298139820493E-008  1.133899726799276E-010
          32  1.109151246020094E-010  5.385302410721993E-013
          39  1.241932330854281E-005  6.195862201829792E-008
          51  5.469166767872530E-009  2.669159199459402E-011
          54  9.020359686785500E-016  4.224282773594060E-018
          61  8.956883850126758E-006  4.408795250352709E-008
          68  3.421554994426374E-012  1.626504225007332E-014
          72  1.242429780901065E-007  6.176182553699904E-010
          74  1.352217731034715E-012  6.411848538524301E-015
          83  3.602392572836252E-013  1.723094739681334E-015
          84  1.819464369102369E-005  9.106218956010151E-008
          91  4.300559312615939E-012  2.080617985408323E-014
          95  4.886395581328094E-008  2.418803623533568E-010
           8
           3  6.939223211594675E-011  3.226796043701247E-013
          20  1.007897148892537E-013  4.675439753319638E-016
          49  7.332222359784551E-011  3.399761485522585E-013
          65  1.690568545355656E-011  7.821985135802046E-014
          69  5.556991868356617E-010  2.588132865796153E-012
          73  3.032429582024166E-019  1.401196090602160E-021
          81  1.987183987962183E-013  9.186525057947367E-016
         101  2.206067827914952E-022  1.019931908230105E-024
           2
          27  3.075329837770247E-026  1.417895582535293E-028
          93  5.514162401640674E-023  2.545443067208169E-025
           3
          35  7.824311173046843E-017  3.611708459244445E-019
          42  5.311121543201490E-023  2.449118953027042E-025
          48  1.025027674241432E-018  4.725637084142415E-021
           1
          27  3.211309672506116E-025  1.481533153765256E-027
           4
           4  3.248100076652061E-029  1.500750036479393E-031
           5  2.864213568166284E-014  1.321379762682645E-016
           6  1.239579146312725E-013  5.694995861782485E-016
          98  5.292174963505660E-012  2.440437928840469E-014
          13
           2  6.700308185612361E-004  3.486794789345101E-006
          11  2.393370906465308E-005  1.214158063953282E-007
          12  7.330921391728791E-008  3.719450766673018E-010
          31  1.159720654624696E-003  5.979939385125658E-006
          33  3.482818318724545E-004  1.793668527025270E-006
          53  1.355149913350402E-004  6.905350233426416E-007
          55  1.477171494717487E-004  7.547931557056291E-007
          57  2.716849823876573E-016  1.285926782296887E-018
          59  3.682035735915246E-009  1.840927665246874E-011
          63  9.994376625337400E-005  5.124411154992392E-007
          89  9.659020698829701E-015  4.608588681613103E-017
          94  1.471628158262369E-009  7.434994943439437E-012
          96  2.129708500501177E-007  1.089326657682815E-009
          10
           8  1.840009092576903E-018  8.492633229637231E-021
          20  4.705549521999773E-010  2.190839018236520E-012
          30  1.231523054228350E-008  5.708856999623649E-011
          34  7.866312236466028E-008  3.664191134018315E-010
          40  1.898767836921559E-012  8.785787844645338E-015
          47  3.084780559012309E-011  1.427283473111047E-013
          65  2.352577376002294E-010  1.089583854000522E-012
          71  7.009508071861968E-013  3.239955551128529E-015
          81  2.309635506406086E-021  1.066715973700659E-023
          86  7.876514760488717E-008  3.667905479588741E-010
          14
          13  2.106888533159973E-011  1.025355580446044E-013
          17  1.673597236381493E-018  7.807438843945807E-021
          29  2.370500382767941E-011  1.166947330898640E-013
          32  8.499755897058196E-014  4.083084974170772E-016
          39  1.482291677038950E-003  7.614005433222272E-006
          51  2.758528614526514E-004  1.404723687328528E-006
          54  6.051322911765571E-008  2.995213431009331E-010
          61  7.456452383562430E-012  3.605026518756099E-014
          72  1.258324129555991E-005  6.451630717155850E-008
          74  2.695317702091217E-012  1.293971538140634E-014
          83  1.187486714197718E-013  5.721217219983280E-016
          84  3.140017460755349E-006  1.594680034827953E-008
          91  2.279238367538844E-007  1.162230757823764E-009
          95  3.951707705136186E-009  1.976421663794902E-011
           7
          20  7.242524531056272E-017  3.349031829182828E-019
          34  5.575927275480363E-021  2.575973610561325E-023
          65  4.178858202823507E-013  1.925468417442110E-015
          69  2.406720284162339E-019  1.110536110890986E-021
          73  8.593688871978653E-018  3.965100439745389E-020
          81  3.941417346936512E-011  1.818532470469850E-013
         101  7.880454309098809E-017  3.638086267003661E-019
          19
          10  2.135455609207374E-010  1.020985805954205E-012
          12  5.481395632340835E-008  2.686232678242791E-010
          16  4.805233766042102E-012  2.270181488805203E-014
          18  1.937913587372252E-012  9.164768933273074E-015
          21  6.933278928896866E-009  3.397562094901154E-011
          22  4.088844068836014E-004  2.015337976091763E-006
          32  3.495559595589048E-021  1.620015001739317E-023
          45  9.529570597823273E-005  4.687340163482390E-007
          46  4.232200021088853E-010  2.061918612030325E-012
          59  1.297942292923438E-006  6.375868105344639E-009
          62  2.256906887074994E-018  1.047270421186395E-020
          83  1.660156032868883E-022  7.675113330636402E-025
          85  4.225798430566815E-009  2.056010472690441E-011
          89  7.077076107771282E-008  3.428920359636725E-010
          94  1.518268654770341E-015  7.144511878806200E-018
          96  1.620057299241355E-009  7.905096303806194E-012
         102  4.398379514134647E-012  2.081674563906754E-014
         103  4.265527722968310E-006  2.073170643528994E-008
         104  6.001362207935284E-006  2.916116595376889E-008
          15
           8  3.881468045872727E-010  1.846563236150874E-012
           9  2.127338015951586E-015  9.994442983104134E-018
          20  1.597304234251894E-011  7.586296927350217E-014
          24  4.905326694484029E-009  2.383518356070387E-011
          26  2.888870060771344E-006  1.428795391317782E-008
          29  8.368116785587288E-013  3.988652647372084E-015
          34  1.429478094413817E-014  6.690278759883180E-017
          40  1.431882312341893E-018  6.625990697526069E-021
          43  5.379422349886901E-009  2.603773457109273E-011
          47  6.656433412429903E-007  3.214564461129902E-009
          52  1.185665153423276E-007  5.819692629096598E-010
          65  6.869786443252254E-017  3.182390687707206E-019
          77  1.285661833180680E-007  6.281440525899903E-010
          86  1.012823885252869E-007  4.884493737954090E-010
          99  4.220824645199874E-009  2.024320213313728E-011
           8
          39  6.343227473406723E-008  3.064849179122913E-010
          51  2.631706443521268E-006  1.274436262605917E-008
          54  4.076744334140116E-005  1.963325526864301E-007
          67  1.161039852068756E-013  5.411083355351949E-016
          72  1.803722281396377E-030  8.313356841864386E-033
          74  2.307130068334649E-007  1.100775166108731E-009
          82  6.407868406732846E-012  3.001177938439521E-014
          99  5.726326895835248E-015  2.665806222598935E-017
          19
           1  2.944871433267154E-008  1.454891779617917E-010
          13  2.614755351813789E-005  1.322950093089590E-007
          15  5.077510049485375E-012  2.439437196177347E-014
          17  8.907791655834740E-007  4.461161123746542E-009
          21  1.260057633168303E-027  5.841726397778026E-030
          32  2.865881258460005E-007  1.449055238714941E-009
          39  6.881326096211293E-005  3.514673960897091E-007
          46  2.189062151699951E-019  1.025998280566991E-021
          51  1.898377891997880E-008  9.455438151827617E-011
          54  1.204900938692256E-022  5.590705513427993E-025
          61  3.448270753727158E-006  1.726424509375288E-008
          68  2.396687229679878E-017  1.125723902570012E-019
          72  1.584441388557703E-005  8.122084267177053E-008
          74  2.181651958212547E-021  1.014094478599301E-023
          83  2.257400111857353E-008  1.137289316563537E-010
          84  4.337435120109283E-004  2.225503341157221E-006
          85  1.908858785663306E-013  9.197632590777608E-016
          91  3.095715917713168E-008  1.569551392644844E-010
          95  1.219776660194189E-005  6.235103754152582E-008
           2
          50  1.657405377232216E-025  7.637948500781947E-028
          74  2.317142638928724E-013  1.070897564808941E-015
           3
          16  1.209914670286812E-016  5.584306547587970E-019
          18  5.201993825910709E-017  2.408376605941015E-019
          44  4.681063606642831E-030  2.164347312590063E-032
           6
           4  1.035018249065696E-006  4.857782433012871E-009
           5  4.669001440754933E-013  2.161946714843059E-015
           6  9.492019673433412E-010  4.399625608732137E-012
          49  7.379464875303727E-020  3.398242987424755E-022
          64  3.865937607685914E-014  1.791270686561291E-016
          98  3.023770784770609E-013  1.399148874011349E-015
           6
          51  6.355261424105423E-011  2.978899746060702E-013
          54  3.963685559388095E-006  1.869419319963442E-008
          67  3.048718656892248E-011  1.416051183277943E-013
          74  8.946977135905453E-012  4.159892496782936E-014
          82  1.378776229626678E-007  6.449470523683242E-010
          99  4.651864556542124E-010  2.172677565658095E-012
          20
           2  2.023801415393590E-003  1.108181922965250E-005
           9  8.262004792404762E-013  4.197550251442459E-015
          11  2.320426664577589E-011  1.177482513705358E-013
          12  4.345864087781795E-005  2.354051390566683E-007
          21  1.478735131735994E-008  7.867408265650638E-011
          29  1.968045024541057E-025  9.107883060574031E-028
          31  8.441438553376738E-005  4.544231827578584E-007
          33  1.548195176502518E-005  8.285998698425308E-008
          37  4.510227963553944E-008  2.431527889939357E-010
          46  2.697007303354254E-008  1.439552527069334E-010
          53  8.192585020527816E-009  4.261314387472148E-011
          55  1.310084208891754E-007  6.885753929076038E-010
          59  1.749822959478607E-007  9.258985582109061E-010
          63  6.853048923337911E-007  3.630630987047998E-009
          83  1.119676868114521E-013  5.625431060695712E-016
          85  1.440955497397985E-019  6.846604042294917E-022
          89  1.823551028179301E-017  8.772132711258900E-020
          91  1.548609152668463E-015  7.644770928674298E-018
          94  2.759016076363753E-004  1.516164850256539E-006
          96  2.281072113010638E-004  1.246670030354399E-006
           6
           7  3.113242445932042E-009  1.438986541392493E-011
          15  7.953028209452630E-009  3.683929492587220E-011
          61  1.890611899031713E-011  8.797184031906678E-014
          68  1.035359300656843E-008  4.809921282543556E-011
          70  2.223323325498306E-019  1.029077056068311E-021
          97  4.587196072129428E-016  2.120700961396443E-018
          20
           2  3.993978058685468E-006  2.190096358767043E-008
           9  5.183473178354600E-004  2.887349449776279E-006
          12  2.869563511769720E-015  1.425930668905630E-017
          21  1.484238516264777E-016  7.312115101712794E-019
          24  1.652365189280289E-006  8.992990528566822E-009
          26  1.450712199112812E-008  7.783971386684017E-011
          29  5.089944229692654E-006  2.808525297845255E-008
          31  3.614556102917438E-015  1.790454423813455E-017
          37  1.246718730425120E-003  7.014492641962255E-006
          43  2.129528023131910E-013  1.077700469466836E-015
          46  5.836617864600195E-014  2.960091257313245E-016
          52  3.159973463436576E-007  1.712815095931205E-009
          63  2.165210052489322E-010  1.130117054761433E-012
          64  6.890316164811678E-014  3.451789303602301E-016
          72  3.372485952479710E-014  1.702272972460412E-016
          77  8.639281474250772E-010  4.545376139094114E-012
          83  1.289027815637820E-016  6.334024147652807E-019
          91  3.364970830226641E-008  1.833321689258582E-010
          94  6.488179549874241E-007  3.563835010458930E-009
          96  5.399923728981173E-011  2.834683291595027E-013
           6
           4  9.704916263512629E-009  4.528117690509182E-011
           5  1.003454468826147E-011  4.651452601622229E-014
           6  7.253202722137365E-010  3.356281386328939E-012
          49  3.349392308789100E-023  1.545033852713412E-025
          64  2.449130829144622E-021  1.132334340544655E-023
          98  2.196002239977297E-011  1.017801643520631E-013
          18
          11  7.455050647690655E-013  3.498963377571848E-015
          12  2.211188780562140E-008  1.071392585183984E-010
          16  9.972981754382504E-013  4.668504364980320E-015
          18  2.493306880127862E-021  1.154567719543406E-023
          22  9.351523841457235E-012  4.419931851534379E-014
          31  1.236316708274225E-008  5.949385958999826E-011
          33  5.296339949593249E-007  2.570273918012133E-009
          36  9.978065639504868E-018  4.617783846201301E-020
          53  1.775506213262396E-010  8.429382762236578E-013
          55  1.537761254480781E-007  7.409074131178724E-010
          57  8.756767048041912E-006  4.228624167037782E-008
          59  8.772443840091453E-006  4.280433970739409E-008
          62  3.855136853487325E-006  1.853398195856862E-008
          88  4.297473347458325E-007  2.063820721828574E-009
          89  1.315035442725074E-004  6.383132078351864E-007
          96  3.929932291221191E-010  1.892880353620940E-012
         103  7.592748016788719E-009  3.612716185253100E-011
         104  1.183851199813533E-016  5.486257043661676E-019
           0
          17
           9  1.446784509935442E-005  7.869778828730691E-008
          24  9.641001246706449E-007  5.157359772532729E-009
          26  7.772128385101211E-005  4.210191654363110E-007
          29  4.093231269271404E-003  2.257710587144586E-005
          37  1.279535396246528E-004  7.049316458692830E-007
          39  7.252522920895500E-007  3.867015602164101E-009
          43  9.113789818110447E-015  4.497753000219904E-017
          51  2.360972659020280E-006  1.256404447799569E-008
          52  4.536569817890152E-006  2.436286602263131E-008
          72  3.890878351089835E-006  2.103256109993802E-008
          77  4.342224434989128E-009  2.264576447493819E-011
          83  5.552005663137557E-014  2.775273722311731E-016
          84  4.028443939897423E-013  2.027906882801041E-015
          91  1.074537540050149E-004  5.894490142534379E-007
          94  5.376412797705789E-019  2.564000798195565E-021
          95  1.639761247785307E-014  8.146043715055042E-017
          99  9.872965633223598E-023  4.605476605506939E-025
           7
          15  2.373219849819729E-019  1.090130179049917E-021
          25  7.872563192780274E-024  3.619807233971142E-026
          54  1.569427416180606E-014  7.241341328021731E-017
          61  6.109914507396853E-022  2.819926580882507E-024
          67  2.971617635318578E-020  1.366942598923067E-022
          68  2.193133380427515E-017  1.010893091101077E-019
          74  1.853968384880642E-007  8.619401533411226E-010
           1
          98  1.527362572691869E-017  7.051731414870932E-020
           5
           4  6.414160815179279E-023  2.972460770423100E-025
           5  2.835588609210920E-015  1.312114698668206E-017
           6  6.192001011780177E-011  2.855902146540601E-013
          49  1.655474008440675E-022  7.634131818238979E-025
          98  1.609093736895810E-010  7.445564810254775E-013
           4
           4  6.631018518626822E-015  3.068355807025350E-017
           5  1.619977234369268E-012  7.480734444046626E-015
           6  3.608411811685935E-014  1.659081858656965E-016
          98  3.625328310564380E-013  1.673103871573209E-015
           3
          14  2.831703065485601E-011  1.308186365396869E-013
          36  5.186007520626560E-026  2.396041580352012E-028
          79  2.798932822551268E-011  1.293223348754719E-013
          23
           2  2.538867001329920E-005  1.362343687819674E-007
          11  4.861956730156640E-015  2.364719220313545E-017
          12  2.517846995786510E-003  1.358599608176435E-005
          21  1.947432431208777E-005  1.048068990112225E-007
          22  1.633278205584783E-010  8.285116811520040E-013
          31  2.545900994883493E-005  1.349951082332008E-007
          32  1.881442762853434E-013  9.369209096550190E-016
          33  2.044508924788757E-005  1.083600443602880E-007
          37  6.383503476726230E-012  3.260934271675281E-014
          45  1.299585715157636E-012  6.464916992668223E-015
          46  1.642060081119167E-005  8.837133728767138E-008
          53  1.294905562594974E-010  6.558177866031363E-013
          55  6.607983474043875E-008  3.429905291607188E-010
          57  1.700692265343183E-030  7.867162404410089E-033
          59  1.540198965965183E-004  8.204284297476811E-007
          63  5.628732434604615E-013  2.793474168312101E-015
          83  2.717052764693851E-009  1.416394627850593E-011
          85  3.428463206450152E-009  1.775708256072651E-011
          89  6.259415405703917E-009  3.212240259556977E-011
          91  1.485862683838762E-016  7.208886395881247E-019
          94  1.080396292266727E-003  5.883073582144616E-006
          95  1.428237827576552E-018  6.808241083611336E-021
          96  4.084080493145283E-003  2.217507726630031E-005
           5
           3  3.375866155454239E-020  1.562710706121406E-022
           5  4.152182259036534E-021  1.924386519288373E-023
           6  7.432644008389350E-010  3.436660703668492E-012
          49  6.822668288900545E-014  3.155282277939005E-016
          98  3.290200495658828E-010  1.525540257667286E-012
           6
          10  5.830827753243384E-008  2.718216402156596E-010
          35  5.520617198651774E-008  2.569368835587972E-010
          42  3.308946243314096E-014  1.528976967444474E-016
          45  1.383082604334152E-019  6.381198712705368E-022
          48  4.949933405204561E-019  2.285122904554788E-021
         102  1.938222706308518E-018  8.957076706313123E-021
           2
           8  2.254966171086843E-016  1.040849110759554E-018
          40  1.784105011369252E-019  8.244234292114559E-022
          23
           2  5.297048304174183E-015  2.513204205138412E-017
          12  1.649091799485599E-004  8.366491945951495E-007
          16  1.892643479555712E-014  8.916442253086727E-017
          18  8.073839811517707E-021  3.742974295523177E-023
          21  3.457594789347993E-008  1.730744103648102E-010
          22  1.227865070383048E-005  6.125647954008498E-008
          31  1.794390170519899E-008  8.844329010018001E-011
          33  3.421379860404144E-007  1.702657244889574E-009
          45  1.186307867243061E-007  5.849953721762341E-010
          46  4.886825838677334E-009  2.433174988204534E-011
          53  5.719860824029218E-016  2.683688381638165E-018
          55  1.119161576622397E-009  5.456089673046671E-012
          57  3.915765760169066E-010  1.899220247393341E-012
          59  9.962671983299841E-004  5.036397811678032E-006
          62  1.201721386056953E-009  5.818427433118352E-012
          83  4.892327343361494E-025  2.253417469122370E-027
          85  1.300141883576722E-011  6.296629958780370E-014
          88  9.371754248380409E-015  4.426919411070624E-017
          89  9.847285357307037E-005  4.915613055755042E-007
          94  1.374355862349009E-008  6.875256337510760E-011
          96  2.872213802788316E-005  1.459383455852356E-007
         103  3.800654228776310E-007  1.866790511470146E-009
         104  1.300374334562695E-009  6.296494535904495E-012
           5
           4  2.505840173068669E-013  1.162617358032845E-015
           5  1.553730030158950E-015  7.189662300605980E-018
          27  3.376364285924448E-024  1.558514349860999E-026
          93  2.401450519026475E-025  1.109852323143142E-027
         100  1.237614108420535E-027  5.722057253750181E-030
          16
           3  4.746784970050553E-008  2.263960102582166E-010
           9  5.820946899481671E-022  2.688669880842315E-024
          20  1.845158121416719E-005  8.877465918813596E-008
          24  4.448329830456068E-010  2.122889985036726E-012
          26  5.344521658630259E-016  2.495877636474281E-018
          30  1.895073850088077E-020  8.742011463159459E-023
          34  4.374251574238848E-009  2.072951367112153E-011
          43  7.856093410752556E-006  3.804478077466486E-008
          49  8.882433153584184E-010  4.194907822244362E-012
          52  7.037750486041712E-011  3.350378087907210E-013
          64  8.044440449130469E-013  3.773281334948241E-015
          65  1.337887070149201E-005  6.399109469277995E-008
          69  8.180910227949025E-005  3.948028299813589E-007
          77  1.664071932499376E-007  8.015920525698200E-010
          81  1.563522902950024E-013  7.283508331442857E-016
          86  2.330362372364515E-010  1.098818223427305E-012
          16
           2  2.048272383046347E-017  9.509717491015633E-020
          11  5.563770290824909E-006  2.661651224190511E-008
          12  1.001457506928266E-019  4.630407114527803E-022
          14  6.921980437602303E-016  3.201690379465640E-018
          31  2.311611887621389E-007  1.108267846401572E-009
          33  1.366851792328384E-006  6.580335537979280E-009
          36  9.731636335042676E-013  4.530974427494102E-015
          53  8.415107453783112E-006  4.035662042705997E-008
          55  1.756630769218184E-005  8.441076467944809E-008
          57  1.758940212059047E-006  8.395936369472660E-009
          59  1.750207024450112E-012  8.224556636514635E-015
          62  1.076900663468576E-010  5.053645077395957E-013
          63  1.682882045064861E-019  7.758420140339770E-022
          79  2.139368425340990E-011  9.992242219176278E-014
          88  1.991277074119420E-007  9.469471787879885E-010
          89  8.480906420022955E-010  4.004317133055007E-012
           3
          30  1.353939148136701E-012  6.246072064171027E-015
          34  4.973844050430634E-014  2.302055268398618E-016
          86  1.225333292258546E-020  5.662378686499450E-023
           7
           3  3.690144233995493E-009  1.715786180697275E-011
           6  1.366695867830021E-011  6.298504178195718E-014
          49  1.687339311630762E-008  7.828311488519051E-011
          64  2.808070482194675E-015  1.297203073540394E-017
          65  4.519746152083633E-026  2.077221850310750E-028
          69  3.073471675644935E-012  1.422505168897439E-014
          98  6.240431047995866E-019  2.877960283401744E-021
           2
          27  4.949058391115542E-016  2.285372860987055E-018
          93  1.847789047570367E-015  8.543130853758509E-018
          12
          10  4.825155115588100E-008  2.273043574270597E-010
          16  4.045858413500759E-016  1.867477473618416E-018
          18  2.997332706198297E-013  1.393060652158097E-015
          22  1.385845082289498E-006  6.582332057177881E-009
          44  2.735251953633535E-017  1.263754372368046E-019
          45  1.616188676841162E-006  7.669216135798756E-009
          59  2.406476394621814E-027  1.110810944163401E-029
          78  1.223685317111284E-018  5.637632551548908E-021
          85  3.389429912602936E-018  1.567135068103354E-020
         102  1.287319010801073E-007  6.057067259729473E-010
         103  1.036085454313591E-008  4.860329441469203E-011
         104  2.004631918263837E-006  9.457139251514226E-009
          11
           3  1.085535019046677E-010  5.063282790695841E-013
          20  7.995435469697684E-007  3.766011297458559E-009
          30  3.912485904931000E-018  1.801105333339529E-020
          34  1.252955834455914E-009  5.849611266120710E-012
          43  1.726213005587514E-009  8.122880693148811E-012
          49  2.445062895146176E-012  1.132782835385691E-014
          65  2.047343453552513E-006  9.603290323924216E-009
          69  1.266326808794092E-006  5.969325237749696E-009
          77  9.867020248873290E-014  4.589153485530874E-016
          81  2.255764706136714E-010  1.048111540903018E-012
          86  3.533103558539527E-013  1.636660018170223E-015
          12
          16  3.033587677700658E-010  1.409059658249590E-012
          18  3.291067881780437E-014  1.524926537245554E-016
          33  6.803805784932679E-022  3.146687123492451E-024
          36  1.406102637355863E-013  6.498257053358246E-016
          55  6.622661193432894E-021  3.055653482010187E-023
          57  2.192821771207950E-007  1.029219227295673E-009
          59  5.592544699095120E-013  2.605270343959556E-015
          62  2.372652415123313E-006  1.112389060053278E-008
          88  8.797738592485624E-008  4.122929475313417E-010
          89  2.445705958843314E-007  1.148271032143652E-009
         103  3.577578611041057E-010  1.663947439596270E-012
         104  7.600223796132940E-023  3.503300071739244E-025
          22
           2  1.054791956111063E-003  5.828975260113247E-006
           9  4.597350706294648E-008  2.482660542385888E-010
          11  2.024872367337192E-018  9.702044573335893E-021
          12  1.428702383439457E-006  7.740604264585414E-009
          21  4.184239019489439E-009  2.235892642612948E-011
          24  6.259016839078296E-017  3.051526560000826E-019
          29  2.009640078920919E-011  1.048152858672583E-013
          31  1.647451199144381E-006  8.864216898097517E-009
          33  8.395380182322217E-008  4.482064424779887E-010
          37  1.269296048238846E-005  7.050686478774885E-008
          46  1.487956758029014E-008  7.994583315786594E-011
          52  7.549401838625602E-024  3.516960565323733E-026
          53  1.147919429395658E-012  5.808447573025003E-015
          55  4.653541292391217E-011  2.396347069410002E-013
          59  1.084677496389737E-010  5.623975257864296E-013
          63  2.563753148150368E-007  1.368906966682739E-009
          72  1.077385095813795E-020  5.097041054631994E-023
          83  2.835512164730892E-012  1.460127701013105E-014
          85  8.276462275095449E-023  3.868438486719601E-025
          91  1.279654721010025E-010  6.754677258192490E-013
          94  2.342103024153297E-004  1.303643813039277E-006
          96  2.124895697069207E-005  1.166185747308453E-007
           8
          11  6.625709528100521E-007  3.125574148106024E-009
          14  5.622380156622223E-015  2.599739982271375E-017
          31  9.178198006128895E-015  4.261788383168757E-017
          33  8.223909992277676E-016  3.823523675429308E-018
          53  6.317640371964262E-008  2.977517281215200E-010
          55  2.296395738778189E-010  1.076343084824415E-012
          63  7.720352768146471E-013  3.595083686685637E-015
          79  4.166040823168155E-017  1.924004621429699E-019
          12
          11  1.087156992156174E-006  5.154582669106624E-009
          14  4.878679987330630E-012  2.270992964822355E-014
          31  4.555390287650715E-010  2.148829814171799E-012
          33  4.819549163496926E-009  2.286861524790506E-011
          36  2.785769974311640E-012  1.296447533038798E-014
          53  6.891202217425107E-007  3.271389894303115E-009
          55  5.405176588118471E-007  2.568741621650652E-009
          57  8.938442869784913E-008  4.226435256193403E-010
          62  4.293428095239260E-014  1.995279116305849E-016
          79  9.391398484445149E-010  4.392930119805722E-012
          88  2.068550485519456E-008  9.757384698822273E-011
          89  4.811978570857325E-015  2.235734212980378E-017
          10
           1  1.999838094788824E-021  9.206108669879802E-024
           7  4.657824364302008E-011  2.141058968155855E-013
          15  3.031428224744119E-012  1.395213390919892E-014
          23  2.375328517841328E-028  1.096152186081190E-030
          38  6.002941006332218E-017  2.766244021891589E-019
          61  5.967508743083691E-016  2.759081969095039E-018
          68  1.647001350310239E-013  7.601672088238472E-016
          70  2.980119600235634E-010  1.375347255851704E-012
          75  4.011985100018289E-013  1.849077922430922E-015
          97  2.661182704702490E-010  1.226380667169121E-012
          13
           1  8.016206385119231E-009  3.780541650306389E-011
           7  4.022183142832978E-008  1.887295685375694E-010
          13  1.827438324096305E-008  8.677673665053816E-011
          15  2.339278371416037E-006  1.105441271015762E-008
          17  6.929967974243155E-010  3.269588280337276E-012
          39  7.436842160862546E-017  3.455376961160329E-019
          61  2.728456359760122E-005  1.302741213769420E-007
          68  2.468063876836034E-007  1.166051891328103E-009
          70  4.526983494153563E-014  2.101521295667396E-016
          74  9.512023435369155E-020  4.396254830153867E-022
          84  3.366649172695435E-011  1.591631564694747E-013
          95  2.315662890911050E-020  1.072444460022285E-022
          97  4.784857967747461E-015  2.214654933989884E-017
          10
           3  5.569353822411897E-010  2.594668376372749E-012
           6  8.057824726635928E-020  3.711885388986158E-022
          20  1.099358236455959E-014  5.096396615302465E-017
          49  7.535284805394932E-010  3.500062007285024E-012
          64  2.380747709681473E-022  1.100397138230704E-024
          65  3.395215614532443E-012  1.570200158556895E-014
          69  7.421357562606468E-010  3.458124734688855E-012
          73  4.249315673834951E-021  1.963511291934858E-023
          81  6.980965148106813E-015  3.225567831799535E-017
         101  2.444544016432356E-028  1.130206840906134E-030
           6
           7  9.870883899064707E-010  4.550566316158861E-012
          15  1.159859513124621E-009  5.357140110138204E-012
          61  2.406540933076370E-013  1.116313485398388E-015
          68  1.867408056036781E-009  8.650803337438471E-012
          70  3.637170018256726E-019  1.680748729335339E-021
          97  9.772763759391597E-016  4.510680363953011E-018
          15
           2  2.604427819732157E-005  1.327777871670902E-007
          11  4.916459616364413E-005  2.463666584771559E-007
          12  6.208087703235103E-007  3.129968542957136E-009
          31  1.414269288052799E-003  7.193982119472558E-006
          33  1.274556128944248E-003  6.486217381207381E-006
          53  2.801270462491005E-004  1.409752442565164E-006
          55  7.711496600739670E-004  3.893490703508807E-006
          57  3.557961048003769E-009  1.743126189929223E-011
          59  6.422917612592900E-007  3.218681130908969E-009
          62  1.179591345490659E-017  5.509325941800020E-020
          63  5.694189101014927E-007  2.842705510887942E-009
          88  9.753595371452138E-013  4.674887672215737E-015
          89  7.888855231663884E-009  3.878994554219335E-011
          94  1.137823279894594E-010  5.622882538666994E-013
          96  5.018679028562640E-007  2.540082005713671E-009
           7
           3  1.465682166195966E-011  6.805580952615112E-014
           4  8.510952369259951E-010  3.970202126831668E-012
           5  4.066743732366064E-014  1.882115404207303E-016
           6  4.279441970658036E-007  1.989157840328977E-009
          49  1.410059665139107E-009  6.549687360636866E-012
          64  2.657134913038550E-011  1.236459619937511E-013
          98  6.931306687923841E-009  3.221822846975551E-011
           4
          10  4.151014668226053E-015  1.919914719678673E-017
          35  4.864311114980055E-012  2.251046825195983E-014
          42  2.803699706236915E-017  1.295533635924860E-019
          48  1.387833595774465E-016  6.411464387911675E-019
           8
           3  8.747162991158597E-009  4.144593131501144E-011
           4  1.758090125089493E-005  8.422179871951288E-008
           5  8.327638382804982E-020  3.853731712449471E-022
           6  8.159068938788212E-007  3.864624362180254E-009
          49  3.754599511811239E-008  1.777952183122908E-010
          63  1.498348679053758E-012  7.010686520089998E-015
          64  2.301760165135325E-006  1.103251940866734E-008
          98  6.119337838969077E-012  2.861490736423770E-014
           8
          25  1.247868283194947E-021  5.743258253762592E-024
          39  5.448145170866734E-012  2.554954157293074E-014
          51  6.373691200609193E-011  2.989453059021951E-013
          54  2.708817074783398E-007  1.276223169467495E-009
          61  1.123375907401486E-025  5.189575109838791E-028
          67  6.021206861826237E-013  2.787425718577604E-015
          74  2.785757092593691E-006  1.313397934488757E-008
          82  2.238242354826733E-021  1.029868927914353E-023
           9
          15  1.280105266558015E-023  5.902754728202851E-026
          25  3.504329826221243E-022  1.617509067587952E-024
          39  4.933750810683109E-015  2.298334341282661E-017
          51  7.100973143383010E-015  3.300381354993519E-017
          54  3.934338505713592E-009  1.844322690783828E-011
          61  2.299812395412751E-018  1.065919289033941E-020
          67  6.654466258573430E-015  3.078084370655333E-017
          68  6.721079178122851E-023  3.109544703834967E-025
          74  1.986689208311657E-006  9.345193165799265E-009
          21
           2  3.247581611926366E-009  1.612809917253918E-011
          11  1.082479560159570E-010  5.243533112638894E-013
          12  1.910824192320249E-004  9.731408235068954E-007
          21  1.762060133347213E-010  8.686926281150099E-013
          22  1.070659895665044E-008  5.269781072001799E-011
          31  1.726429613469048E-005  8.688545689231858E-008
          33  8.971581965690735E-005  4.534741073310573E-007
          45  4.875346229034902E-013  2.330235622283359E-015
          46  1.964192806446706E-011  9.628233195939053E-014
          53  2.211684212987378E-008  1.089552407217928E-010
          55  5.227459261988282E-006  2.609226450671584E-008
          57  9.912067066377911E-008  4.884839342180474E-010
          59  9.002694380536708E-004  4.570671994838128E-006
          62  5.198865633730611E-009  2.537193190801169E-011
          85  4.294397504760397E-022  1.984724326245858E-024
          88  1.290260465448980E-010  6.250991756481893E-013
          89  1.091890106242902E-004  5.467649523701267E-007
          94  2.009516672331051E-008  1.010010576758113E-010
          96  4.989556717374881E-005  2.546013821782741E-007
         103  5.171923330047804E-010  2.507393189614037E-012
         104  7.982735603326926E-018  3.717073850597851E-020
           0
           9
           2  2.041257893965466E-012  9.678830735033558E-015
           4  8.707298284879543E-007  4.188430049129811E-009
          11  4.532362413316924E-010  2.148307838362258E-012
          31  4.425679855664386E-016  2.057118992039011E-018
          53  5.616689300954779E-011  2.656213443499384E-013
          55  1.417938771704777E-017  6.569416949885285E-020
          63  8.895378701960774E-006  4.311385073478359E-008
          64  4.952582515672189E-014  2.317206152917084E-016
          93  6.611541390925417E-021  3.056338987968097E-023
           2
          81  7.975702246093089E-015  3.677078974283178E-017
         101  9.168219927842743E-023  4.231656685582345E-025
          12
          13  3.502206649905296E-014  1.642880386028719E-016
          15  1.504953227777870E-015  6.982752017721199E-018
          39  1.099276295529594E-005  5.417871447251863E-008
          51  1.446389663618709E-006  7.060364067437863E-009
          54  1.476339303003071E-007  7.107971986712637E-010
          61  1.570387911108817E-009  7.516349890505353E-012
          68  1.039995691925468E-019  4.805582060948218E-022
          72  1.284262752993204E-010  6.185308015973090E-013
          74  1.237817466809462E-007  5.946452911688292E-010
          84  2.809744143516205E-009  1.359962783175910E-011
          91  3.351282830617486E-018  1.556496902761968E-020
          95  3.911872773823361E-017  1.822997265986940E-019
           2
           6  4.883938649579729E-023  2.256227412038448E-025
          98  2.916665065529567E-016  1.352792319440744E-018
          18
           1  1.007935348595300E-012  5.013123719910895E-015
          13  1.171229085948651E-006  6.162610084277741E-009
          17  2.854225540111782E-008  1.481239308768118E-010
          21  6.648518334926181E-008  3.527308748430954E-010
          29  6.513514331803394E-008  3.461290456466385E-010
          32  9.346863084309435E-005  5.025810660837116E-007
          37  1.511462671526953E-008  8.036201014346683E-011
          39  1.398854708839067E-004  7.512594642635841E-007
          46  4.326232906632940E-007  2.312611971766870E-009
          51  6.989492331059327E-008  3.657723616216799E-010
          61  1.620291520630406E-013  8.018804793306078E-016
          72  4.236967261827882E-003  2.309884807630954E-005
          83  2.400870756181339E-004  1.302220047816913E-006
          84  1.305071876975623E-003  7.059492522585739E-006
          85  1.503905772182821E-007  7.929859264468614E-010
          91  1.052571856475886E-003  5.760982811658054E-006
          94  5.662088521336066E-010  2.954461409418184E-012
          95  9.006425545844766E-004  4.887667167820331E-006
           2
          82  2.731525889610979E-021  1.259581515396220E-023
          99  6.432116726869582E-017  2.971116505937067E-019
           5
          51  9.475618561621673E-011  4.453073410113745E-013
          54  6.293407261981289E-007  2.971330624525969E-009
          67  1.376204330304979E-017  6.351877952815176E-020
          82  1.859214914302167E-007  8.720682422727773E-010
          99  7.137670915162918E-007  3.367494717664421E-009
          10
          16  4.640826954187322E-015  2.134940281181303E-017
          18  5.745914383659206E-012  2.653381250595171E-014
          22  1.846747133445320E-021  8.514615740947205E-024
          41  1.323442314424633E-029  6.084919525456140E-032
          44  1.254469627994248E-011  5.784428282589654E-014
          66  5.986796806890067E-017  2.759711109030926E-019
          78  7.894992826528037E-015  3.629755323581521E-017
         102  5.446953620343014E-010  2.516191055762571E-012
         103  3.191446823590217E-013  1.469387988602767E-015
         104  4.564818617844501E-010  2.105119977641129E-012
          20
           9  1.235362640713951E-016  5.979309122432302E-019
          13  2.484860964120579E-009  1.275418056968026E-011
          17  1.148682613567546E-012  5.714827392724517E-015
          21  2.350210098299522E-012  1.186176650559615E-014
          26  2.451839371128347E-016  1.188914274367392E-018
          29  4.238830049442543E-006  2.274736447349178E-008
          32  4.282081960425525E-007  2.262096135841543E-009
          37  7.902226363911262E-008  4.212807062177040E-010
          39  1.144093735457049E-003  6.141592706776640E-006
          46  1.206271851989396E-010  6.214328810570792E-013
          51  2.316461967791060E-005  1.226632399702472E-007
          54  7.698971418337398E-019  3.645298567050276E-021
          61  4.584011308119528E-018  2.185714886567150E-020
          72  3.200517832661850E-003  1.737346830460392E-005
          83  3.112592309284328E-006  1.663931605196556E-008
          84  1.589949560295819E-004  8.518480562831520E-007
          85  2.183548618162660E-012  1.095880543485356E-014
          91  1.231151394425789E-003  6.721548492945529E-006
          94  4.233445171137744E-014  2.100907756098316E-016
          95  2.716198392525035E-005  1.452804409585487E-007
           4
          14  2.312054167700305E-016  1.064748870815363E-018
          36  6.486540448826972E-014  2.988580612149435E-016
          79  8.478403159354795E-013  3.905004862738991E-015
          88  7.007381834072259E-019  3.240438581356032E-021
          19
          10  3.889157125690624E-009  1.884844444609978E-011
          12  1.242519421435440E-006  6.197681031082255E-009
          16  5.283461898330702E-019  2.443953963816840E-021
          18  2.024260682012904E-020  9.370089507844222E-023
          21  2.567933878521747E-006  1.290242295024925E-008
          22  5.558144014757365E-004  2.774205014879358E-006
          32  4.313869449740157E-011  2.091634395677297E-013
          45  3.802514499287491E-004  1.894796735642915E-006
          46  4.798819315970796E-007  2.406726137408237E-009
          59  3.469868508641358E-006  1.723847372092731E-008
          83  3.011865111379372E-011  1.461832202966848E-013
          85  2.014445899138187E-006  1.004123719823227E-008
          89  9.254772642760082E-009  4.504169281636193E-011
          94  2.558285547937134E-010  1.254429433067650E-012
          95  8.193864238126274E-019  3.811155764437259E-021
          96  1.432715354255841E-007  7.143378857230444E-010
         102  4.622252062930430E-015  2.169304045701442E-017
         103  2.047994938621408E-007  9.995035764835575E-010
         104  4.920627493882130E-007  2.401418454680732E-009
           9
          11  2.482348618614617E-019  1.145564407460551E-021
          14  1.977208113237988E-012  9.123435596862986E-015
          36  1.300053296373208E-010  6.006838378301971E-013
          53  7.197790008624853E-024  3.321744813540526E-026
          55  2.737757759087701E-023  1.263492081414176E-025
          57  2.765312065553093E-011  1.283394640838603E-013
          62  1.198789508600050E-020  5.535642801881398E-023
          79  7.519076557905942E-010  3.473988486554445E-012
          88  1.976146272148532E-010  9.174458249148262E-013
          16
           2  2.324757622730750E-003  1.233641150090752E-005
          11  1.766811327100677E-006  9.030039843683837E-009
          12  7.760137892566530E-007  4.022887760392494E-009
          21  3.699454745180978E-019  1.742122245480463E-021
          31  9.532082676702234E-004  4.978927069383085E-006
          33  2.201756180769846E-004  1.149969448420104E-006
          37  3.508029067467210E-016  1.686254699599739E-018
          46  1.135015741189165E-018  5.358975995159987E-021
          53  2.011818816671052E-005  1.037873121850378E-007
          55  3.470107092611473E-005  1.791826785555151E-007
          57  1.689208692805355E-026  7.806982989462940E-029
          59  1.265576145442788E-008  6.434544501451016E-011
          63  9.170510739913047E-005  4.769153689030225E-007
          89  6.945140618009889E-016  3.316047962895905E-018
          94  2.169248924257545E-007  1.131564615206365E-009
          96  3.087666915282401E-006  1.613763834692992E-008
           0
           8
          10  1.030745198612841E-005  4.879239426130015E-008
          17  1.877036055725249E-025  8.657339203020915E-028
          22  9.038524050359121E-010  4.246395806175215E-012
          35  2.088923344828919E-009  9.779042131305901E-012
          45  1.663444680752046E-007  7.862595119522119E-010
          85  1.885860637166076E-014  8.772003678524101E-017
         102  1.320478920827434E-009  6.175382015551456E-012
         104  3.167576681119153E-011  1.473774147152205E-013
          16
           3  1.672652990365638E-024  7.727843074342892E-027
           9  6.642734226077276E-005  3.473983470630963E-007
          20  1.770665787650670E-008  8.852258493680433E-011
          24  1.338152761412275E-003  6.972632278371224E-006
          26  1.565099653100906E-003  8.188505530163016E-006
          29  2.326260450674262E-006  1.208314934839036E-008
          34  2.348723398211641E-018  1.102082650070855E-020
          37  1.623379992145965E-008  8.340667685919836E-011
          43  2.289581990374704E-004  1.181466695806639E-006
          47  2.000817805749001E-016  9.438566289772374E-019
          52  2.107573108719696E-003  1.101667166474223E-005
          65  3.212662050374535E-011  1.568497211217997E-013
          69  2.337141128022605E-008  1.169745006903166E-010
          77  1.435556020071006E-003  7.451115638619972E-006
          86  1.975280830879059E-010  9.711716724357740E-013
          91  7.717019193000642E-025  3.555852854267178E-027
          15
           8  8.744653085403512E-009  4.154327018003895E-011
          20  1.158004777420518E-011  5.464664097056827E-014
          24  2.062022707397100E-011  9.810449909859642E-014
          26  8.091940995168035E-008  3.939016928877654E-010
          29  2.867140938287204E-021  1.322749341603085E-023
          30  5.796703795852375E-029  2.671169910567632E-031
          34  5.213776275328571E-013  2.443810736397619E-015
          40  8.921766671959708E-014  4.164149795997531E-016
          43  2.400295521411636E-010  1.145570566772660E-012
          47  2.995700092019084E-006  1.437692596016388E-008
          52  1.606997072604218E-009  7.743935889393646E-012
          65  1.149318001556472E-016  5.317901615744420E-019
          77  4.759289265133192E-009  2.288659510395066E-011
          86  3.044526217466616E-007  1.459515603551631E-009
          99  1.423889032598871E-009  6.764036033733631E-012
          17
           2  6.238926868328619E-011  3.183555509742506E-013
           3  9.079481503549471E-010  4.611148112251510E-012
           9  1.439895147725891E-003  7.812629591683051E-006
          20  1.834816945094370E-019  8.656816303681386E-022
          24  3.719721135097553E-004  1.994589299127934E-006
          26  2.586920233494833E-006  1.372562468101879E-008
          29  2.428420257606426E-007  1.288086444219183E-009
          37  1.302789080867927E-005  7.035314408164117E-008
          43  3.511550118801502E-006  1.844477974736514E-008
          49  8.387368347940372E-014  4.099517310896136E-016
          52  9.002270039543891E-005  4.813398726715973E-007
          63  7.890413643568844E-014  3.878731088817315E-016
          64  2.266863946126375E-007  1.177202486150139E-009
          69  6.379163440092602E-009  3.261987291688233E-011
          77  2.432814948688355E-005  1.288048086689812E-007
          91  9.280586030530669E-018  4.442208542188483E-020
          94  1.775777815732059E-023  8.223431255433987E-026
           5
          10  4.109739559527766E-010  1.906694405572674E-012
          35  2.641913509829891E-009  1.225126871934193E-011
          42  8.586745492688710E-015  3.967441436802516E-017
          48  1.142700419659720E-016  5.277999679861454E-019
         102  9.364541663459057E-021  4.329776628606658E-023
           2
          25  2.298121532669635E-020  1.060124656193855E-022
          67  2.683903621399128E-026  1.238616803991012E-028
           8
          10  8.640800604838479E-006  4.088539476079673E-008
          22  1.380357809632651E-009  6.490848217612923E-012
          35  1.121005662615627E-009  5.244537521800913E-012
          45  1.844517308875134E-007  8.719471308678920E-010
          85  8.718214652661253E-015  4.052571212954810E-017
         102  2.314893929702643E-009  1.083495522215535E-011
         103  1.156055174293935E-025  5.326085463310011E-028
         104  7.902842421632969E-011  3.681011428515482E-013
           2
          14  3.741835670067443E-026  1.725261708162349E-028
          79  1.375294256215772E-021  6.341496003147872E-024
           1
          42  5.181868980135160E-027  2.392527428880452E-029
          13
           1  3.559560807402610E-023  1.638450843445779E-025
           7  6.218828166055404E-014  2.875041255242389E-016
          13  1.486079515681676E-013  6.934646204472350E-016
          15  3.201858965320151E-009  1.503118954187569E-011
          17  1.387098470591901E-023  6.395256966706389E-026
          39  1.955253864452229E-009  9.315274394075320E-012
          51  7.139747215089532E-013  3.342200851292373E-015
          54  1.011574491537145E-012  4.716701462759110E-015
          61  2.028450595819068E-007  9.646385255883012E-010
          68  4.623208913154939E-010  2.170541520004031E-012
          72  3.305747760820670E-023  1.521569643397078E-025
          74  5.569834527073866E-008  2.632767727537486E-010
          84  4.456288910697108E-012  2.099994589526646E-014
          21
          12  9.763292713479715E-008  4.756664101097032E-010
          16  5.771709605014301E-009  2.746777331102669E-011
          18  3.978950380797086E-010  1.889096347787118E-012
          21  8.564210374915748E-013  4.072975895314879E-015
          22  3.834811519797778E-005  1.868709402545930E-007
          31  3.486509873832475E-022  1.606966921272606E-024
          33  3.494724715841291E-014  1.641699793088286E-016
          45  4.469271178643059E-007  2.158769583300770E-009
          46  2.834314882802198E-015  1.332427168826728E-017
          55  1.914265826397925E-027  8.828815250782172E-030
          57  1.386616611472331E-012  6.530002843609806E-015
          59  1.221813189617306E-005  5.979483606788518E-008
          62  2.882399305392859E-009  1.372609381130894E-011
          85  1.700461656616183E-016  7.920337699966462E-019
          88  1.476532068103984E-018  6.849195917926997E-021
          89  1.747631007314762E-005  8.483151655439480E-008
          94  2.657924435504948E-020  1.228217100229782E-022
          96  1.711617012148200E-009  8.293869260135939E-012
         102  1.815540867954331E-018  8.412800466891108E-021
         103  2.539598322986412E-005  1.228562744273765E-007
         104  1.792069243965918E-006  8.622186723617640E-009
          13
           9  3.963771737992308E-006  2.100071340200755E-008
          24  4.473814558432442E-006  2.347344236598960E-008
          26  5.094081084238420E-004  2.709499636570217E-006
          29  8.515874600480569E-004  4.573056177925294E-006
          37  1.929237836109900E-006  1.027941589296182E-008
          39  6.597497902103794E-009  3.390116411389297E-011
          43  9.550405076386521E-011  4.810414448204782E-013
          51  1.127918490984704E-006  5.863066120416375E-009
          52  2.839908968676776E-005  1.500306512779982E-007
          72  1.684472168347429E-009  8.675950236097308E-012
          77  2.669186152161830E-007  1.383839591801584E-009
          91  2.916360008850151E-007  1.538877076501371E-009
          99  1.458770204279989E-011  7.233759443863398E-014
           8
           7  1.659839884836714E-010  7.640803312169582E-013
          15  3.963743296585180E-011  1.827446559290317E-013
          38  2.395108014067740E-021  1.105440210094821E-023
          61  5.506370925152968E-017  2.549260258468893E-019
          68  5.589872283665480E-011  2.585062890475462E-013
          70  3.430360846523438E-016  1.583990976984077E-018
          75  1.124824722828563E-020  5.191500152583994E-023
          97  5.415853165778661E-014  2.497894669942171E-016
           8
           8  1.919276622824802E-009  8.890058450436762E-012
          20  5.077542780465805E-023  2.350121370408665E-025
          30  5.699888479216243E-012  2.632603407276650E-014
          34  4.252665824743966E-012  1.971073023289403E-014
          40  3.712451453732487E-009  1.721181781323375E-011
          47  3.588344346830568E-008  1.664677647764403E-010
          71  1.314244113041632E-010  6.080984818296866E-013
          86  4.164570571673628E-009  1.934335356240689E-011
           3
          54  6.827062550579746E-012  3.171710709812691E-014
          82  3.826882191116101E-009  1.778679765267503E-011
          99  9.273734848880679E-007  4.348574137258684E-009
          14
           8  1.551697095409569E-007  7.283359844427765E-010
          20  2.512362114639414E-013  1.167450169144165E-015
          26  1.010538249255165E-013  4.722594910957592E-016
          30  1.032857131032107E-015  4.759471359554282E-018
          34  8.456703016748319E-012  3.937255769536327E-014
          40  4.534249952335727E-010  2.115217734953988E-012
          43  4.124814950588737E-016  1.912139662031869E-018
          47  7.199313855003605E-006  3.396942705767033E-008
          52  1.893568250271343E-018  8.754735955327983E-021
          65  6.071610435902351E-019  2.790768543370723E-021
          71  3.184197427808989E-014  1.471386833427540E-016
          77  9.949878291848663E-015  4.620646565546252E-017
          86  3.791797120947428E-007  1.787159847381969E-009
          99  1.557678178933557E-012  7.231777888487286E-015
           0
          15
           8  3.649581965904803E-010  1.704811360329202E-012
          20  1.210739424866177E-007  5.727186654822977E-010
          24  1.422381537452184E-016  6.591821729722822E-019
          26  2.874177959816960E-013  1.347859734946921E-015
          30  6.910892214651611E-010  3.227101197431590E-012
          34  1.998837265323111E-007  9.436603130212970E-010
          40  9.779789745905195E-011  4.564838946793582E-013
          43  8.227756625553965E-010  3.887164791296957E-012
          47  8.834581437702718E-007  4.166001062128373E-009
          52  5.739097371472926E-014  2.682434737291292E-016
          65  6.614745993401110E-009  3.102671921841828E-011
          69  1.677164722606876E-015  7.768490425718362E-018
          71  1.804512437315176E-013  8.366001504920357E-016
          77  1.894514833560901E-010  8.937870285257022E-013
          86  1.365949084959213E-005  6.480380300364725E-008
          15
           3  1.641758048449132E-004  8.016353883944085E-007
           4  8.363847240680600E-010  3.997766188401994E-012
           6  2.092167029822358E-007  1.003298155463934E-009
           9  1.587987928700353E-016  7.409843565236199E-019
          20  6.967273317219869E-022  3.217586025139602E-024
          24  1.210699363014526E-013  5.703514170616804E-016
          43  1.459736714066925E-010  6.983631213912923E-013
          49  6.867990274991941E-005  3.339054609210480E-007
          52  1.799405093313147E-019  8.328983920368423E-022
          63  1.256961743890315E-022  5.776520627261227E-025
          64  2.896850502347415E-004  1.421952831583495E-006
          65  2.086014672160230E-023  9.588937669414583E-026
          69  2.990020705802776E-007  1.444794347932993E-009
          77  2.588600807567562E-013  1.220732631469871E-015
          98  8.402064059899645E-019  3.886008473928486E-021
          15
           2  8.978754756494963E-006  4.567600896315742E-008
          11  2.505958047831452E-005  1.253784943180213E-007
          12  1.772835327245455E-006  8.958536109307299E-009
          31  1.161049582842304E-003  5.901328690164519E-006
          33  1.410285785897568E-003  7.179269795056555E-006
          53  1.729221116300805E-004  8.710641099270740E-007
          55  7.500821338436208E-004  3.788340601145683E-006
          57  2.831929205586446E-008  1.394497058679784E-010
          59  3.123385114035057E-006  1.571328300530161E-008
          62  5.365318401481246E-014  2.549085528646205E-016
          63  5.207050735140604E-008  2.586093459710892E-010
          88  2.905727488783481E-011  1.404541050323863E-013
          89  1.039960229038762E-007  5.144524523692467E-010
          94  1.669103903413034E-010  8.269301142857167E-013
          96  1.064529353512656E-006  5.400026998071784E-009
           0
          20
           1  4.580853161185370E-006  2.309060345460396E-008
          10  1.471073366664313E-009  7.253471913399145E-012
          12  5.158976350343667E-019  2.410746276136784E-021
          13  1.441900678608592E-004  7.363099497886884E-007
          17  2.021676524403862E-004  1.031318108700886E-006
          21  1.199619404682912E-005  6.199542288742235E-008
          22  1.278095458935024E-013  6.146855566709952E-016
          32  1.388971092689553E-003  7.207981846436890E-006
          39  8.102001619821791E-015  3.877983601051958E-017
          45  2.061296239781198E-008  1.028402611929165E-010
          46  1.311716418134519E-005  6.801631662054041E-008
          61  1.050456405601135E-011  5.111564521870239E-014
          72  1.289618757932107E-007  6.576293186522012E-010
          83  2.157592958738163E-004  1.122880648059716E-006
          84  4.418444364908980E-005  2.274303586551298E-007
          85  5.451544941323051E-004  2.817795921119695E-006
          91  5.136688287066503E-010  2.584253953270575E-012
          94  2.305703233234206E-011  1.143485553649236E-013
          95  4.749478483318581E-004  2.466953109737589E-006
          96  5.474559987124268E-017  2.590384408144544E-019
           7
          10  6.912242596375790E-018  3.197746810424754E-020
          35  1.034594311529179E-017  4.788948239462012E-020
          48  8.451659466487445E-018  3.907327282834190E-020
          60  7.065667486367348E-021  3.260116001028270E-023
          78  8.277916237872085E-031  3.819189785947030E-033
          90  5.906836693978367E-029  2.727087854309537E-031
         102  2.140611792158915E-016  9.906824484969067E-019
           6
          25  1.852748302468132E-013  8.544487103014225E-016
          54  6.766576576439206E-010  3.140773361501259E-012
          56  3.769461052584299E-023  1.741585121000768E-025
          67  8.513611782969364E-010  3.936465637726041E-012
          74  3.934491605365436E-009  1.824794682385583E-011
          82  1.852555774296847E-013  8.542884509115539E-016
          13
           1  2.990487855119852E-006  1.413370902807672E-008
           7  4.387009739612817E-011  2.037196845592835E-013
          10  5.337487647031152E-026  2.470725472303555E-028
          13  2.323188330145566E-008  1.099394860674755E-010
          15  2.688326921574631E-010  1.252642122714100E-012
          17  1.186823283727881E-007  5.615002026396847E-010
          35  5.109948688574384E-015  2.371913129940994E-017
          61  3.288291581046945E-008  1.550812495758332E-010
          68  1.198034843905874E-013  5.564154755568376E-016
          70  3.457283561699666E-008  1.621174171347141E-010
          75  6.042936714878391E-017  2.795325456714458E-019
          84  8.726233290239113E-021  4.045376678305619E-023
          97  5.289584844782927E-010  2.467917313968883E-012
          10
          39  4.928523310480719E-006  2.421123891982222E-008
          51  5.240603147650832E-005  2.574674686279142E-007
          54  3.965917185089474E-005  1.927216306176441E-007
          67  1.511807167229672E-019  6.974639419615075E-022
          72  4.260138504099941E-013  2.020061527026542E-015
          74  4.057729680772908E-008  1.945497809698966E-010
          82  5.012496130066387E-014  2.337575738730553E-016
          84  1.059582588933200E-015  4.957569362223085E-018
          91  2.965102396179557E-021  1.368463299058478E-023
          99  1.051099235417935E-013  4.922318548005704E-016
          22
           2  3.377901619267610E-007  1.848715095526257E-009
           9  1.701871213306671E-010  9.078766892835367E-013
          12  1.220572689781553E-005  6.740173472851997E-008
          21  1.913404109925359E-004  1.069784437277286E-006
          22  6.686405951489933E-024  3.126533924160145E-026
          29  6.868844706439964E-009  3.722773016676207E-011
          31  2.585150843079388E-011  1.347150629938253E-013
          32  4.358157864586212E-007  2.378043327885285E-009
          33  8.417299538439739E-013  4.319166704631399E-015
          37  3.214889345751317E-005  1.808891205577745E-007
          39  1.002409196110276E-025  4.656682728042526E-028
          45  3.262659036222052E-019  1.567195051945887E-021
          46  3.963698790459389E-004  2.222718644054923E-006
          59  1.366907482613371E-009  7.245855682511694E-012
          72  3.302288596725818E-007  1.815034007518941E-009
          83  5.750694304429117E-005  3.204862094988219E-007
          84  6.487488024466474E-011  3.417307489216099E-013
          85  6.513629020713659E-007  3.549441543064025E-009
          91  1.615759993598082E-005  9.014569484120156E-008
          94  3.977303328316075E-003  2.248711609087077E-005
          95  2.374749986748828E-007  1.297250481897665E-009
          96  1.140498524440782E-004  6.356988612935229E-007
