         104
  0.200719999056840     
  0.199365122032843     
  0.198921437598114     
  0.198467091955349     
  0.199405321726544     
  0.199434277588440     
  0.199222190619952     
  0.200214561808875     
  0.197755226496411     
  0.199399660580971     
  0.198852229826142     
  0.199269536399369     
  0.198545534211349     
  0.200451871778644     
  0.201334729049850     
  0.200329301306979     
  0.199547038916425     
  0.198909291140933     
  0.199421445524729     
  0.199436036740243     
  0.197100192269656     
  0.199688440695075     
  0.199524465118216     
  0.198728826075960     
  0.199892257046422     
  0.198814703299730     
  0.199680168821133     
  0.198117211583056     
  0.197153884219083     
  0.200229421174067     
  0.200432770447095     
  0.199188963413917     
  0.198970696023824     
  0.198738304386756     
  0.198923214977645     
  0.198741201865962     
  0.193595754810164     
  0.199994811296133     
  0.198730727340034     
  0.197967188755165     
  0.199272522403224     
  0.199012379978809     
  0.199250326038317     
  0.199722115613380     
  0.200273110014621     
  0.197586444002206     
  0.198777406551213     
  0.199023458149086     
  0.199863217421194     
  0.200972185186744     
  0.200329669895433     
  0.200313300279435     
  0.199575738545022     
  0.199253076540586     
  0.199558518787197     
  0.199103739160244     
  0.198695320826308     
  0.199805008907055     
  0.199709784651339     
  0.199906415691026     
  0.199595581997013     
  0.199096406318748     
  0.200163993673585     
  0.199649243354053     
  0.200521138660634     
  0.198490035374556     
  0.199399159085551     
  0.200220642306856     
  0.198736435447065     
  0.201377572413979     
  0.199897420152041     
  0.198298005836212     
  0.200033237636286     
  0.198539828452813     
  0.200315712420614     
  0.200424955219344     
  0.199099746695380     
  0.199382988029884     
  0.199757961329565     
  0.199630772787758     
  0.200047840694676     
  0.198958907275666     
  0.198533038001222     
  0.199582646634560     
  0.199604861243029     
  0.199322696759574     
  0.200008606635072     
  0.198801615817141     
  0.201091225288765     
  0.200663492087416     
  0.196244158390278     
  0.199890747787094     
  0.198555847782671     
  0.196987468035319     
  0.199534993434433     
  0.197827662174768     
  0.198655264227661     
  0.200633294597746     
  0.200924941373500     
  0.199171491716893     
  0.199369334640447     
  0.199945993454766     
  0.199987316544985     
  0.200941122160455     
