         136
  0.177070677265649     
  0.199797853880863     
  0.199860336307609     
  1.513163863033204E-002
  0.199939826223878     
  0.174597996685262     
  0.202300159552011     
  0.195897658983598     
  0.202594323697094     
  0.197452735332859     
  0.198385527334984     
  0.199053414651913     
  0.200199419219199     
  0.202677448338265     
  0.199588634814148     
  0.202108938068070     
  0.193144116685605     
  0.198755290641808     
  0.177699305666840     
  0.200152980415285     
  8.319419600344136E-002
  0.115645870052832     
  0.193451045711742     
  5.078651057859379E-003
  0.201334778907436     
  0.200381279098061     
  0.199539880491207     
  0.199578702072367     
  0.197385429086933     
  0.201506870874207     
  0.199945649713988     
  0.199021261497815     
  0.196094361262269     
  0.199845038276288     
  0.198212267165226     
  0.201518699414863     
  0.200603450332457     
  0.202001917952527     
  0.197660532037355     
  0.201796129283210     
  0.189328792553108     
  0.199743757359941     
  0.199017709834074     
  0.197917878592120     
  0.148428209807101     
  0.198866404856355     
  0.200701996919942     
  0.200171601516132     
  0.192166712549508     
  0.197823806055852     
  0.199144915625027     
  0.198763794785402     
  2.163901460231642E-002
  0.201879579716355     
  0.198741777723941     
  2.164848164900778E-002
  0.199363100369137     
  0.200064185213144     
  0.197322900469852     
  0.164495844529696     
  0.200916737873855     
  0.196206902787585     
  0.199518588406218     
  0.199833135610952     
  0.188108253578874     
  0.198202483172430     
  0.196480019247242     
  0.201084219530093     
  6.592013570908976E-002
  4.755688068532055E-002
  0.197174069224441     
  0.199155996066851     
  0.199001342680113     
  0.200770622195941     
  0.195679437796496     
  0.198183906675808     
  0.199139336095752     
  0.198447933942285     
  0.202140017696843     
  0.198838810512616     
  0.201309094709977     
  0.199130437512370     
  0.107675919815136     
  0.197871571258731     
  0.199597683726640     
  0.201726867240469     
  0.198688339975109     
  0.200660444639633     
  0.157487618513289     
  0.201553760621941     
  1.062200977146480E-002
  0.140526381034996     
  0.200777096089859     
  0.201087585760015     
  0.200244075455672     
  0.195171271133406     
  0.200955212438456     
  0.199123447619605     
  0.201777939921742     
  0.199872113634343     
  0.198594292503664     
  0.200440341445735     
  0.198676942856660     
  0.199682156867191     
  0.198530177647769     
  0.201330093357019     
  0.199519490594223     
  0.199905379924788     
  0.199707410671195     
  0.200012800567399     
  0.199767512983778     
  0.199344395303355     
  0.101586526648078     
  1.785285798649216E-002
  0.198371415810426     
  0.197559559478835     
  0.201693770338546     
  6.867807138226516E-003
  0.200940803216796     
  0.199323886562312     
  0.199679269898546     
  0.200506303273371     
  0.197635035611276     
  0.199242801358262     
  0.196956826662233     
  0.199063698765578     
  0.198180883214902     
  0.201182382936023     
  0.165970459779406     
  0.200327679106195     
  0.198207502041988     
  0.203348220219940     
  0.199833816355905     
  0.200033116597511     
  0.201096095203846     
  0.198187185381347     
