         132
  0.199767778645859     
  0.200340863152728     
  0.199403842983769     
  0.199214760116621     
  0.200144243399068     
  0.200325304191919     
  0.198997221300143     
  0.198889674331445     
  0.200503575800836     
  0.199045809653675     
  0.198980590465922     
  0.199614738039193     
  0.199608426461559     
  0.200028032148107     
  0.198815861221773     
  0.198900289836914     
  0.200747318152891     
  0.199637926791633     
  0.199557407693673     
  0.200172394584341     
  0.198901304903376     
  0.199845358186906     
  0.199583408065879     
  0.200866167986308     
  0.200315812983980     
  0.199956827248789     
  0.199633113033706     
  0.199132868526142     
  0.200011496407144     
  0.200588446144943     
  0.199461644736204     
  0.200067264959999     
  0.199479454524994     
  0.199813726370832     
  0.200270568067131     
  0.200039177834010     
  0.201233766877282     
  0.198928377307609     
  0.198886670564457     
  0.199806669113709     
  0.198525589762151     
  0.200134579199309     
  0.199084905783801     
  0.199423665217246     
  0.198632252798160     
  0.201027823713301     
  0.200576076635930     
  0.200539023876732     
  0.198972647995157     
  0.200067427781823     
  0.199831607512368     
  0.200224154953237     
  0.200119797939314     
  0.200348682297113     
  0.198728017163786     
  0.199715491790000     
  0.200368490395202     
  0.199399691782493     
  0.199929084309610     
  0.199878818505761     
  0.199820106745771     
  0.199896406425105     
  0.199799620233517     
  0.199598535195218     
  0.199056868226408     
  0.199753846022991     
  0.199481019942793     
  0.199221642669156     
  0.199708718539881     
  0.199220343122465     
  0.199474759339471     
  0.199449509507355     
  0.199073110523784     
  0.199674724725961     
  0.200814924105090     
  0.198692981892427     
  0.198719858531273     
  0.199841026831966     
  0.198933954349386     
  0.199128915432599     
  0.198333946433460     
  0.198724213016736     
  0.200563993784303     
  0.198890002532192     
  0.199177816600918     
  0.199777834466602     
  0.199866309220686     
  0.200085014287357     
  0.200790148710744     
  0.199934296265305     
  0.199461686283639     
  0.200066275374452     
  0.198807715547412     
  0.198788440497031     
  0.197901968039999     
  0.200076382987877     
  0.199678978402906     
  0.199167984234138     
  0.198971435316014     
  0.200248573918794     
  0.199937772097625     
  0.200566629238282     
  0.200086899702806     
  0.199891750628055     
  0.200294755413603     
  0.198969264254775     
  0.200425683986273     
  0.199337972474255     
  0.198738462188554     
  0.198643792784207     
  0.198748443595790     
  0.200150095012362     
  0.200377602633933     
  0.198776980438626     
  0.199666112933464     
  0.199423274349367     
  0.199139377102907     
  0.198673842479666     
  0.201075812781288     
  0.199455980733569     
  0.198953875940790     
  0.199202052143376     
  0.199957594999923     
  0.199614378959459     
  0.199751706557344     
  0.199992777024946     
  0.201294536471241     
  0.198918352513549     
  0.200262064286312     
  0.199857864946848     
  0.198523275053662     
  0.199452179274209     
