         152
  0.188146184732271     
  0.200416628242640     
  0.201061203979830     
  8.750899746113200E-002
  0.198936994292361     
  0.121285911953984     
  0.197969823238382     
  0.199479822046158     
  0.197278153759518     
  0.199840792519201     
  0.200264968261811     
  0.199054972236123     
  0.198998804084427     
  0.199467401190695     
  0.195385831926910     
  0.182501923374188     
  0.192063488510855     
  0.198974049687980     
  0.200211832283341     
  0.145585449676433     
  0.199022873450044     
  0.199128911681474     
  0.198599452237855     
  0.199822855236468     
  0.199190946318328     
  0.196005443097065     
  0.199148826725034     
  0.199523475081361     
  0.200032720511458     
  0.200734398474839     
  0.199226614181102     
  0.200848934609569     
  0.199813407983719     
  0.199698782136704     
  0.199241741284613     
  0.199368799652425     
  0.198970476403853     
  0.200220066443541     
  0.192829889641244     
  0.199329558271069     
  0.200516185471236     
  0.199909448280927     
  0.199570538950021     
  0.200255386714944     
  0.160621373265939     
  0.200728748981020     
  0.200858437759351     
  0.199378931515905     
  0.200297312319814     
  0.189376076484140     
  0.199845780638625     
  0.199095395999281     
  0.199574850456586     
  0.198915812209988     
  0.198558000435274     
  0.199092698522919     
  0.199771445124306     
  0.198672917364114     
  0.199996256954587     
  0.199903013827873     
  0.199465818504413     
  0.200576870681478     
  0.199122019077425     
  0.199547130633396     
  0.100099206010914     
  0.175071951994327     
  0.196960325111137     
  0.199410372779825     
  0.198658688320505     
  0.199263975078918     
  0.199125952573771     
  0.198621264403744     
  0.198424164300402     
  0.198017071812322     
  0.199532375557636     
  0.199183841192291     
  0.128799128576050     
  0.200588673504706     
  0.199351297814771     
  0.199766819660886     
  0.197620012279679     
  0.198985177269709     
  0.199377707265384     
  0.199841301456691     
  0.199068993199998     
  0.200122687570238     
  0.200103338918946     
  0.198810308508387     
  0.198633179936713     
  0.198569280817021     
  0.165662394944576     
  0.200715422790999     
  0.199114870650962     
  0.192306609021196     
  0.199448044588361     
  0.199557126152688     
  0.199301487683703     
  0.199220514474377     
  0.159885914563711     
  0.199541995885074     
  0.200038311438230     
  0.199191720210006     
  0.199195038587501     
  0.199062468641031     
  0.199148431113179     
  0.200258671591530     
  0.199226200585758     
  0.199624560227002     
  0.199536272098016     
  0.199269419411906     
  0.198533138774538     
  0.193019524591834     
  0.198700132335587     
  0.199349717571747     
  0.199945353030637     
  0.198820544656596     
  0.200325587680718     
  8.710593478021392E-002
  0.200167777009169     
  0.197849741500157     
  0.199609948009318     
  0.197844893454830     
  0.197102130684189     
  0.199262356832628     
  0.199069033680397     
  0.199946618571620     
  0.198029868645920     
  0.197609011328783     
  0.199281182788423     
  0.199314108214462     
  0.200363608595151     
  0.199892232192287     
  0.199968975444007     
  0.183073421573306     
  0.199336036714670     
  0.198668875266858     
  0.201344148906785     
  0.159883329382740     
  0.199162410465958     
  0.199330087191726     
  0.199499972455462     
  0.198961480122171     
  0.199655743275922     
  0.198352496457490     
  0.199982648446024     
  0.198686152671124     
  0.198523541562771     
  0.198033293799778     
  0.199340756650156     
  0.200046163010914     
  0.199255054545472     
  0.199811668773552     
