         144
  0.199595466288259     
  0.199912058521345     
  0.200512497198795     
  0.199580731494487     
  0.199722560616053     
  0.201409249307503     
  0.167728264223480     
  0.201144091529673     
  0.198923824345265     
  0.200068433056927     
  0.199697284608195     
  0.199992457354125     
  0.200125861938226     
  0.199830039349062     
  0.183292811696578     
  0.200282356568413     
  0.198605149450164     
  0.200448677428684     
  0.198860109204006     
  0.198491718797771     
  0.199117699271628     
  0.171275935925494     
  0.196931286670914     
  0.199562408543247     
  0.200011308273371     
  0.199321815313140     
  0.198914161788616     
  0.150187239928574     
  0.199753975061354     
  0.199501771823218     
  0.199421098744237     
  0.187953449309671     
  0.200135610877662     
  0.200315332629037     
  0.200266467608168     
  0.193081876907312     
  0.199494005002668     
  0.201137561194308     
  0.199677930940798     
  0.190789704602291     
  0.199949904114601     
  0.200055243964930     
  0.199753987056733     
  0.199000113330238     
  0.199919595100431     
  0.199025233991518     
  0.154391633088896     
  0.192725784307991     
  0.199484238340876     
  0.197839039830993     
  0.199304150520885     
  0.200096278755152     
  0.199182886763040     
  0.200077158837151     
  0.199495201320739     
  0.199947303701756     
  0.200775992208219     
  0.199723838267050     
  0.197991102631609     
  0.199442834141338     
  0.200438244335349     
  0.175012357855966     
  0.199347943943701     
  0.200444450743470     
  0.199317498921081     
  0.198744886215107     
  0.200268986554556     
  0.196980341701386     
  0.199323568354659     
  0.148734062266595     
  0.199917897322497     
  0.199753337769975     
  0.198916806220769     
  0.173373728952582     
  0.189375439658706     
  0.199690803417497     
  0.199723583631693     
  0.199573851863759     
  0.200162511351130     
  0.147133347487989     
  0.131505744217813     
  0.198251951841832     
  0.199516109757144     
  0.199576162698424     
  0.199376641433928     
  0.199052115504942     
  0.199867511200728     
  0.199730746810749     
  0.125073027466740     
  0.199434806511720     
  0.198919658361374     
  0.200797903914326     
  0.199428212745556     
  0.200422238005525     
  0.199188541605741     
  0.200728118023993     
  0.133070275614696     
  0.199775483638266     
  0.137313386130101     
  0.198964597085145     
  0.186716020950581     
  0.181206770954430     
  0.200958459818990     
  0.200018241268084     
  0.200010864459609     
  0.198479492823161     
  0.198973697030748     
  0.199612269553737     
  0.195858452370820     
  0.198730702755505     
  0.132197631902305     
  0.199910422069658     
  0.199234242111345     
  0.199949149887765     
  0.152773546697892     
  0.199616661790052     
  0.200600473741080     
  0.199522993656654     
  0.196189197617448     
  0.199769373501123     
  0.199585708837924     
  0.199281582304404     
  0.199412704610122     
  0.199311494897437     
  0.199515160024313     
  0.199305923925089     
  0.197836076774504     
  0.199924761571091     
  0.200417510377887     
  0.199329366442934     
  0.200412833121406     
  0.199449649445404     
  0.199397181299218     
  0.200159340203133     
  0.200058879484117     
  0.200399006831045     
  0.198656310211205     
  0.198925579197924     
  0.170166117845241     
  0.199716276913527     
  0.163123291601946     
  0.189361461572945     
  0.199417382452572     
  0.199505503828840     
