         169
  0.198267739692500     
  0.200520676944112     
  4.241098668535152E-002
  0.202021464490350     
  0.200517084997590     
  0.201726158037613     
  0.200574609409996     
  0.198650043056797     
  0.201290223171012     
  0.201426492484281     
  0.174792161485906     
  0.200089650671941     
  0.200801925967789     
  0.111093239835566     
  0.196583046387542     
  0.201814187687452     
  0.199067252948245     
  0.200831994880972     
  0.198607855366894     
  0.142261039918773     
  0.199924601274667     
  0.200400435708289     
  0.201937945942324     
  0.199113863362488     
  0.198894632639996     
  0.200315497094777     
  0.197356564259187     
  0.201227786658019     
  0.188529211185300     
  0.200723824332286     
  5.161480289374993E-003
  0.197165072368604     
  0.198776380475256     
  0.198420609249211     
  2.552192433957410E-002
  0.155946551996207     
  0.183954264181406     
  0.200037543166132     
  0.198602997575145     
  0.200520563044304     
  0.199625968465762     
  0.191893840183746     
  0.200556093782920     
  0.200354299939618     
  0.200816205855086     
  7.040280650413284E-002
  0.200164420582547     
  0.200204719213202     
  6.554979784765259E-002
  0.198148865787942     
  0.186437975925145     
  0.199209621319390     
  0.176270060317847     
  0.197469376092398     
  0.201087336291051     
  0.202836140830851     
  0.171356229970909     
  0.196890084268976     
  0.196895486407332     
  0.200396575758176     
  0.201069360111156     
  0.197293433273945     
  0.198907298271440     
  0.201217159290250     
  0.199221262591351     
  0.201227210334054     
  0.201519262249562     
  0.198509643530945     
  0.160221661898875     
  0.197613867133905     
  0.197195599997519     
  0.198444365355207     
  0.198961745339652     
  0.106042020300765     
  0.198903344679620     
  0.181622887768153     
  0.200878010107559     
  0.198379558540921     
  0.199699687316637     
  0.200144854498702     
  2.188918871198036E-002
  0.198903852210375     
  0.199292902657852     
  0.199867187782550     
  0.201030591009562     
  0.200896487918066     
  0.198857480615859     
  0.197200031098086     
  0.196940139792372     
  0.198453845863011     
  0.201418138619385     
  0.199241093132011     
  0.187864179099242     
  0.187101823536579     
  0.112315848126785     
  0.197841912215124     
  0.198040133619194     
  0.196228050143687     
  0.198321886003159     
  0.199420695327713     
  0.200159405733535     
  0.160780182769495     
  0.197733036214957     
  0.200837425323866     
  0.198791964104510     
  0.196914022672563     
  0.196258562479699     
  0.199028920314745     
  0.201582258669898     
  0.200126075669715     
  0.196205738741015     
  0.199837144914078     
  0.199135970993250     
  0.117763352881113     
  0.197850124542707     
  0.199915841603813     
  0.200842900122925     
  0.200511834577312     
  5.808962497977350E-002
  0.201465107876242     
  0.198953644104019     
  9.973017689950367E-002
  0.200002812346863     
  0.200180406938449     
  0.179080853326999     
  8.038200890865232E-002
  0.198062790576175     
  0.197543442630323     
  0.201210428124687     
  0.200226047803804     
  0.200903515361340     
  0.199634047258296     
  0.200011933683417     
  0.199187136935254     
  0.200909553542359     
  0.201970769519898     
  0.202708916815078     
  0.202812983248250     
  0.203384589501016     
  0.199235210642098     
  0.200178704607750     
  0.197614819447604     
  0.157206834857601     
  0.201204814524710     
  0.199358164659105     
  0.200249170142449     
  3.120271244946867E-002
  0.198263291755417     
  0.198840453196269     
  0.198982676339519     
  0.197760741187910     
  0.196307287340375     
  0.197922522022785     
  0.166062550574117     
  0.200362695949964     
  0.197827908411206     
  0.200718544011945     
  0.197894121504719     
  0.157787300561605     
  0.144655519951538     
  0.200398537465721     
  0.197173722839053     
  0.167995542802969     
  0.199259850706601     
  0.122812207747289     
  0.201933868354226     
  0.195787741996200     
  0.193278916561132     
  0.201758427673504     
