         151         119
          26
           2  3.621256481094279E-014  1.676148750245907E-016
           4  3.381615931598989E-008  1.676991688638424E-010
          15  1.159622562891135E-006  5.738104613570043E-009
          18  3.256042566545036E-006  1.546267612924431E-008
          20  2.447602293019111E-015  1.137586256024711E-017
          22  3.689041427110147E-011  1.830342951476147E-013
          35  3.660186785930306E-005  1.799359212114738E-007
          36  6.644092945266430E-005  3.344906128210678E-007
          38  3.441436626411221E-013  1.599583696750697E-015
          42  2.129829295083923E-021  9.830373703855115E-024
          50  7.283204625110597E-005  3.706700777610163E-007
          64  1.194940849141423E-007  5.909531553531470E-010
          72  2.107035038674388E-008  1.034306469416543E-010
          81  2.047843089025646E-004  1.009332147067849E-006
          83  5.349160659767432E-005  2.576337212167013E-007
          88  4.307169884256724E-007  2.046408956858023E-009
          95  2.513593832285608E-014  1.165353033541341E-016
          96  8.955492293420697E-018  4.252387052160727E-020
         109  2.922488227881576E-011  1.358324564503631E-013
         125  1.688519103958832E-013  8.177607469692559E-016
         131  5.410011383166073E-020  2.502551689186686E-022
         133  7.401582488201371E-009  3.577726035305957E-011
         134  3.834253244749542E-012  1.943477781802251E-014
         139  2.603643669358835E-009  1.221345728475099E-011
         144  4.821756778123751E-011  2.364338237593968E-013
         149  1.649102852448325E-024  7.611177243281866E-027
           7
          18  1.426330717100146E-011  6.650513330167679E-014
          37  1.333178013499255E-018  6.166286680740831E-021
          83  4.285880177789174E-015  1.990395361253979E-017
          88  1.369204944657727E-015  6.341725343342950E-018
         107  4.734412698441471E-013  2.192236166172011E-015
         109  3.755484935087748E-010  1.742938178902517E-012
         139  3.792501130618450E-013  1.760955589567106E-015
           3
          13  5.897851481462807E-019  2.716533226268967E-021
          17  1.726172923881917E-030  7.967276364800828E-033
         151  2.958585918098240E-022  1.364344551286709E-024
          14
           2  2.231840523879129E-008  1.040677320685067E-010
          20  6.775847367126092E-019  3.141559831426086E-021
          22  6.736425828422832E-024  3.115447960146437E-026
          38  7.023687625108694E-011  3.265090939020571E-013
          42  1.096568236790934E-009  5.088285632939453E-012
          45  2.735496340419219E-018  1.261075384946869E-020
          71  1.805611276348852E-012  8.357971643936127E-015
          81  2.589628281857978E-021  1.197719522876410E-023
          95  9.048608262758846E-009  4.221022074727340E-011
          99  1.088243602366645E-013  5.030660119988285E-016
         113  3.513674032981995E-019  1.619048416044296E-021
         145  3.156682153003073E-017  1.479318380486807E-019
         148  8.666906474671196E-019  3.990670844043875E-021
         150  2.698912352260531E-014  1.283291336125806E-016
           5
          65  2.132327572855562E-016  9.852076021650840E-019
          78  1.684949248282029E-012  7.792530554367998E-015
          88  9.343959883596707E-027  4.313235134132998E-029
         107  1.199609672790752E-027  5.550731327253412E-030
         139  3.252428289969424E-017  1.505104269923465E-019
          24
           1  3.082956426069568E-008  1.444335503526841E-010
          11  2.015217398105168E-017  9.327182765674904E-020
          19  2.749967620495440E-007  1.290306170428740E-009
          21  2.921340471689216E-008  1.371444644869139E-010
          27  2.609309262424503E-006  1.303778168364396E-008
          47  7.232464757670881E-016  3.340728537111810E-018
          52  2.753807942360677E-017  1.282178037248857E-019
          53  2.775854319662235E-021  1.280783064973201E-023
          55  8.169215040379659E-007  3.840182101278227E-009
          74  1.710312396059267E-007  8.706146213127636E-010
          90  1.938128047341783E-012  9.674128255335047E-015
         103  3.652523820596365E-005  1.783617127226375E-007
         104  5.988262295296385E-013  2.928327567334983E-015
         108  1.204062173217011E-007  5.645187812649095E-010
         114  3.141932298040761E-009  1.465251872934297E-011
         119  6.478222476382511E-006  3.163720937192663E-008
         120  3.016318723828742E-014  1.441731100687026E-016
         127  7.740014408260401E-011  3.846317148582113E-013
         130  1.308824634112119E-018  6.224749875362261E-021
         135  5.046639451030346E-017  2.385397126078920E-019
         137  5.382381058112971E-013  2.679632144188385E-015
         140  2.982784014263858E-008  1.400714925573443E-010
         142  9.253441755096737E-006  4.404386672756485E-008
         145  3.572280203153171E-015  1.690560692848081E-017
           5
          17  2.251150406045550E-011  1.046845130838831E-013
          29  7.539182472220094E-025  3.481051384303831E-027
          32  2.060264320674080E-012  9.624693919536997E-015
          51  1.932018619993834E-009  8.981287750635113E-012
         151  1.760861668770594E-011  8.129475344519153E-014
          16
           2  3.593830600946773E-012  1.664161125735779E-014
          15  3.098844176856028E-020  1.436089466989078E-022
          18  3.523514020810384E-006  1.664396950857645E-008
          20  1.339380217459763E-009  6.241645117056639E-012
          35  8.507218192156776E-010  4.080648683589982E-012
          36  1.392617929606502E-012  6.677377918904410E-015
          38  3.975192707448880E-010  1.850938111955411E-012
          42  1.711357558869636E-013  7.909606083781152E-016
          50  4.105044675555349E-013  1.975933175247528E-015
          81  1.439851285261617E-007  6.962705939642620E-010
          83  4.943956161286230E-007  2.352475933981596E-009
          88  2.080405991549640E-009  9.762554969328169E-012
          95  7.394154291561881E-012  3.431464655017077E-014
         107  6.076218568698996E-019  2.808667819133461E-021
         109  8.301543929859055E-008  3.861192886161143E-010
         139  3.922481019279913E-010  1.829380146287936E-012
           1
         151  2.662575212258881E-021  1.229593513726927E-023
           8
           2  9.190928412093737E-011  4.263652720731982E-013
          20  2.954650170152087E-019  1.370867590812044E-021
          38  7.810452201534179E-013  3.622024359875704E-015
          42  6.398404204289975E-011  2.963725814165488E-013
          45  6.863514922458846E-016  3.166345946835225E-018
          71  1.989867997539864E-011  9.215156025694286E-014
          95  5.680970889346676E-011  2.639203457227236E-013
          99  7.515920408039870E-012  3.475886969232642E-014
           1
          78  1.661448210594094E-023  7.673382102262855E-026
           0
           6
          28  6.369322297955783E-021  2.935942628400522E-023
          53  1.120799063977481E-014  5.178307171397365E-017
          85  4.550656892368150E-022  2.106874653298081E-024
         110  1.470162631145309E-014  6.790375898851074E-017
         123  1.022225072704664E-021  4.710822079374057E-024
         140  5.018023487169213E-023  2.317868034533142E-025
           2
          45  6.388016459322749E-021  2.947449421840304E-023
          56  3.226811949453403E-020  1.489348048180610E-022
          12
           2  1.617921694513977E-010  7.517587300626975E-013
          38  8.650490130309066E-015  4.008541704206637E-017
          42  4.246115260010058E-012  1.966044665820387E-014
          45  1.380136307678630E-015  6.371116748306922E-018
          56  3.345968126240602E-019  1.544947285367086E-021
          71  4.299868566510933E-015  1.991099226009209E-017
          95  4.375208036323235E-011  2.034762889208594E-013
          99  9.306551819454847E-014  4.306911479744422E-016
         113  1.963669149410494E-014  9.064315386113579E-017
         145  7.061937703897041E-024  3.272603935865755E-026
         148  1.577451160664451E-014  7.277846468734441E-017
         150  1.631289481231059E-019  7.594981143386008E-022
          37
           3  3.052639297015843E-018  1.458545629303607E-020
           4  5.794739821258361E-008  2.928716936656908E-010
           7  1.757408838414079E-017  8.167999583804396E-020
          12  3.951588864359403E-015  1.885943618281211E-017
          15  3.078569280507759E-011  1.502667044203042E-013
          25  3.946244215351847E-003  2.163472511882985E-005
          30  2.791418244452594E-006  1.510002312630531E-008
          34  1.942556146275781E-003  1.036154847484858E-005
          36  1.832021822883594E-013  8.854885014927250E-016
          41  2.193727695167733E-005  1.223155196005653E-007
          50  2.058559192069620E-017  9.736267302543487E-020
          57  2.829899319345686E-009  1.482561194413911E-011
          59  2.401472678685741E-006  1.257232464767508E-008
          60  4.078650490524613E-009  2.181025444154022E-011
          63  3.120466066009456E-023  1.439220232086608E-025
          64  2.936190659870796E-009  1.463105472329329E-011
          72  5.666915699294516E-009  2.817596424168963E-011
          76  2.951187189351999E-009  1.584486467402147E-011
          92  1.093626509318989E-013  5.133026686570615E-016
          96  8.686117563471529E-004  4.668400179404894E-006
          97  1.038905662220774E-003  5.720999251436953E-006
          98  1.682642493621700E-021  7.779633041331390E-024
         105  2.732705093421729E-007  1.466989004368422E-009
         112  1.631898230226859E-008  8.214722437081027E-011
         115  9.844147701739122E-014  4.629088934155502E-016
         117  7.820392801266198E-004  4.155753652979357E-006
         122  9.539583327041510E-016  4.456818258677485E-018
         125  8.923877618068528E-005  4.689351354368110E-007
         129  2.875605075280804E-024  1.326358213238443E-026
         131  3.402117752449007E-015  1.597371881174597E-017
         132  1.492228536155439E-008  7.892401057843342E-011
         133  5.077869987660960E-014  2.412497976849350E-016
         134  1.041596881906274E-007  5.610731738445806E-010
         138  2.048854168126630E-018  9.564377412529785E-021
         141  1.773015728538117E-003  9.674724984244351E-006
         144  9.962306606509645E-006  5.165079864425720E-008
         149  4.585544236715737E-009  2.251246484971630E-011
           2
          10  3.993901496020183E-024  1.843070704723558E-026
          68  5.290023096218319E-023  2.447295448524429E-025
           8
          13  6.828610805527081E-010  3.159467522794796E-012
          17  1.424214200145778E-011  6.639661750228108E-014
          29  6.933637451697748E-009  3.260203084263381E-011
          31  4.952549589827108E-011  2.291698420999598E-013
          51  1.140917568322105E-027  5.278022562279041E-030
          62  4.299231973468866E-014  2.016653184472286E-016
          70  6.330429592052319E-026  2.931865545612462E-028
         143  1.248923138654421E-009  5.847370775652736E-012
           0
           5
          39  2.774179398569182E-016  1.281107156265153E-018
          69  1.847119597083627E-017  8.517097618832319E-020
          77  2.679140908318704E-023  1.238740344081804E-025
          82  2.052113835737049E-021  9.470365384383304E-024
         146  3.105296646445590E-018  1.436867697664167E-020
           8
          29  1.868822761810552E-023  8.656085516458225E-026
          31  9.620658013925151E-021  4.451753171745174E-023
          62  1.050503381469703E-011  4.971105938151423E-014
          70  7.075575437470756E-023  3.278355839662336E-025
          84  9.894515046502531E-011  4.604360402134238E-013
          93  1.019265056649729E-010  4.742210648927176E-013
         116  1.155852682671513E-008  5.368654499054925E-011
         143  5.387890183759472E-009  2.527590182068733E-011
          28
           2  1.418935129290013E-016  6.555863147802307E-019
           4  4.370697256125425E-007  2.186747484533745E-009
          15  6.112391296891668E-006  3.043476888102646E-008
          18  8.320288819388297E-007  3.952473342774407E-009
          20  1.990264097408753E-020  9.240072613862929E-023
          22  1.235415519643718E-009  6.220859556624219E-012
          35  6.176348892544795E-005  3.045817977244378E-007
          36  2.354800438803610E-004  1.191752521733782E-006
          38  1.127610175400667E-015  5.230741716922657E-018
          48  3.051050540879828E-017  1.467798159438425E-019
          50  2.779635036272842E-004  1.422560663328527E-006
          61  2.673837113228518E-021  1.238203084956240E-023
          64  1.036593099917774E-006  5.162494635934154E-009
          72  2.362076277261732E-007  1.169005009093644E-009
          81  2.198151849732897E-004  1.087022471243099E-006
          83  3.785275384899698E-005  1.827029117662756E-007
          88  2.786118334488928E-007  1.325660879830618E-009
          95  5.707096730668487E-017  2.641546212677145E-019
          96  8.794331698316367E-013  4.345900091981199E-015
         109  2.607885072479747E-013  1.210418634737904E-015
         117  4.066156819832778E-017  1.930987178725073E-019
         125  9.786219499395578E-011  4.851621098751587E-013
         131  4.106886892711279E-016  1.912318329213029E-018
         133  4.814267993060819E-008  2.341426256664201E-010
         134  1.138688504690336E-009  5.926911451848888E-012
         139  6.543252464526666E-010  3.068872354490819E-012
         144  3.690812183877868E-009  1.838730715080459E-011
         149  7.799638687686773E-017  3.635737612512990E-019
           5
          84  1.270202106930044E-010  5.879340162454670E-013
          93  2.482589402132370E-010  1.148870782448508E-012
         116  5.118075025958374E-010  2.361514032211825E-012
         121  3.456251104897493E-024  1.593154257805329E-026
         143  5.602688473347548E-016  2.584809904625976E-018
          28
           3  3.837320449563790E-003  2.078179772668055E-005
           5  8.492728256844153E-027  3.901558265084253E-029
           8  5.423058961134970E-004  2.865017881849942E-006
          12  2.363837911179129E-006  1.202680573824314E-008
          14  3.055085035706947E-009  1.610725698524140E-011
          25  9.716755317585638E-012  4.961480147338140E-014
          29  6.512242396361768E-028  2.996344551479573E-030
          30  2.185992818936570E-004  1.191005071704980E-006
          32  1.301657963566002E-021  5.998426139045237E-024
          34  1.200074387823224E-019  5.620370027427748E-022
          41  5.962672368669788E-006  3.297898190874901E-008
          57  1.795865683611699E-003  9.753126914191370E-006
          59  3.451825224094704E-007  1.791145374486731E-009
          60  8.664244276637453E-004  4.784629899821048E-006
          62  1.699330092300329E-008  8.262668048492146E-011
          76  2.877364714769205E-004  1.596390775934868E-006
          97  9.252473775309235E-008  4.949834025557339E-010
          98  1.510947851902267E-024  6.946943210800727E-027
         104  4.241218714191279E-016  2.035602002226536E-018
         105  6.657877901380931E-004  3.631999968553532E-006
         111  1.090058915904837E-006  5.476395838708777E-009
         112  6.580509979724542E-011  3.234082244179001E-013
         120  3.828318884571996E-027  1.760084135420383E-029
         127  1.497471448674730E-024  6.906636361051461E-027
         132  1.314205720051531E-003  7.140445003798515E-006
         137  2.290460389000254E-020  1.078950059221617E-022
         138  2.552991836134456E-007  1.279555485128169E-009
         141  2.677542537181188E-009  1.400400817574096E-011
          12
          12  1.021511968787981E-012  4.896272367612272E-015
          13  2.271958461443495E-011  1.048809101659144E-013
          17  9.696611426254719E-007  4.561889091320475E-009
          29  1.266958855419419E-005  5.998463028160429E-008
          31  1.078096194256063E-014  4.974506750191730E-017
          32  1.123480983549205E-008  5.320527008283960E-011
          51  6.437551228504229E-010  2.995191620148892E-012
          62  8.849524135893840E-008  4.252178696522599E-010
         111  3.057919753855803E-009  1.486617317999700E-011
         138  4.121084220635979E-012  1.969765655141021E-014
         143  8.264311320089528E-008  3.882056584202538E-010
         151  1.103764446539846E-016  5.093967237927263E-019
          11
          12  3.037154633906133E-016  1.426911805602394E-018
          13  5.790301867073914E-015  2.667430060983819E-017
          17  1.442311775761286E-006  6.776827802670078E-009
          29  1.476691154284482E-007  6.952164914205667E-010
          32  8.565697490610740E-008  4.062381209218944E-010
          51  1.705996764487472E-007  7.960293511643536E-010
          62  1.925580579587917E-018  8.916671190264129E-021
         111  1.904190729502649E-011  9.129538531378177E-014
         138  4.761557012929515E-014  2.249947251973504E-016
         143  3.636566821836059E-016  1.680025228871677E-018
         151  1.395824180917090E-010  6.444155911661735E-013
           4
          23  3.851383765880828E-008  1.792611715174691E-010
          49  6.577206562571155E-008  3.074242826547123E-010
          98  1.503429878769234E-012  7.070097977404823E-015
         100  1.438133153969367E-015  6.621921467491563E-018
          14
           5  1.471764279867571E-006  7.195438217953311E-009
           9  1.783872992354953E-009  8.261315245532062E-012
          11  1.649760516721962E-007  7.919740176310873E-010
          33  7.320132898454017E-007  3.436776630389666E-009
          52  4.097783646517260E-008  1.999806661118427E-010
          69  1.226168206056386E-019  5.655105996124921E-022
          77  8.857157525100625E-013  4.112924393210350E-015
          86  1.588004101844412E-009  7.361293307143113E-012
         101  4.767167892743830E-006  2.326764210706801E-008
         104  7.139658817872950E-027  3.298439793228791E-029
         106  1.141845039037424E-005  5.402795538581818E-008
         120  1.664081152141668E-011  8.099028922242358E-014
         124  1.131358353057344E-005  5.381584621087770E-008
         126  2.527698051285837E-006  1.236306213353644E-008
          21
           4  4.333078225929348E-026  1.998339346430577E-028
          15  2.756013409832600E-015  1.292926903208596E-017
          18  1.643020918183418E-021  7.579787766404876E-024
          35  6.214640950729754E-012  2.943980885390414E-014
          37  4.734764250606802E-028  2.183261010879871E-030
          54  4.434500203245150E-013  2.054711653731131E-015
          61  3.341390318290361E-011  1.567920072649200E-013
          63  7.736002610414225E-013  3.597898327484102E-015
          64  7.066982765038306E-018  3.292657847155434E-020
          65  2.765879680946870E-008  1.289227293193542E-010
          72  1.253134979848806E-017  5.829405723360464E-020
          78  2.427635386040136E-008  1.124152042252181E-010
          83  4.164500822590301E-013  1.937152363642700E-015
          88  8.383644413983467E-009  3.931575285088399E-011
          89  4.889844970957916E-013  2.266029454778661E-015
          91  3.420172628563852E-010  1.592424908536249E-012
         107  3.990420638313990E-016  1.842002569203313E-018
         131  1.510878076980041E-012  7.081046666264370E-015
         133  2.080571054744696E-011  9.865565392916256E-014
         139  1.455635373954265E-008  6.793726171971222E-011
         149  1.452732419859916E-022  6.696437366531268E-025
          26
           4  2.282382008237447E-010  1.114240713360925E-012
           7  6.060339136359991E-005  2.907699534882197E-007
          10  2.526975846826292E-030  1.166275138152286E-032
          15  4.831127789329506E-013  2.302204881079117E-015
          25  7.678277752330581E-023  3.586454062575591E-025
          34  9.627181930447504E-012  4.755938606691053E-014
          54  5.252607545758159E-009  2.462894422471033E-011
          61  4.769254135809812E-007  2.285300215793761E-009
          63  2.396455901972295E-006  1.146531723350151E-008
          64  7.670535359743065E-011  3.719114763016838E-013
          65  3.794941672801199E-013  1.762214350970416E-015
          72  9.795375447028277E-010  4.766136451571974E-012
          80  1.515351580449292E-007  7.099319907273259E-010
          89  1.448498332839289E-010  6.765247721805049E-013
          91  2.192456746508851E-009  1.028243356205249E-011
          92  1.580846968996246E-005  7.579360928286576E-008
          96  1.204792111270249E-011  6.000239215135790E-014
         115  7.725002198759101E-005  3.718889529712359E-007
         117  9.990695872921573E-009  5.040512035001785E-011
         122  4.490320541124512E-005  2.157031100187023E-007
         125  5.102983377245433E-009  2.553254215455012E-011
         129  3.747309394240496E-007  1.776512403740103E-009
         131  1.300359682437586E-006  6.277187676437180E-009
         133  9.602970342734476E-010  4.616582362222496E-012
         144  5.324551841608968E-009  2.643645183637698E-011
         149  8.711236665136605E-006  4.270938286983426E-008
          13
          11  5.587041821358751E-015  2.600270712390201E-017
          19  6.380143492106655E-021  2.950187588094127E-023
          21  3.584101034425670E-008  1.677949770300045E-010
          33  9.654703752137526E-024  4.457031107291695E-026
          39  1.436999587803316E-012  6.636219170691850E-015
          55  1.007514046241363E-010  4.684501731997591E-013
          69  5.325670649687513E-014  2.455623626548887E-016
          77  4.445624254175479E-009  2.073378645894357E-011
          82  2.412031185593808E-017  1.112853389248717E-019
         108  1.161215424629528E-010  5.399614135434688E-013
         114  2.391995783825570E-009  1.112544613668007E-011
         119  1.916887285596957E-012  9.051880922412261E-015
         146  1.859238172714900E-012  8.602676111911849E-015
          14
           1  4.033343580338655E-009  1.878045582605671E-011
           6  2.420653931724612E-017  1.116130202553954E-019
          19  6.675828189526958E-011  3.097931856968426E-013
          28  1.349804647375230E-020  6.210794249250847E-023
          44  4.127866646137958E-016  1.903744131119119E-018
          47  8.198914854053768E-014  3.782044278226127E-016
          53  1.640823755105358E-009  7.582724274024038E-012
          55  1.048369781569330E-018  4.831462598577535E-021
         103  2.680682481945228E-016  1.243597567866020E-018
         108  6.095281773919027E-020  2.813407846895771E-022
         110  3.291522346113856E-011  1.518374998917480E-013
         123  3.182140985751972E-015  1.464337534131977E-017
         140  6.128841744114843E-009  2.859409395077016E-011
         142  6.087300459939467E-010  2.845890799069827E-012
          12
           5  2.191369445509551E-014  1.028878806479508E-016
           9  5.235468520167752E-010  2.418494446949820E-012
          11  1.408171316216665E-012  6.600308307252461E-015
          33  3.836682622226501E-008  1.791725434487432E-010
          52  4.447245817480142E-019  2.061979796966859E-021
          69  5.640386620042862E-015  2.599668028821702E-017
          77  6.940105537897391E-015  3.211346462255805E-017
          86  1.168211433539571E-009  5.402756322595162E-012
         101  6.426328323850085E-012  3.047696855472114E-014
         106  6.675028917980368E-008  3.132446078958383E-010
         124  2.996871083289149E-009  1.407159588786174E-011
         126  9.246282231594832E-013  4.373446948648331E-015
           7
          13  9.110368482908513E-015  4.205672705199857E-017
          17  3.340233928964118E-010  1.558704634511436E-012
          29  7.484075933757705E-012  3.488864498800040E-014
          31  1.048998571086734E-024  4.845700033793775E-027
          32  2.561375144516955E-017  1.186613075578890E-019
          51  7.201771775386491E-012  3.340750288961179E-014
         151  8.698129392206324E-012  4.021167267911886E-014
           3
          28  1.338721840941650E-020  6.176855929063052E-023
          85  1.110789165397893E-025  5.147724851908900E-028
         123  1.680904338590715E-027  7.753827901031063E-030
          17
           3  2.592399868878765E-010  1.311997203519283E-012
           8  7.264649120994143E-008  3.679912030912991E-010
          12  1.679491349568474E-013  8.006814753654077E-016
          13  5.422369046394691E-028  2.493235886622462E-030
          17  2.279788237888565E-013  1.056281498955086E-015
          29  1.817770625699139E-007  8.577099888103631E-010
          32  2.433903759877581E-018  1.122676642280366E-020
          57  6.661694235409509E-014  3.277030378471350E-016
          62  2.211810913376364E-004  1.078051683968195E-006
          84  3.306301634250707E-014  1.527763053061906E-016
          93  9.845363916886983E-019  4.545252266949254E-021
         105  6.010830523378986E-025  2.775135033327122E-027
         111  4.312445213825988E-010  2.088715057099251E-012
         116  5.854076876782504E-013  2.701965546188238E-015
         132  1.242521225282154E-015  6.024050248110206E-018
         138  1.425225238580558E-014  6.716103502170274E-017
         143  4.573169624314571E-006  2.158524641612378E-008
          10
          10  6.600955443017630E-030  3.037361541057770E-032
          16  1.900594104945402E-022  8.756614628867320E-025
          54  2.455812286499755E-012  1.138708934961438E-014
          61  1.289447506346087E-027  5.958395662347766E-030
          63  1.276212625781275E-022  5.873253554730737E-025
          65  9.830707245103530E-023  4.529197729199352E-025
          68  5.717937303754630E-013  2.637766584609932E-015
          80  7.002703635324902E-012  3.238286314584575E-014
          89  3.892897369499196E-012  1.805362699278695E-014
          91  9.025444290955327E-015  4.173973669916078E-017
          15
           5  1.602298619140729E-021  7.392159202559085E-024
          11  5.999013398398466E-009  2.851186020451796E-011
          21  3.404136766642490E-014  1.575350633841688E-016
          33  5.125426872350107E-008  2.393719163459770E-010
          39  5.465346060788339E-011  2.522318520478447E-013
          52  1.823344304160126E-013  8.615503842611609E-016
          69  3.967638831323504E-009  1.830970095167652E-011
          77  1.568203019236051E-007  7.327011895885045E-010
          82  1.303949350477935E-021  6.009532516610995E-024
         101  1.923052155476201E-014  9.017796785448576E-017
         106  1.385558771709648E-011  6.444012249447197E-014
         119  1.440698441822526E-016  6.698801719033423E-019
         124  1.900598479277827E-017  8.762847571725913E-020
         126  3.343783812473894E-014  1.570972508814015E-016
         146  1.126191901027820E-014  5.204639379242828E-017
           7
          13  2.265646143416880E-010  1.043954855668133E-012
          17  5.039534008917331E-014  2.331753812673559E-016
          29  1.352928076887464E-010  6.309347025632945E-013
          31  2.177555163481485E-011  1.003581230354802E-013
          62  4.399126346599755E-021  2.032194379915781E-023
          70  5.838921202228802E-025  2.693772835007580E-027
         143  2.328701422372596E-011  1.082112027649873E-013
          22
           5  1.130174779310691E-018  5.239417236477782E-021
          11  5.340868653300834E-007  2.565129119111675E-009
          19  3.444266387392169E-016  1.593727246348299E-018
          21  1.405019083216801E-006  6.615491343442639E-009
          27  8.223520253275690E-009  4.044214825482460E-011
          33  6.629449761826997E-011  3.084713019961482E-013
          39  1.721291715415980E-013  7.953268297832682E-016
          52  6.033906865750127E-009  2.928914595949662E-011
          55  6.252991335019939E-009  2.923011874185837E-011
          69  1.228257181000687E-012  5.669681991031401E-015
          74  6.746966238169523E-023  3.135254799153428E-025
          77  8.826268576091300E-007  4.142133716408129E-009
         101  7.330496871821838E-014  3.450176452171712E-016
         104  6.504092809011184E-016  3.112803467682219E-018
         106  7.646332170336177E-023  3.531086795497376E-025
         108  1.905462037305963E-009  8.892085953990243E-012
         114  9.472885818147730E-009  4.415906209180732E-011
         119  2.409746130279809E-006  1.172128420559273E-008
         120  3.444019309381192E-011  1.679252997961979E-013
         126  1.639106588891946E-012  7.774017105977073E-015
         127  7.616324001250607E-014  3.691076201706974E-016
         146  1.376565559457447E-015  6.370120438764139E-018
           5
          46  6.077716171346966E-019  2.798446391898753E-021
          56  1.025218124313953E-014  4.720366588170772E-017
         113  5.869305426259486E-015  2.700742604735927E-017
         147  8.411833830986216E-016  3.885355725583878E-018
         148  1.468131454079067E-016  6.750040570844349E-019
          25
           3  1.478927004014581E-004  7.910833782856221E-007
           5  2.999450037287248E-006  1.490432500036198E-008
           8  1.545942935259994E-003  8.138702366459795E-006
          11  1.269717612075893E-016  5.898469588686962E-019
          14  3.549606041768064E-006  1.909623160043947E-008
          27  4.592577392393763E-019  2.139373197014759E-021
          30  2.842365423095301E-010  1.474906287014593E-012
          41  5.018783826669615E-011  2.634380493298333E-013
          52  1.226043992400464E-008  6.038736097376768E-011
          57  1.424975248839856E-007  7.515089796670010E-010
          60  3.863488212332401E-006  2.099048237694935E-008
          62  5.183300612610266E-010  2.493323758302808E-012
          74  9.108318305687947E-022  4.237537876427782E-024
          76  3.693381732894443E-006  2.019319840623200E-008
          90  3.832903151758913E-024  1.774447106344177E-026
         101  1.070410284917500E-007  5.257819814633706E-010
         104  5.868840861532748E-007  3.049679858959932E-009
         105  1.167124573090166E-008  6.137471553863573E-011
         111  9.977869832121870E-030  4.598507997039318E-032
         120  5.497319066308481E-007  2.798583512261707E-009
         124  2.325438326432612E-012  1.090140877253050E-014
         126  1.460637018145209E-007  7.198874560806885E-010
         127  4.932273750682334E-008  2.535536427347664E-010
         132  5.083121850188331E-008  2.673511049169642E-010
         137  9.334973222241442E-011  4.803560271899213E-013
          23
           5  5.443318089415880E-006  2.681782151445402E-008
          11  2.283962022940325E-004  1.112796002838346E-006
          14  2.998247584666017E-010  1.543230788899917E-012
          21  1.781522589213680E-010  8.338362840652822E-013
          27  1.024129166837645E-005  5.142868883729923E-008
          33  3.189460333501006E-008  1.498766751862712E-010
          52  3.543374185380173E-004  1.768822872646329E-006
          55  6.072417763134413E-018  2.805713740251487E-020
          69  2.969336446980714E-020  1.369253858089941E-022
          74  9.042203898795734E-010  4.551267896644197E-012
          77  4.682928103387464E-008  2.201571657671231E-010
          90  7.546415574173528E-021  3.542310595558417E-023
         101  1.584602601957571E-005  7.788492670817895E-008
         104  4.661576870942677E-006  2.408542096031109E-008
         106  3.216464433654128E-009  1.513603487706861E-011
         108  8.041383452382471E-025  3.717993042198213E-027
         114  4.447452975272479E-021  2.056067316244997E-023
         119  1.658972699890759E-005  8.144399455602077E-008
         120  1.048495432303008E-004  5.344561394477534E-007
         124  1.465622523231933E-009  6.914855807575179E-012
         126  3.879303185544786E-005  1.915991487313991E-007
         127  6.482278664046299E-006  3.342264493075243E-008
         137  1.650420965314432E-011  8.363116752296157E-014
          30
           4  2.358641399271487E-014  1.133287024261237E-016
          14  4.669122378605652E-010  2.455902703859363E-012
          15  6.840115376344686E-017  3.216880755178112E-019
          22  6.127562417245368E-004  3.268127978173725E-006
          25  3.727243356095280E-012  1.905718955047520E-014
          36  7.979292181118020E-010  3.980333442337265E-012
          41  1.628708330355581E-008  8.897240057368121E-011
          48  3.053393028934368E-003  1.678676487993191E-005
          50  3.191912613893588E-006  1.654028059029610E-008
          60  1.056243324243572E-014  5.301691809148338E-017
          64  1.604009380694918E-016  7.572527460229597E-019
          72  9.813534048718869E-020  4.559722189728862E-022
          74  5.334308866082006E-010  2.728668727712956E-012
          76  2.126944324586227E-011  1.117281000568678E-013
          81  3.593652198697486E-012  1.728102932622506E-014
          90  1.311404034373932E-005  7.095945804105530E-008
          96  2.400617298087081E-009  1.244417719521305E-011
          97  6.124597502533651E-013  3.119848003963654E-015
         104  2.372342488871744E-022  1.102449139509207E-024
         117  8.988797017732713E-014  4.415683203194947E-016
         125  2.880213851593464E-012  1.426936812875512E-014
         127  1.748373357978667E-021  8.147237434447972E-024
         130  3.257640642289231E-004  1.777981881649948E-006
         134  2.310885905626248E-003  1.284576194488534E-005
         135  9.213030093758436E-006  4.812871865176936E-008
         137  2.176118698558081E-007  1.168335467501595E-009
         141  6.558758321666576E-017  3.181975048246016E-019
         144  3.567239834266172E-013  1.741888000707552E-015
         145  4.425845077884086E-008  2.237838013575483E-010
         150  2.166112259581219E-006  1.112622251131556E-008
           2
          93  1.793506206204138E-026  8.302968878479254E-029
         116  1.648672235947960E-024  7.612067900725304E-027
           4
          84  5.800260716929869E-011  2.691510084667421E-013
          93  7.492334998135061E-011  3.475995616290952E-013
         116  5.915297953361048E-014  2.732488173336976E-016
         121  1.141307876903661E-015  5.276656648123181E-018
          13
           2  2.539653881136849E-009  1.184893921005582E-011
          22  3.959241359910082E-012  1.943399803108254E-014
          38  5.389836463446091E-013  2.503457855987838E-015
          42  1.578086638701690E-011  7.320963188984661E-014
          71  1.792496932693642E-017  8.301616459415167E-020
          81  9.526679381395694E-018  4.431882363574675E-020
          95  6.650271985772590E-010  3.102923695955763E-012
          99  6.365945261424944E-020  2.945796914165601E-022
         113  4.709785368128382E-014  2.175847088299750E-016
         135  5.610090367495700E-012  2.740264808357593E-014
         145  1.045301605732958E-009  5.109646183816210E-012
         148  4.298935701647408E-013  1.986506775118344E-015
         150  7.153626334954483E-009  3.527265219267464E-011
          27
           4  8.713399689882807E-011  4.242839487329351E-013
           7  1.059303240286145E-006  5.051677184327989E-009
          15  1.434918099931221E-011  6.893310199816932E-014
          35  1.904576235959870E-019  8.882644540854964E-022
          54  1.269169378911666E-006  5.972582056646172E-009
          61  6.724361383645195E-006  3.230011507742092E-008
          63  1.181034552160928E-005  5.656904329607389E-008
          64  1.594639497951051E-010  7.734837651323390E-013
          65  5.895784689880450E-008  2.766366129361037E-010
          68  1.437745057007796E-014  6.662810004110724E-017
          72  1.245430849588048E-009  6.060710694419511E-012
          78  1.534370733400919E-013  7.112107295406797E-016
          80  9.433115694967435E-007  4.422929646196240E-009
          88  1.423871406676937E-023  6.585378540552357E-026
          89  2.694392229844180E-007  1.264316857666797E-009
          91  1.396435825305398E-006  6.588121163181679E-009
          92  1.668200508407626E-009  7.881140420221553E-012
          96  2.095129253630480E-023  9.738026140880348E-026
         115  5.067682643871615E-007  2.420144158123067E-009
         117  2.873442646740291E-014  1.389806224337707E-016
         122  1.228775310216798E-007  5.850071021609155E-010
         125  2.334624862807054E-012  1.139688094762427E-014
         129  3.274159323187941E-014  1.521753041588796E-016
         131  5.122159403875419E-006  2.473727520997464E-008
         133  2.720890856695432E-008  1.316218715099442E-010
         144  4.432139929390823E-011  2.169429825338088E-013
         149  1.845868408226367E-006  9.011429673953077E-009
           1
          73  3.310967114650150E-021  1.525870337006933E-023
          15
           2  5.484291283412790E-025  2.533561232930590E-027
          22  2.230987641581269E-003  1.178862862848766E-005
          36  2.109564611853639E-013  1.017101574517417E-015
          48  2.824282650390257E-004  1.526933544705897E-006
          50  6.219208099190344E-007  3.171753941921983E-009
          74  1.166473258874504E-012  5.777645688519938E-015
          81  5.533563357752289E-009  2.700850497537156E-011
          90  1.143577956224486E-007  6.032372332290003E-010
         103  4.145003942867430E-018  1.927675308849651E-020
         130  3.104370789360416E-005  1.666660266615709E-007
         134  1.832938805501520E-006  9.890369360931135E-009
         135  3.867688504571483E-004  2.014727094354117E-006
         137  3.400555489451451E-012  1.725687073563818E-014
         145  8.287753722270473E-005  4.228605049524011E-007
         150  7.075593858475287E-004  3.644875750360354E-006
          32
           3  4.568779431368825E-007  2.459356880734107E-009
           8  4.422241500757545E-010  2.267529767207340E-012
          14  4.495077173583890E-004  2.500413489603929E-006
          22  1.211477097388382E-010  6.178921175527416E-013
          25  6.098824204491305E-009  3.253923351147644E-011
          27  6.039948093577544E-013  2.947870460653556E-015
          30  4.680011738649031E-007  2.551556359213223E-009
          34  3.829458762863921E-018  1.819142416699093E-020
          41  3.031539794199990E-004  1.721178150890233E-006
          48  8.391017988630918E-006  4.584160759133410E-008
          52  1.963494296174270E-029  9.025108152423318E-032
          57  7.451176495940549E-008  4.002079285761239E-010
          59  3.137133589429330E-018  1.489166924271536E-020
          60  1.002397016018539E-004  5.611836262995639E-007
          74  2.543200785662068E-007  1.342752907630549E-009
          76  5.211195892794321E-004  2.941787753848712E-006
          90  5.670708578393464E-005  3.105176316666151E-007
          96  4.732341736773193E-013  2.373239061097930E-015
          97  2.260668249133629E-007  1.232752328004831E-009
         104  7.552975156551801E-007  4.007989287736612E-009
         105  7.017148224571442E-007  3.823808690641751E-009
         117  5.731012932898312E-023  2.656702061531149E-025
         120  1.467748945376675E-010  7.387889248499186E-013
         127  2.831958780984725E-007  1.492100606175053E-009
         130  1.614355607780105E-005  8.825070291921451E-008
         132  1.101223105634283E-007  5.927295899219422E-010
         134  5.516334169154349E-006  3.046982445740928E-008
         135  1.289691321672025E-011  6.467151552619085E-014
         137  1.823171946956617E-004  1.006222204549966E-006
         141  2.117443167994606E-009  1.121072848810453E-011
         145  5.115919859998764E-025  2.363939468696654E-027
         150  1.285917940930455E-017  6.063314868643608E-020
           8
           2  1.177866519605690E-014  5.444267625717321E-017
          20  1.171201638918923E-013  5.444350278694778E-016
          38  1.594626261910528E-013  7.399101517879940E-016
          42  4.110564190267822E-013  1.902275235181933E-015
          71  4.694271044383314E-013  2.175382658193305E-015
          87  1.026270014244911E-019  4.757185160759196E-022
          95  3.456617487178542E-014  1.601438163491801E-016
         136  1.097803611153855E-018  5.076546996527457E-021
           9
          28  4.010297440627343E-016  1.856418251679583E-018
          43  1.384607583678816E-020  6.411522032895021E-023
          46  3.143328833589772E-013  1.457495809561865E-015
          56  4.969526599061494E-017  2.303752927418951E-019
         113  2.923735474868290E-013  1.355122159456319E-015
         118  4.538473754672236E-021  2.106832088933208E-023
         123  9.853464344794869E-016  4.561228937437487E-018
         147  7.855864940910895E-014  3.653367454855484E-016
         148  2.107789381266678E-013  9.766008154945132E-016
           3
           6  2.226514394471605E-020  1.029289523827555E-022
          44  2.288684359888163E-030  1.058268790734975E-032
          47  3.022681393487229E-018  1.397755005859760E-020
          14
           2  5.837282910734011E-015  2.688617335254415E-017
          42  5.888307972316558E-021  2.711272192429846E-023
          45  1.851759908764899E-022  8.522559858161648E-025
          46  3.818669920571098E-015  1.758656102990250E-017
          56  3.052394735991111E-014  1.405798125109659E-016
          95  1.440152458512101E-016  6.640718987814280E-019
          99  1.807698192641276E-024  8.339253351053587E-027
         113  5.932977883766053E-010  2.739609832226780E-012
         123  5.742283988676589E-017  2.639655691187069E-019
         135  6.935694377207476E-018  3.257080700455644E-020
         145  5.834669600849414E-012  2.802752266774359E-014
         147  1.868095828980906E-014  8.630934808197266E-017
         148  1.461572904144157E-009  6.755351422365983E-012
         150  4.630435742762490E-012  2.228409318139881E-014
          17
           1  3.826785781116711E-009  1.784755555652715E-011
          19  6.040164015049383E-012  2.802304646699075E-014
          28  1.948664350749924E-011  8.983006250419043E-014
          46  3.404516830541172E-015  1.570124674739561E-017
          53  5.591558489715496E-009  2.589349043548165E-011
          55  2.221118751652650E-027  1.024031347769590E-029
          85  3.966447410763018E-022  1.834098493269529E-024
         103  5.531912535621082E-008  2.661144296568200E-010
         110  1.061648782167589E-010  4.904415123339426E-013
         113  7.519197416993754E-015  3.465681475166173E-017
         123  2.884485530580414E-008  1.336784616815527E-010
         135  1.966277215212875E-021  9.139479927999049E-024
         140  1.685461967390994E-006  7.921229846951684E-009
         142  1.828885012084633E-007  8.628762140729659E-010
         145  9.274763949978108E-013  4.441307294978618E-015
         148  1.425795077929352E-011  6.584360236402584E-014
         150  7.352297566147393E-023  3.396377559370274E-025
           9
          13  2.268333593846104E-011  1.045621884553867E-013
          17  1.791695292966365E-009  8.358185519707678E-012
          29  2.140907636282115E-009  1.001811991235413E-011
          31  1.869526788572638E-014  8.619196413410789E-017
          32  8.783529879743242E-017  4.063916298597281E-019
          40  2.264398116267153E-030  1.043480863485207E-032
          51  1.169893661317667E-012  5.411533224514788E-015
         143  3.968694938129425E-015  1.835213811340233E-017
         151  3.697975479580124E-013  1.705970294860522E-015
           6
          33  1.540531231839009E-012  7.140977108997909E-015
          39  1.266759985917323E-013  5.850293460645664E-016
          69  2.513088321475515E-011  1.159611640717523E-013
          77  1.227217241501777E-012  5.692920970201888E-015
         106  5.149127936027991E-027  2.378541904399269E-029
         146  3.236294813896423E-020  1.497492877178435E-022
          31
           3  1.438779589907290E-003  7.840903410764909E-006
           8  1.392414898100407E-005  7.362492742762243E-008
          12  2.237744368532907E-007  1.140307038651878E-009
          14  2.976812517495653E-007  1.610137654377849E-009
          25  1.249356794614406E-006  6.756900215675250E-009
          30  2.313001456661807E-003  1.277948039555490E-005
          34  1.246908312663097E-009  6.408526158809053E-012
          41  1.353274311583309E-003  7.636987905261041E-006
          48  1.405285764914827E-027  6.461812554079996E-030
          57  2.568765138125192E-003  1.408763263912791E-005
          59  4.933655552275427E-006  2.602315340687914E-008
          60  5.592688206557735E-003  3.135232650900673E-005
          62  1.751579519941144E-019  8.119591728409354E-022
          76  3.885222674462978E-003  2.188419129390485E-005
          90  1.964912811087979E-016  9.560016267390359E-019
          96  3.749234712255433E-015  1.829507696933113E-017
          97  8.562162037453682E-005  4.716829344487522E-007
          98  1.132560471865652E-028  5.203242606952119E-031
         104  2.619032459504590E-013  1.297013730879612E-015
         105  3.454320263239991E-003  1.907761965687610E-005
         111  8.267839073620297E-009  4.125734215693578E-011
         112  1.078079731225440E-009  5.389720652989237E-012
         117  8.877531210287643E-021  4.141713425858783E-023
         120  7.993247328607307E-027  3.675577272455734E-029
         127  2.002610860166239E-016  9.609584080861880E-019
         130  3.377595882192247E-027  1.555669333699872E-029
         132  2.738066565320436E-003  1.503013984056743E-005
         134  2.836210585836246E-013  1.443372986024548E-015
         137  2.482761521390260E-011  1.282612101031707E-013
         138  1.198617424737569E-008  5.996308374324887E-011
         141  8.683831486919166E-006  4.707197583957780E-008
          14
           7  4.068649398309548E-017  1.881466060424941E-019
          10  7.858879559803520E-018  3.620456540595195E-020
          16  1.511894664097439E-025  6.973970038763089E-028
          54  1.024224101944887E-011  4.758095397096365E-014
          61  3.311307270445891E-021  1.532146710732481E-023
          63  2.996462364462677E-018  1.382418771349198E-020
          65  4.968065274775472E-024  2.291581754606592E-026
          67  5.057969790683112E-024  2.338639626627228E-026
          68  2.723009609668737E-012  1.257692161289645E-014
          80  1.402937235426199E-010  6.505663976888623E-013
          89  9.141364038046449E-012  4.245298174621198E-014
          91  3.014916648122269E-014  1.396674251584638E-016
         115  5.079073437814480E-022  2.341899231740366E-024
         122  2.466697427163875E-023  1.139468466129244E-025
           6
          28  1.689114633483064E-015  7.793493448180673E-018
          46  1.258785386171751E-022  5.816554975687163E-025
          53  3.864625098540740E-022  1.786945944099971E-024
          85  1.207439804169008E-018  5.595497865747454E-021
         110  2.559746979792299E-018  1.183364118899830E-020
         123  2.161810922214224E-016  9.973124257994235E-019
           4
          84  2.077167143592706E-014  9.606425722540353E-017
          93  7.133932460686779E-014  3.302948191554566E-016
         116  8.139594385537520E-024  3.756666043751263E-026
         121  4.602369307781937E-017  2.126650487829389E-019
          15
           2  1.644726194405298E-010  7.635635629322394E-013
          18  2.107108235012985E-007  9.915419292573545E-010
          20  1.576759865923170E-008  7.354665503974283E-011
          35  1.474020784442235E-015  6.907676964152140E-018
          36  4.019816557925556E-028  1.858332873227693E-030
          38  5.924931461389395E-009  2.763144630208371E-011
          42  4.717914702753251E-011  2.185653319179692E-013
          50  1.261841091141868E-022  5.844093683067098E-025
          71  4.465813588050784E-017  2.066101041947872E-019
          81  3.877224338766637E-009  1.861981016001469E-011
          83  1.847543390904636E-009  8.716315478098237E-012
          88  3.279524428787093E-014  1.520188349037957E-016
          95  3.071903875069565E-010  1.429257888597856E-012
         109  1.040112315152302E-008  4.830126385292560E-011
         139  3.915994819263148E-015  1.812496412600203E-017
          13
           1  8.802577409674952E-013  4.095695059366804E-015
          19  1.337153780201689E-021  6.197364045324353E-024
          28  9.075675534842678E-012  4.194804264278533E-014
          46  1.296793690065390E-017  5.999770836437641E-020
          53  8.361014194983096E-010  3.878439762028353E-012
          85  2.051328994257650E-015  9.518297018120249E-018
         103  9.303635063975417E-024  4.297777680690086E-026
         110  1.781985502084084E-010  8.253887202693870E-013
         113  1.268534481515589E-023  5.864192479822831E-026
         123  3.033364174599712E-010  1.405653029397891E-012
         140  8.504642619430548E-010  3.975601020542304E-012
         142  3.698971089257187E-013  1.722697085872890E-015
         148  1.094864167442335E-016  5.058080121067932E-019
           9
           2  1.663161157093661E-010  7.721190936581762E-013
          20  1.629510987808807E-011  7.577204072656512E-014
          38  1.759836989640307E-010  8.185198186038271E-013
          42  4.669330983111771E-010  2.165107816733877E-012
          71  1.413288416309403E-010  6.548214257477943E-013
          87  3.635695911270288E-018  1.683857029569601E-020
          95  2.211069541771064E-010  1.028249894303291E-012
          99  2.477778719934297E-016  1.146121321769275E-018
         136  7.272593111612229E-017  3.360165326216358E-019
          20
           3  8.129056002170635E-008  4.225705038991073E-010
           8  4.176080889703388E-008  2.123614061924962E-010
          12  6.202819651350199E-006  3.118686277284560E-008
          17  3.233771052977573E-008  1.525269567455366E-010
          29  2.731339748646761E-006  1.300945798322800E-008
          30  1.109993859058695E-010  5.688928055563169E-013
          32  1.797209349226936E-007  8.601435599583545E-010
          51  1.128701699704907E-012  5.247170237945104E-015
          57  1.224741737700335E-007  6.393429879662799E-010
          59  3.783097360150004E-011  1.878859780351419E-013
          60  2.967659402257497E-012  1.512054711494368E-014
          62  2.610470772007954E-005  1.276018284149697E-007
          76  1.569179810528386E-016  7.693086941806923E-019
          98  6.986467723784173E-014  3.284879408742103E-016
         105  1.598894075552864E-009  8.276915037881483E-012
         111  5.826750135411382E-005  2.917014465913111E-007
         112  8.647173092127294E-013  4.164482365872720E-015
         132  4.586942806177668E-008  2.392861727292137E-010
         138  4.009110312499754E-006  1.998159448081148E-008
         143  2.277755962065986E-008  1.074817737821123E-010
           8
           2  1.284646349726153E-011  5.953533702856362E-014
          20  1.160319015145421E-029  5.385190462353956E-032
          38  1.703385738275743E-014  7.891486753123716E-017
          42  7.074933210307005E-012  3.274915656907127E-014
          45  6.336692016587227E-015  2.924251698221513E-017
          71  2.388076484673830E-012  1.105921180717187E-014
          95  6.493744418842212E-012  3.013483992244103E-014
          99  6.264169362301750E-012  2.897854558620105E-014
           6
           9  2.881048676141832E-011  1.329228146926956E-013
          33  8.492200480948565E-012  3.937894289258434E-014
          69  6.847633511424465E-030  3.155048868017679E-032
          86  7.686698703265042E-011  3.550788449329969E-013
         106  3.243193678641576E-011  1.510007731524871E-013
         124  5.419105150898958E-014  2.511626498647520E-016
          13
          12  2.327802608731804E-015  1.098803345111350E-017
          23  3.006376009937200E-007  1.404723738920697E-009
          32  3.491328880442611E-021  1.610091704055247E-023
          34  8.056038298369428E-014  3.902081815379718E-016
          49  4.626236929503795E-006  2.176645254070536E-008
          59  2.932772158389865E-011  1.446786967411658E-013
          92  1.670144044461683E-014  7.734547005424013E-017
          98  1.205839399303853E-006  5.842959882140362E-009
         111  9.695830235311480E-029  4.473141128405100E-031
         112  1.341117022450483E-007  6.640594226950892E-010
         129  6.445380229925504E-011  3.009511141316475E-013
         138  1.303154704659229E-013  6.178214064001324E-016
         141  5.806948811818723E-024  2.694893211972373E-026
           1
          68  4.311495465894608E-021  1.990712710179872E-023
          31
           4  1.432929463312408E-004  7.341398539238880E-007
          15  5.215953837920714E-005  2.638591741613485E-007
          18  1.642677747473424E-026  7.579886569565259E-029
          22  1.226086648749791E-007  6.340451443216528E-010
          25  4.983074688296840E-008  2.635946950508976E-010
          34  1.183409966087615E-010  5.978033930256528E-013
          35  9.320699721746150E-007  4.612879698400904E-009
          36  3.202029828910273E-004  1.641009743378991E-006
          41  3.622170509980173E-011  1.904810251748302E-013
          48  3.905004493008373E-008  2.063937447059261E-010
          50  3.441716599133908E-004  1.787095528223486E-006
          61  1.582624038309402E-014  7.419502385706711E-017
          63  8.079926409175647E-016  3.757164596615111E-018
          64  7.235050943840986E-005  3.681453255418198E-007
          72  3.742562327138139E-005  1.896854128788333E-007
          81  4.586026035479625E-008  2.252184277682125E-010
          83  3.649384368338283E-010  1.739889688438909E-012
          88  9.519516782054034E-014  4.448980185591568E-016
          96  1.971730279742507E-004  1.051076107254830E-006
          97  1.346825328251754E-010  7.005797658167486E-013
         117  1.808313009634565E-005  9.473852707019957E-008
         125  1.375420003876804E-004  7.194971724686053E-007
         130  8.245858971715247E-014  4.108592571862864E-016
         131  4.935658742051030E-011  2.358417944628196E-013
         133  4.443389444776775E-007  2.193012877310357E-009
         134  3.546352934599887E-004  1.945356124061833E-006
         135  2.013113646872539E-026  9.298605751406121E-029
         141  6.844864722649059E-011  3.519731810938691E-013
         144  1.567203943801882E-004  8.129947659320752E-007
         149  8.972447303804223E-009  4.390386689820496E-011
         150  1.715614105585849E-025  7.909150079963088E-028
          16
           2  5.945765475472719E-017  2.748011971860724E-019
          22  1.322140526046386E-005  6.841179434540856E-008
          48  1.063642319586676E-007  5.571556148214125E-010
          50  1.077723931691023E-014  5.154362620689677E-017
          74  5.332259745559246E-019  2.513771443488653E-021
          81  5.506247511758875E-015  2.586558618368893E-017
          90  6.352008618328618E-012  3.198788250522035E-014
          95  6.559216813532552E-020  3.034110068897582E-022
         103  1.442014446117727E-012  6.821591278871980E-015
         113  7.092173507307601E-019  3.275504409570796E-021
         130  3.385656494259977E-008  1.766266998273766E-010
         134  2.093570807984497E-016  1.020596253835692E-018
         135  8.471186932934238E-005  4.359778414647274E-007
         145  2.121620712278861E-004  1.073471999183881E-006
         148  2.136500116120276E-014  9.884733041314527E-017
         150  4.035597936806640E-004  2.053194522008933E-006
          23
           1  7.245508857000980E-020  3.361498537835611E-022
          11  6.675317937577930E-009  3.185754309434579E-011
          19  2.431093078650454E-011  1.132367448021557E-013
          21  4.133425046414455E-006  1.949184076578710E-008
          27  2.940650968801163E-009  1.443579818715843E-011
          33  2.292854167098022E-016  1.061182947158597E-018
          39  6.929814462006286E-016  3.205627976810920E-018
          47  2.049058424160949E-028  9.482593047625156E-031
          52  1.187694107692988E-011  5.684658964218953E-014
          55  1.940600884135156E-007  9.113410026150698E-010
          69  1.569334070046676E-016  7.248148127025781E-019
          74  2.378437460133522E-023  1.105889886045526E-025
          77  6.780527663474353E-008  3.179608085513244E-010
         103  1.379842227733512E-017  6.405549341286944E-020
         104  2.984412865961453E-023  1.386415177183846E-025
         108  8.404610549707536E-008  3.938922491354130E-010
         114  1.671434525966465E-007  7.818815932734522E-010
         119  1.614164466149803E-006  7.854170061289797E-009
         120  1.451851787914605E-014  6.928985997478050E-017
         126  5.863764363284916E-022  2.719230209869454E-024
         127  2.676550047928744E-017  1.270382303996571E-019
         142  7.685860977245281E-015  3.568360701093899E-017
         146  1.089943465832386E-016  5.051444996295426E-019
           6
          62  3.101626761407265E-030  1.433151665369707E-032
          84  4.239548366961853E-010  1.967340613603461E-012
          93  6.260263064336567E-010  2.903250220440486E-012
         116  1.018045344920370E-009  4.707435614657989E-012
         121  6.685395787945037E-023  3.087424881608115E-025
         143  8.115455892707537E-015  3.754696121944414E-017
          19
           3  6.108602714921984E-009  3.140675032206358E-011
           8  4.186426589934458E-008  2.128219137081479E-010
          12  3.601006921745238E-008  1.787932309570020E-010
          13  1.491961288355055E-024  6.887450481835846E-027
          17  4.512421228426171E-009  2.122032802670243E-011
          29  3.668794430589466E-006  1.746229307278639E-008
          30  8.528865404764955E-016  4.163703395584639E-018
          32  1.171036910287499E-009  5.555675097515834E-012
          51  1.124816078500806E-016  5.204109836404049E-019
          57  7.527430010088169E-010  3.858721226194534E-012
          59  3.219854245545711E-020  1.508409322319980E-022
          60  1.414051412313479E-016  6.902352336611459E-019
          62  1.274205500960281E-004  6.231288122890048E-007
         105  4.826586736108339E-013  2.414460259088987E-015
         111  1.495624794888580E-006  7.418358229024733E-009
         116  4.517284783759890E-031  2.087418691014652E-033
         132  1.420601331220088E-010  7.237754157190718E-013
         138  1.806337796279041E-008  8.885687030149682E-011
         143  9.132788739207780E-007  4.324084942206221E-009
          26
           4  8.748807924745673E-006  4.405149752691046E-008
          15  4.907620498045094E-005  2.455599195540528E-007
          18  1.133833287546528E-007  5.374377687273922E-010
          22  2.362409889436843E-009  1.192344662570163E-011
          35  1.288675603864253E-004  6.363767842589705E-007
          36  7.649664801169872E-004  3.881196000014805E-006
          48  1.004133944278216E-014  4.932472573260265E-017
          50  5.539132929741230E-004  2.848878022247335E-006
          61  1.062663482783578E-014  4.959973706734577E-017
          63  2.972850305921416E-018  1.372516472605699E-020
          64  1.467858775610563E-005  7.363467110210055E-008
          65  3.376869495769380E-027  1.556744634772105E-029
          72  4.724325981635974E-006  2.357521857933336E-008
          81  9.478942716066105E-005  4.679706691804423E-007
          83  2.409167461211782E-005  1.162803829574237E-007
          88  3.118827292043198E-007  1.483954330077278E-009
          96  1.583415434717528E-009  8.063178280116241E-012
         109  7.916091390819482E-017  3.661399329495350E-019
         117  1.305780717693298E-011  6.462824197283703E-014
         125  2.892948833212062E-008  1.463576780470840E-010
         131  3.474920044864806E-012  1.640233859978746E-014
         133  7.963142961591848E-007  3.899448988023297E-009
         134  3.814735575205526E-008  2.013055941906883E-010
         139  3.735774088475399E-010  1.751151274176835E-012
         144  3.200824318627388E-007  1.617126733266443E-009
         149  4.874959192186441E-012  2.320985767626507E-014
          31
           3  1.006344742542255E-008  5.331899759716139E-011
           8  5.089054556987924E-013  2.529580480401293E-015
          14  2.490210258311794E-004  1.382358482653101E-006
          22  1.711099687021880E-008  8.909937731741810E-011
          25  1.596533520082216E-009  8.461284119935541E-012
          27  1.784836459422204E-012  8.746614805425712E-015
          30  2.381282052320212E-008  1.281752037638310E-010
          34  6.586420280359629E-022  3.063341566151126E-024
          41  1.003258959995858E-004  5.672976317411853E-007
          48  7.739957468371644E-005  4.254570995976352E-007
          50  3.864869539577544E-019  1.812870815428392E-021
          57  1.273498592736577E-009  6.708520374650431E-012
          60  1.239048410762298E-005  6.893166664794569E-008
          74  9.302486312533293E-007  4.930640503653205E-009
          76  1.027784795844041E-004  5.773647442023410E-007
          90  1.982906577217589E-004  1.088978042377017E-006
          96  1.752420802394621E-012  8.845124403827696E-015
          97  3.851920836179606E-008  2.083443745652434E-010
         104  3.595366607860710E-007  1.899092694236478E-009
         105  3.091622177884589E-008  1.662050028781104E-010
         117  1.487929541433358E-021  6.930164370947929E-024
         120  1.914278896221637E-011  9.539121321898135E-014
         127  1.787776953018375E-007  9.384104505334591E-010
         130  1.106613854412988E-004  6.079641384996935E-007
         132  2.350424322424718E-009  1.244211853155262E-011
         134  3.014462629569363E-005  1.670993515063034E-007
         135  3.113726927022519E-009  1.596474079461786E-011
         137  2.827822773744256E-004  1.558624308332831E-006
         141  2.110699599470299E-010  1.104475274900194E-012
         145  9.549605783999860E-015  4.587639218420931E-017
         150  1.921576760983581E-012  9.443379549336776E-015
          16
           1  3.646145111153042E-008  1.706040525707995E-010
           6  3.076688494047003E-012  1.423534572227937E-014
          19  1.127916228680193E-007  5.278663337940065E-010
          21  4.755920595062119E-012  2.213131765266890E-014
          44  6.287648888555976E-014  2.909471261669466E-016
          47  1.251192199062878E-009  5.797077617733717E-012
          53  7.567605220768845E-014  3.502226164279637E-016
          55  1.530304668620082E-008  7.156353997330130E-011
         102  5.779010335474860E-031  2.673924453577070E-033
         103  1.090978368937316E-013  5.121455989505601E-016
         108  1.144893125115670E-008  5.349403082712552E-011
         110  2.480952796431626E-025  1.147504676947321E-027
         114  4.456417774491345E-010  2.073895756800878E-012
         119  1.500754785837991E-021  6.946700257490594E-024
         140  2.127206301476266E-010  9.929822444531122E-013
         142  8.739588169808092E-009  4.113459942264333E-011
           3
          54  1.675766806734821E-027  7.745566686182652E-030
          68  1.927331717366213E-020  8.889533999080279E-023
          89  6.664599047874731E-022  3.083359273173144E-024
          26
           4  1.222099643965426E-007  6.149118565876309E-010
          15  1.643943608590241E-007  8.193663824889352E-010
          18  7.346942271767263E-016  3.411189658603899E-018
          22  1.842591493647612E-004  9.686282734334463E-007
          25  3.648266614795661E-017  1.761264801225097E-019
          35  4.418700921231424E-008  2.167510866655715E-010
          36  5.602902879569907E-005  2.853402158988189E-007
          41  2.603467403312330E-019  1.252251161209520E-021
          48  1.389145924019078E-005  7.449607894453700E-008
          50  1.540986352924816E-003  7.997511606685699E-006
          64  7.230033727574882E-008  3.611097729286356E-010
          72  1.194548790538883E-008  5.911638508492297E-011
          81  1.139814512222070E-005  5.653037567846344E-008
          83  6.341611561217393E-010  3.021903921217730E-012
          88  2.759460470490031E-018  1.274929962783287E-020
          90  4.866282876404545E-014  2.411773910079262E-016
          96  3.638263981694716E-008  1.887969216649327E-010
         117  5.163443567121157E-011  2.585209379133408E-013
         125  1.124155542436764E-008  5.705952753879514E-011
         130  1.245121889486076E-008  6.521346883309990E-011
         133  6.225055008147847E-012  2.979026962360378E-014
         134  3.465361744622672E-004  1.894359899689885E-006
         135  4.017198480974613E-009  2.028377992749046E-011
         144  2.571403932084671E-008  1.299919931347247E-010
         145  1.978439155618016E-012  9.585927447822737E-015
         150  1.450207590364233E-008  7.266783984343649E-011
          16
          22  9.223086106991082E-005  4.816879629057126E-007
          48  2.304068279753712E-005  1.231829073377224E-007
          50  1.793975284190144E-014  8.603480623121659E-017
          74  5.418031440416364E-009  2.756497471189948E-011
          81  7.730727650163678E-023  3.575761860863573E-025
          90  6.885219135956840E-007  3.632550710305749E-009
         103  1.886464932368285E-008  9.154196768540410E-011
         130  3.171255554516061E-005  1.690426217288461E-007
         134  6.147378183215806E-011  3.171652630403661E-013
         135  1.459925549687057E-003  7.575861100441618E-006
         137  1.267154452167913E-010  6.504592168973658E-013
         140  2.137645314838127E-025  9.868041606089247E-028
         142  1.580937007839914E-022  7.294856006093550E-025
         145  1.317974689027842E-003  6.712610280768637E-006
         148  1.862278649559010E-024  8.578882613050465E-027
         150  1.675210798362386E-003  8.578682076193616E-006
          11
          12  1.749392048103640E-014  8.284987244296673E-017
          17  2.711886183855697E-009  1.265644832025214E-011
          29  9.203737449688757E-017  4.248880088321708E-019
          32  2.922924224268216E-007  1.387337876917157E-009
          51  2.450091145156306E-007  1.142784418362520E-009
          73  2.161103926361880E-027  9.951552695813421E-030
          98  3.326114027743507E-010  1.580492832081318E-012
         111  2.196076206262672E-012  1.046648153849400E-014
         112  3.545171422081612E-020  1.643960925618333E-022
         138  3.652710371735006E-012  1.742069333002785E-014
         151  2.667969565934392E-013  1.229987911415665E-015
          11
          54  1.496631474731519E-011  6.940334057630865E-014
          61  4.065546045385161E-015  1.886681235711411E-017
          63  2.330912978151754E-016  1.075355338157764E-018
          65  1.078264915772051E-010  4.997028045256801E-013
          66  4.267485091111026E-020  1.972060723055591E-022
          68  2.975629860632528E-028  1.371462328458593E-030
          78  5.048968506657624E-011  2.330127622815345E-013
          80  4.265027116434200E-017  1.964248420450578E-019
          89  4.264302268489499E-011  1.977904387292699E-013
          91  5.419941410935113E-011  2.517064220661469E-013
         131  3.932150409866225E-020  1.814012972547661E-022
          26
           4  1.086960122053183E-016  5.118724436606359E-019
          14  8.751646232658823E-013  4.437845917387969E-015
          15  1.570469884596931E-018  7.306314875193858E-021
          22  2.148039676495916E-003  1.138292475830152E-005
          25  6.958739781326572E-020  3.287985246312669E-022
          36  1.051442086621553E-009  5.215224619761559E-012
          41  6.343349715522627E-012  3.307980099771546E-014
          48  3.011906508340043E-003  1.644584107260457E-005
          50  8.175164992166060E-006  4.215555989890173E-008
          64  2.762620709313288E-019  1.283405175627400E-021
          72  1.423136533349774E-027  6.532416258407901E-030
          74  1.606032851464567E-010  8.125130493706568E-013
          76  3.883912636606796E-018  1.879934674302768E-020
          81  5.537051970639352E-010  2.688985982507469E-012
          90  5.467041882552207E-006  2.935029886440888E-008
          96  9.676634375355123E-012  4.870754663323915E-014
          97  5.601606425409939E-026  2.580322276172494E-028
         117  8.438816879165732E-021  3.927149995979542E-023
         125  1.203955212901156E-015  5.762125460806136E-018
         130  2.887956724234288E-004  1.566544070582112E-006
         134  7.614094791625456E-004  4.189859674518883E-006
         135  5.991658261650304E-005  3.123131845953950E-007
         137  2.099890923176370E-008  1.109217017579407E-010
         144  2.080335808357677E-016  9.857111028765949E-019
         145  1.191467932842210E-006  6.030761066353689E-009
         150  3.138123781144978E-005  1.611596414228508E-007
          14
           7  4.531013546765768E-025  2.092708246110896E-027
          12  5.553671019144026E-024  2.565655012434451E-026
          23  2.644691013227403E-007  1.237880125573096E-009
          34  7.705839918709137E-012  3.796956050196509E-014
          49  4.436668342561466E-006  2.092086961635281E-008
          59  3.714233633160332E-012  1.823747384785079E-014
          92  3.507804591674310E-010  1.651029408987246E-012
          98  7.236906800816139E-008  3.491866869823874E-010
         112  2.528903673807448E-008  1.249653928475405E-010
         115  4.110551186386053E-017  1.902132448982547E-019
         122  1.164901089706231E-014  5.419412085441568E-017
         129  2.613468565052197E-008  1.233584991065509E-010
         138  2.462102749395397E-019  1.142344391841512E-021
         141  7.067874288650015E-020  3.340562354326796E-022
          27
           1  1.191931504294535E-019  5.510092379252501E-022
           5  3.126545174558761E-013  1.478959805867311E-015
          11  1.311169892662998E-007  6.317929850281490E-010
          14  4.388147575185993E-008  2.301904682766971E-010
          19  3.732641365147672E-013  1.732875026354507E-015
          21  6.809934547025517E-009  3.200923566012272E-011
          27  1.090934965640904E-003  5.545350188546169E-006
          52  1.358820258269231E-006  6.718916506367597E-009
          55  1.961938777244422E-009  9.190476420102912E-012
          74  1.101325195475495E-004  5.734594912925295E-007
          77  5.825627392851307E-014  2.700782645182875E-016
          90  2.086396855641569E-007  1.093230074779917E-009
         101  2.233589843759421E-012  1.060372379084904E-014
         103  1.121887750864564E-006  5.470721127702872E-009
         104  1.979065550320158E-005  1.027552580861453E-007
         108  5.240731335816880E-011  2.443641418365407E-013
         114  1.329224444343590E-012  6.169695648203281E-015
         119  3.684431368103585E-004  1.820677659601771E-006
         120  1.113073649920708E-005  5.654650865855910E-008
         126  1.158674030581114E-010  5.565901664124949E-013
         127  6.883931535527417E-005  3.575939103740948E-007
         130  7.907591657127949E-011  4.020633960319971E-013
         135  1.132059429829520E-015  5.390960807201362E-018
         137  1.877243052586688E-006  9.930686864184606E-009
         140  4.865815825127253E-020  2.242904328555903E-022
         142  1.011009028450040E-009  4.764245593994498E-012
         145  6.432781921269543E-019  2.997207274279820E-021
          12
           7  6.992586505184779E-016  3.239197814942946E-018
          23  6.499654457708062E-008  3.033295572219402E-010
          34  2.939648773988373E-027  1.355871758580145E-029
          49  4.535883726178697E-007  2.129494257339731E-009
          92  4.306608322443031E-009  2.030358571344205E-011
          94  4.845926845286911E-027  2.233986609317758E-029
          98  4.308320492870218E-016  2.004437696516509E-018
         100  1.176815363680443E-020  5.424461485595202E-023
         112  3.619818315219868E-018  1.690808135104949E-020
         115  1.067712726549203E-013  4.971204963693321E-016
         122  6.666844799613961E-012  3.120661778907123E-014
         129  2.602262427320657E-007  1.228937921271845E-009
          22
           3  4.136588815757723E-006  2.180696365040254E-008
           5  4.333634584543870E-006  2.142148530976632E-008
           8  4.693565165014978E-004  2.450558359901339E-006
          11  2.488173674890219E-019  1.148782168445119E-021
          14  5.832711954177111E-010  3.020248377866244E-012
          30  9.481014549774808E-018  4.551608913561119E-020
          52  5.323771688385882E-010  2.585619594874744E-012
          57  1.389565939503334E-010  7.096860809049999E-013
          60  2.019996680544986E-009  1.061813333736254E-011
          62  7.535335757368277E-008  3.647433133598548E-010
          76  8.348156781718304E-010  4.391079112392001E-012
          84  2.070531778028501E-016  9.578473038790593E-019
         101  1.966741688085833E-007  9.624176703808294E-010
         104  3.230853270937856E-010  1.626924441653100E-012
         105  3.018002370146176E-013  1.507629560433281E-015
         106  4.632560073497873E-016  2.144406499195392E-018
         120  4.431079858089385E-009  2.207439708901443E-011
         124  1.710927244898845E-009  8.090406208790645E-012
         126  1.372549442011191E-007  6.729867630304427E-010
         127  3.910171469050094E-012  1.929347803950880E-014
         132  1.762624491503449E-011  8.922137990609806E-014
         143  1.060031651664077E-019  4.893409709534388E-022
          10
           7  4.288887206627415E-009  2.021704537505310E-011
          10  2.523727375711336E-030  1.162171992539668E-032
          23  5.883453087523888E-013  2.724832114786195E-015
          49  2.685487694403678E-011  1.248705838844381E-013
          58  4.562759609096695E-014  2.108174934425495E-016
          80  1.352560995018705E-021  6.238253481523334E-024
          92  6.747752219670299E-007  3.202984220965761E-009
         115  1.259311098637361E-008  5.956442832354589E-011
         122  7.072274826707449E-008  3.351394407775213E-010
         129  3.486075939186058E-006  1.649446021079219E-008
          25
           5  9.222613532643758E-027  4.239214312342443E-029
          11  2.412095956589823E-017  1.118717203487012E-019
          14  1.260049678047769E-004  6.868057684962187E-007
          22  2.386607122878303E-010  1.205774176454928E-012
          27  9.236065652983565E-005  4.731045245218559E-007
          41  5.917223744972434E-017  2.910132750640220E-019
          48  3.695022219802006E-006  1.982691345696725E-008
          52  4.720731203507913E-010  2.306937977137024E-012
          60  8.159415239042163E-017  3.988462119548871E-019
          74  3.228575479296890E-003  1.717119805109180E-005
          76  3.952574447574103E-012  2.045252123152769E-014
          90  2.448784880218892E-003  1.329819769529603E-005
         103  4.221630322491299E-007  2.076786095528389E-009
         104  1.021759277766313E-004  5.406522693099666E-007
         119  1.122319638930225E-007  5.518923252266148E-010
         120  1.212234730641095E-006  6.201185087736771E-009
         126  8.800227860263681E-020  4.079042947982376E-022
         127  2.043517112511995E-004  1.078077571041673E-006
         130  2.999247892980718E-004  1.622299621023938E-006
         134  1.427273463422166E-012  7.277635542781274E-015
         135  2.261306765623937E-006  1.168632251167984E-008
         137  2.497375451201792E-003  1.359716433152544E-005
         142  5.801567421665857E-016  2.691319529544476E-018
         145  5.939335805265677E-008  2.981081484215010E-010
         150  1.106867166013172E-008  5.554755060320701E-011
          31
           4  5.777422155112142E-015  2.744250548230361E-017
           7  3.158344308920425E-009  1.499586448850510E-011
          12  3.075461219022511E-014  1.466726469736412E-016
          23  5.068257059099013E-021  2.341753614851245E-023
          25  1.060480952082681E-005  5.649999502891734E-008
          30  7.110458725998461E-011  3.647419187494303E-013
          34  4.430322295192477E-004  2.320131073951987E-006
          41  1.856842912716844E-013  9.441955861673748E-016
          49  2.199230310432245E-012  1.025187264999947E-014
          57  1.989939128802089E-018  9.478270479499056E-021
          59  1.218777503558514E-006  6.276510504858558E-009
          63  4.972326378395828E-020  2.291724368794363E-022
          64  1.499407063958224E-019  6.967497021936725E-022
          72  2.144434962845181E-016  1.005481790968719E-018
          92  1.048001154411764E-006  5.031122730935820E-009
          96  2.027761095089137E-007  1.050166414176258E-009
          97  8.192160723452364E-007  4.368870305792561E-009
          98  1.182809563046489E-009  5.687716005245483E-012
         105  2.201223518146580E-013  1.097707341741687E-015
         112  1.952939638555711E-006  9.824662896633286E-009
         115  6.048186333056783E-008  2.894125629111298E-010
         117  4.695313411501015E-006  2.426542400045378E-008
         122  4.962726830412900E-008  2.371813882807182E-010
         125  4.734673854860111E-008  2.400080076027131E-010
         129  1.981478544920058E-007  9.431673509835801E-010
         131  2.966807312380150E-017  1.376994302990380E-019
         132  7.739354865380646E-016  3.765302708164533E-018
         138  8.251226504768719E-015  3.899786404168560E-017
         141  1.487339933234830E-005  7.908261620642118E-008
         144  1.350783436635480E-009  6.718702479085291E-012
         149  7.200846328748193E-010  3.475541954332742E-012
          17
          14  2.524991507264312E-014  1.259365566798426E-016
          22  2.874995841347582E-003  1.525099893823733E-005
          36  3.978641019460764E-013  1.925305222161730E-015
          41  1.160387150007984E-020  5.537382455604014E-023
          48  2.219673834497581E-003  1.209483691469962E-005
          50  5.502371555430909E-007  2.818477880274741E-009
          74  2.582941916794063E-009  1.320573225370735E-011
          81  9.275040867448198E-011  4.488335968836216E-013
          90  9.743185551205512E-006  5.234205974075941E-008
          96  1.879515588776894E-025  8.688319890755433E-028
         103  8.053031683325584E-016  3.773149555241617E-018
         130  4.589488514572886E-004  2.490723172829274E-006
         134  4.505356417264685E-005  2.461487871161970E-007
         135  5.773424639402600E-004  3.022145876143195E-006
         137  2.040934530766752E-008  1.080198592151643E-010
         145  4.932747363636147E-005  2.524718811341780E-007
         150  4.197083329775716E-004  2.168382306012239E-006
          17
           7  9.555656803438064E-008  4.524944428756045E-010
          10  5.819899225433207E-012  2.685500258506437E-014
          54  7.500329773898208E-014  3.482020737494106E-016
          58  2.315327699007500E-014  1.071258350610053E-016
          61  1.828350987088486E-017  8.484949458067410E-020
          63  5.807829896148373E-014  2.700500431751337E-016
          67  2.716488737789768E-013  1.257808874085481E-015
          68  5.036853515453153E-018  2.329033796447682E-020
          80  2.726804973268881E-009  1.269024816913170E-011
          89  4.820506812542496E-016  2.236409766965372E-018
          91  1.812724695554644E-019  8.389425777566035E-022
          92  3.898426266216164E-008  1.843988448262833E-010
         115  5.667370281000280E-008  2.688915651533309E-010
         122  1.166759816397135E-007  5.534653202553497E-010
         129  1.050428028561192E-008  4.939373199210550E-011
         131  3.488270014326039E-018  1.616999105950589E-020
         149  1.473638003919468E-016  6.866541296434918E-019
           4
          84  4.933072307660692E-014  2.282217538010473E-016
          93  8.566810107126211E-014  3.966713757701093E-016
         116  9.639769343221229E-031  4.449479323235310E-033
         121  1.952760560221793E-016  9.024149342728136E-019
          19
           5  7.909248813519048E-009  3.823544132196173E-011
           9  9.757880671717967E-017  4.498491955947736E-019
          11  5.283647485778673E-006  2.545180872135472E-008
          21  1.150441000846716E-014  5.328000478873236E-017
          27  9.439991869634548E-016  4.450529879937732E-018
          33  2.875194610335421E-006  1.349897717243681E-008
          39  3.380091028575011E-014  1.561005978843040E-016
          52  1.498787959000088E-007  7.324157052744563E-010
          69  3.449416230900555E-010  1.593876278475794E-012
          77  3.310993209503386E-007  1.552001607730079E-009
          86  3.483564333025989E-015  1.608252414678820E-017
         101  1.533080899819359E-007  7.430215280735894E-010
         104  9.398368345684739E-020  4.403724300204022E-022
         106  1.866805052508490E-007  8.786395518827992E-010
         119  3.384548757886946E-011  1.608797454546757E-013
         120  9.859407780251760E-011  4.821477186378149E-013
         124  6.924820229756279E-009  3.260816064118841E-011
         126  1.789565678966593E-007  8.694966137982698E-010
         127  4.398192623238579E-019  2.065168098936955E-021
          27
           4  1.423188907479972E-017  6.667147914386525E-020
           7  8.468629704787535E-006  4.050625893776308E-008
          23  6.089681533903161E-021  2.816310898300078E-023
          25  8.938354629839455E-013  4.467759808455265E-015
          34  6.075812205485110E-008  3.091145438235022E-010
          49  1.173359923634489E-013  5.446780255277469E-016
          54  1.692577305415836E-022  7.837181589864224E-025
          59  5.248819861052728E-023  2.436357943258981E-025
          61  6.473860577800278E-013  3.035470812343538E-015
          63  7.824135982181996E-011  3.679341642150267E-013
          64  3.176602138271579E-022  1.470619288214631E-024
          72  4.822211078558284E-017  2.253921187617289E-019
          80  2.219074328040622E-012  1.029758938025903E-014
          92  9.274791945222384E-005  4.456050390346542E-007
          96  4.921812795355830E-012  2.440445262056033E-014
          97  3.189831838458984E-022  1.493498514958149E-024
         112  1.976280737089668E-016  9.301824049571227E-019
         115  2.587048450674589E-005  1.243343928482369E-007
         117  8.834846026900413E-009  4.456610703678637E-011
         122  3.077537075462717E-005  1.477358910969872E-007
         125  1.166553413926457E-010  5.769103790117971E-013
         129  2.833362121560394E-005  1.351007135945926E-007
         131  3.326829412145255E-011  1.574557810307548E-013
         133  5.729962686993988E-023  2.651137450380629E-025
         141  1.497245090656164E-013  7.422429628409955E-016
         144  8.466858659142062E-012  4.121628459748764E-014
         149  2.658961230770760E-008  1.289153530251558E-010
           1
          69  5.877711573527211E-027  2.712516389544915E-029
          36
           4  3.358434517746124E-006  1.717055930187992E-008
           7  1.473895015177782E-020  6.814024278804781E-023
          15  2.909615614842193E-008  1.450879863673364E-010
          22  1.116843855581037E-021  5.196918576332646E-024
          25  1.693703804863502E-003  9.278716241154019E-006
          30  1.100379000141241E-007  5.909958619722931E-010
          34  3.239633925105493E-004  1.725424709864065E-006
          35  7.545815827260116E-017  3.542580243014977E-019
          36  5.878722463267977E-009  2.945834743612621E-011
          41  1.302256347161881E-005  7.242724441912113E-008
          48  1.575654314414662E-013  7.911236353602636E-016
          50  3.583250995672036E-010  1.797727498093315E-012
          57  8.279259352053531E-012  4.226366220595804E-014
          59  9.476776555871242E-009  4.881497869207470E-011
          60  3.204583414438036E-010  1.695016798925303E-012
          61  1.737124556534902E-018  8.072635197143610E-021
          63  3.524427228900613E-017  1.635692749087586E-019
          64  4.229072047151302E-007  2.136655448105424E-009
          72  5.019591619785420E-007  2.530465313413914E-009
          76  6.671834365086913E-010  3.554324979124160E-012
          92  5.312378901961079E-018  2.458083455234236E-020
          96  2.924789048080823E-003  1.577968714979904E-005
          97  2.502069939675770E-004  1.376496532110841E-006
         105  6.700408604678563E-009  3.547361788637140E-011
         112  7.908712850754468E-013  3.842547581993867E-015
         115  1.399414644224608E-015  6.530093198630792E-018
         117  1.454180984850311E-003  7.742872358283039E-006
         122  1.076008939130755E-019  4.983387283794565E-022
         125  4.911579073493684E-004  2.591842902045467E-006
         131  1.932861904641673E-012  9.195880540883047E-015
         132  9.290160264025359E-011  4.801945820029815E-013
         133  1.976536449088305E-010  9.599206341379282E-013
         134  1.023379842794982E-005  5.591206711970509E-008
         141  3.194353031346621E-004  1.741928175927133E-006
         144  1.072398609722103E-004  5.589753698626762E-007
         149  3.793961014415991E-008  1.873128910916621E-010
           2
           9  7.973917794170895E-023  3.666837272125467E-025
          86  2.650125584997968E-023  1.220106556099524E-025
           3
          37  4.545941151812990E-019  2.100233152391634E-021
         107  2.256331986426359E-016  1.043507265486089E-018
         139  2.484212072777211E-025  1.148584588581130E-027
          10
          28  1.137462819962124E-011  5.244269928340823E-014
          43  1.398178346082682E-018  6.445238085632747E-021
          46  3.308776934893219E-010  1.528510198547593E-012
          56  8.480231730942263E-014  3.913750541037506E-016
          85  1.496291737094249E-024  6.925719070047250E-027
         113  1.248410326588024E-009  5.772128367944372E-012
         118  8.913660072391758E-019  4.119342498951218E-021
         123  3.278348887169871E-010  1.515495558657355E-012
         147  3.993874555967358E-011  1.849658237332841E-013
         148  2.916242193458936E-009  1.349963729316520E-011
          16
           2  3.544592622980487E-016  1.636814196723291E-018
          22  6.513191253913948E-004  3.411347811147411E-006
          36  4.736935121157322E-019  2.207085198162165E-021
          48  2.410017538888085E-005  1.284016036564005E-007
          50  2.810475843363798E-008  1.411532927576922E-010
          74  1.741148624287906E-015  8.379720921545449E-018
          81  1.754556022748962E-009  8.480736507303248E-012
          90  2.702351153398864E-009  1.396755462571404E-011
          95  1.751292845024855E-018  8.089475118815278E-021
         103  1.033912502020392E-016  4.804774927451770E-019
         130  2.659729052500030E-006  1.406616429818099E-008
         134  1.227352281540509E-008  6.465974634774340E-011
         135  2.551118476475505E-004  1.318728640333132E-006
         137  9.536052114781073E-017  4.606876536301685E-019
         145  1.387705055606073E-004  7.030321590239665E-007
         150  8.033089782828815E-004  4.108503812687145E-006
          17
           1  1.810046865580862E-007  8.493112340952240E-010
           6  4.219873437963246E-027  1.953345440124655E-029
          19  8.126320373345550E-009  3.801242003015190E-011
          28  5.860200698299525E-015  2.707795098028200E-017
          44  3.509157476779072E-025  1.624726525395112E-027
          47  8.706142931759797E-015  4.032417238240475E-017
          53  1.233291734631880E-008  5.730373333533863E-011
          55  9.286246800564767E-013  4.314951248389203E-015
         103  1.193690583489482E-007  5.766449778234775E-010
         108  4.177680132559403E-014  1.939509972151956E-016
         110  8.352865794946006E-011  3.871591796652120E-013
         114  8.093192112162765E-030  3.749054599156875E-032
         123  2.277248973083026E-010  1.056174716438067E-012
         140  3.135303106721370E-006  1.478534947794885E-008
         142  1.708005846641598E-006  8.106382205423012E-009
         145  8.068277293131922E-019  3.772947239354781E-021
         148  4.997864851920380E-020  2.308532483098881E-022
           4
          18  6.230664703720370E-028  2.870544869742119E-030
          20  4.640219875885408E-016  2.146642423626725E-018
          38  4.901338538753471E-028  2.260486569965428E-030
         109  8.455019830065308E-017  3.895090820134893E-019
          14
           2  1.972198890657741E-012  9.151755584265041E-015
          18  1.436747863002410E-007  6.773050539405398E-010
          20  3.055015863588271E-009  1.427349108914910E-011
          35  3.037264903729942E-016  1.424051499380582E-018
          38  3.976952929047815E-010  1.855694684598498E-012
          42  6.250984759243043E-013  2.897942756528627E-015
          71  5.168428601648614E-023  2.397577717530857E-025
          81  2.653328804074286E-010  1.269926960439649E-012
          83  1.061163194522761E-009  5.011646028468313E-012
          88  9.890711677307485E-014  4.600449882816565E-016
          95  5.348254485559126E-012  2.488447096444049E-014
         107  3.604771491955219E-024  1.671050415309832E-026
         109  1.817083563148697E-008  8.461583393538013E-011
         139  5.007276610145303E-014  2.326052082735132E-016
          10
           2  3.397326670048241E-029  1.560415558047061E-031
          18  5.365957316700755E-011  2.493703880734164E-013
          20  4.168517248890474E-012  1.930300160305745E-014
          38  2.458035811299456E-015  1.133879344567729E-017
          42  2.324882243934001E-024  1.069206275440665E-026
          83  3.128276857524875E-017  1.440747291893842E-019
          95  2.025942476005847E-023  9.325585857100554E-026
         107  2.860339955022200E-028  1.317931700285467E-030
         109  3.270584127625693E-010  1.510436923153831E-012
         139  1.904282110232822E-027  8.771782265873981E-030
           8
          13  4.871311889273766E-011  2.240632854925660E-013
          17  2.456992814425436E-021  1.131709794591893E-023
          29  5.521247122470922E-011  2.568407133480350E-013
          31  3.461744069968133E-011  1.592869474369964E-013
          62  6.827989687598550E-013  3.198312476690866E-015
          70  1.995638218919865E-016  9.191468757156398E-019
         116  2.394249531539868E-013  1.102285036269023E-015
         143  9.881050787822236E-009  4.609389778506222E-011
          20
           1  9.746176847752174E-008  4.565004312023613E-010
          19  4.000404983492324E-009  1.868026091862309E-011
          27  9.897328207591635E-022  4.582666465851327E-024
          28  3.881665148682106E-015  1.789513805354721E-017
          47  1.534901855676353E-019  7.089537015025147E-022
          53  2.558780974719387E-009  1.186616149760995E-011
          55  7.153600056397568E-013  3.316735794713626E-015
          74  9.554773051730293E-017  4.546866962618950E-019
         103  5.642519565204331E-006  2.742601608366678E-008
         108  8.866214891669063E-015  4.105057531385408E-017
         110  4.614075068714856E-012  2.133490847061303E-014
         113  6.188014177970418E-028  2.853198328363674E-030
         119  1.721131555726357E-021  7.952384079271981E-024
         123  1.065088972916041E-009  4.935762191502345E-012
         135  2.054566389508282E-014  9.851304820925405E-017
         140  7.238629468325351E-006  3.413591641150694E-008
         142  6.359135117737941E-006  3.019320650615306E-008
         145  9.975798861906439E-011  4.838890080176486E-013
         148  2.401881417183415E-015  1.107498413551199E-017
         150  2.138134492988550E-016  1.006194677125956E-018
          16
          12  1.371562093180771E-007  6.781867689191043E-010
          13  4.767016909674184E-031  2.194168115864786E-033
          17  6.467261209036587E-006  3.048455262621071E-008
          29  9.368044766439159E-007  4.423083765908804E-009
          32  2.413186691379620E-005  1.155127035129316E-007
          51  1.113544721244460E-006  5.212665392675194E-009
          57  1.021015022858454E-022  4.754275132864635E-025
          59  7.863022210942850E-017  3.729259936771355E-019
          62  7.010669085073602E-012  3.307262302305195E-014
          98  7.473985397315068E-010  3.561915673322506E-012
         111  2.744481365469091E-006  1.355249332545986E-008
         112  3.200281424662288E-013  1.529070854583353E-015
         132  1.762364200110620E-026  8.133320404683027E-029
         138  4.674072834444423E-007  2.302274634686049E-009
         143  6.800581932991374E-015  3.145359614049496E-017
         151  3.538816412675094E-013  1.632823921469634E-015
           2
          23  5.430162329936007E-031  2.508237571650732E-033
         100  2.540490670882196E-029  1.170025223735355E-031
           2
           6  6.617887995101292E-025  3.060153862871835E-027
          47  7.582062793062186E-023  3.507012741443039E-025
           4
           9  4.049599367331535E-015  1.864584519757631E-017
          33  1.210278770257740E-018  5.580093742557964E-021
          86  3.807721030625747E-014  1.755491389014486E-016
         106  1.370185862562609E-018  6.320436706431059E-021
           4
          17  6.236002801371218E-014  2.886803378253738E-016
          32  5.527125771058977E-019  2.552132828845711E-021
          51  1.215773187214106E-011  5.628627383431681E-014
         151  3.266596568317094E-012  1.506967312801847E-014
          10
           2  2.855531869537454E-007  1.334727280667175E-009
          20  1.163917424648115E-009  5.425239921592679E-012
          38  7.141794424507920E-008  3.338747154799539E-010
          42  1.242366551929408E-007  5.784341345224857E-010
          71  4.119181176026748E-009  1.911451099348718E-011
          81  8.901218067101365E-016  4.160082687002034E-018
          87  3.151286667355361E-024  1.459956234259579E-026
          95  2.445506871240119E-007  1.144143523085697E-009
          99  2.458752114234610E-013  1.137914103209781E-015
         136  3.790006531106902E-020  1.751645774413563E-022
          27
           3  4.264669721409865E-003  2.319170091773698E-005
           5  1.455933476915986E-025  6.715203021237738E-028
           8  4.920145166175621E-004  2.608062616995502E-006
          12  1.526348071340057E-006  7.792179126770235E-009
          14  1.289435769853295E-008  6.861517130850961E-011
          25  6.111611447911288E-011  3.160548509213874E-013
          30  3.155757138236911E-004  1.728328796114754E-006
          32  4.852240798227501E-029  2.240148786537670E-031
          34  1.478128467930090E-017  7.040695799164338E-020
          41  1.503410979774835E-005  8.347430223004995E-008
          57  2.072663044671334E-003  1.130444237894365E-005
          59  4.150249683654787E-007  2.161876478832079E-009
          60  1.367423576167353E-003  7.585924460357883E-006
          62  3.743286505805405E-009  1.822915498138452E-011
          76  5.249433019892627E-004  2.923457665565368E-006
          97  2.429917101470798E-007  1.307681040458144E-009
          98  2.913413309786463E-028  1.343602076813401E-030
         104  1.209599035922137E-014  5.903861532457116E-017
         105  9.014722816253327E-004  4.936045507413559E-006
         111  5.367544820848731E-007  2.701193026534845E-009
         112  6.005440597292808E-011  2.967144154274940E-013
         120  4.322842524762532E-022  2.005545158672093E-024
         127  7.005262246319727E-020  3.289427381012742E-022
         132  1.574663446907448E-003  8.591120090865369E-006
         137  6.269986102433308E-017  3.043326356765781E-019
         138  1.436026539188528E-007  7.214093240229872E-010
         141  8.030471778232289E-009  4.230870710050075E-011
           6
          21  4.598124809919054E-013  2.129723512762249E-015
          26  1.090187859199323E-021  5.028729701356693E-024
          55  8.217599271166601E-015  3.794476504560065E-017
         108  8.330567265514436E-014  3.853401468604331E-016
         114  3.827824863868235E-012  1.771348330830379E-014
         146  1.292452767233326E-021  5.971140384547119E-024
          15
           5  1.265670824034446E-010  6.055400152723371E-013
           9  1.944755934351036E-013  8.977268277946588E-016
          11  1.495905523042249E-007  7.162836179802427E-010
          33  1.588986896624747E-006  7.459369970436899E-009
          39  6.608377312282555E-015  3.053012913873499E-017
          52  6.313677160577539E-010  3.044637571978109E-012
          69  2.821603643552344E-010  1.303830304457491E-012
          77  2.318235634501401E-008  1.084023942347204E-010
          86  1.815772746250014E-012  8.394778602482871E-015
         101  6.142051203624444E-009  2.957096534515870E-011
         106  1.620167498331061E-007  7.622003844483286E-010
         119  5.797098752097050E-019  2.686796425989554E-021
         120  2.871455114626609E-016  1.356813101799673E-018
         124  3.844629766882316E-009  1.808273561896803E-011
         126  4.621210646777302E-009  2.228070846315692E-011
          29
           2  7.866843250619239E-014  3.637830213302604E-016
           4  7.924113207185574E-008  3.941320278369863E-010
          15  1.014786259097243E-006  5.030809196257153E-009
          18  1.109084184980267E-007  5.247284977013783E-010
          20  3.295269963979436E-020  1.525746225723935E-022
          22  3.064474585980556E-007  1.567042646787458E-009
          35  9.825206114944763E-006  4.823382970474368E-008
          36  1.496492998021478E-004  7.561554285040544E-007
          38  3.324100802540730E-014  1.540765102140327E-016
          42  2.767580981903428E-023  1.274044960620352E-025
          48  2.082978792128406E-011  1.055499706387783E-013
          50  7.474201611542271E-004  3.832518630917509E-006
          64  1.529741933921171E-007  7.578458893035539E-010
          72  2.423234492776038E-008  1.191372754894036E-010
          81  3.980221433894685E-004  1.966402839879632E-006
          83  6.087190028503154E-006  2.925654210774007E-008
          88  4.635074387985277E-009  2.186748217802488E-011
          95  2.799514602766351E-014  1.296233522242830E-016
          96  1.001199030398234E-012  4.943236977082543E-015
         109  3.128334219027085E-017  1.443976256562505E-019
         117  1.971434686951159E-018  9.270565685093752E-021
         125  2.218390325415273E-011  1.091665221967623E-013
         133  1.094524572740113E-009  5.269877058582067E-012
         134  5.583624519462411E-008  2.946764482963340E-010
         135  5.518098642051624E-021  2.564465804611185E-023
         139  4.099895278085345E-013  1.904712091903008E-015
         144  6.919004870272975E-010  3.422756492383863E-012
         149  3.383541218387126E-030  1.557406720118627E-032
         150  7.720766867007134E-015  3.666344101469384E-017
          23
           3  1.270524833537843E-006  6.757416953817759E-009
           8  6.526157504637826E-012  3.250496578420320E-014
          12  2.470285372571820E-004  1.270747208599037E-006
          25  2.437002067441417E-005  1.319213096360660E-007
          30  1.250136984640822E-003  6.842078540357858E-006
          32  1.730428632505380E-011  8.219731906623554E-014
          34  1.181425785192724E-005  6.219765149126965E-008
          41  1.470044302200405E-005  8.139993056970274E-008
          57  4.337349872664972E-004  2.350998242697109E-006
          59  2.954897283776017E-003  1.569123103396359E-005
          60  1.154172471351177E-005  6.326572944646776E-008
          76  1.412472760552257E-006  7.734581211199991E-009
          96  2.033470426301690E-012  1.018440859213679E-014
          97  2.937681810877163E-004  1.610264809493152E-006
          98  1.154507683206317E-006  5.695576109606641E-009
         105  7.391041863371868E-004  4.031924209681308E-006
         111  1.489206730614994E-005  7.535484522077731E-008
         112  3.617210461005294E-004  1.863474276220974E-006
         117  2.970329341745943E-012  1.475083013850364E-014
         125  1.359027203480940E-025  6.280584163599008E-028
         132  6.159151787100982E-004  3.345197619956064E-006
         138  9.671259541971859E-005  4.920903875572127E-007
         141  2.891465489132345E-004  1.565519056086988E-006
