         151
  0.199268928219552     
  0.200129983693812     
  0.197330253597089     
  0.200166473059008     
  0.200162334964304     
  0.199067866216963     
  0.199019138608942     
  0.199027590180917     
  0.199245456747736     
  0.200324161686224     
  0.198785490350556     
  0.199324273063190     
  0.199673430751240     
  0.196162451078627     
  0.199308616120547     
  0.200509320690227     
  0.199945053770239     
  0.200019199290294     
  0.198780562304764     
  0.198718294817637     
  0.199812568723060     
  0.200109765779121     
  0.199288979722960     
  0.199738361582639     
  0.198120786777023     
  0.198674409300431     
  0.199700748875464     
  0.200620479515847     
  0.199691272507579     
  0.197331897390425     
  0.198549516863962     
  0.200057245303075     
  0.199880525912431     
  0.199698032109415     
  0.198337346756260     
  0.199342676849426     
  0.199289111774057     
  0.199212379776717     
  0.199409996890951     
  0.199353469667035     
  0.194264392130147     
  0.200307631139013     
  0.199307388898227     
  0.198984728836601     
  0.199372210488595     
  0.199679815576207     
  0.200417965955524     
  0.197169089045121     
  0.199405774820477     
  0.199455905817807     
  0.199386928508224     
  0.200142249573729     
  0.199010113840419     
  0.199849323691457     
  0.199955909173155     
  0.199979242215322     
  0.198432136595339     
  0.199632788065908     
  0.198914185087722     
  0.196944483443559     
  0.198418110978965     
  0.199277292607263     
  0.202033520063295     
  0.198394697252323     
  0.200577707295849     
  0.198732655263060     
  0.199418268330994     
  0.199833829435820     
  0.200538266262738     
  0.199324654214286     
  0.198996352247496     
  0.199555545425838     
  0.199957930290497     
  0.198612662454160     
  0.198946725151030     
  0.195050234819447     
  0.199335797868623     
  0.199983444099310     
  0.199119366415246     
  0.199767112965894     
  0.199222825542450     
  0.199968492341808     
  0.199657083385803     
  0.199133757012682     
  0.199277610428395     
  0.199020127324383     
  0.199995519306976     
  0.199683536689558     
  0.198267637980688     
  0.198367651137934     
  0.200385611145705     
  0.199240418654696     
  0.199078434811967     
  0.199661001566662     
  0.198835814835094     
  0.199846101662556     
  0.197197357549778     
  0.198853306399347     
  0.199741209310303     
  0.200393529149637     
  0.198734562416549     
  0.199975339680775     
  0.199261859276169     
  0.199973023366444     
  0.196952501387693     
  0.200464123592184     
  0.199263226483886     
  0.199272166866371     
  0.198362811420993     
  0.198702923425621     
  0.199502204557046     
  0.199601617934083     
  0.200268429474014     
  0.199922378854788     
  0.199755256589630     
  0.200179087690927     
  0.199471832653706     
  0.200315410740317     
  0.200287394221786     
  0.199317155454360     
  0.199296782675640     
  0.199626317700702     
  0.199330851937844     
  0.198857183151586     
  0.198551985645662     
  0.199062106556003     
  0.199848061484632     
  0.200534823519533     
  0.199068476792194     
  0.198654042999930     
  0.200044302867306     
  0.198000152430880     
  0.198930226249258     
  0.196985529144066     
  0.200543416649434     
  0.199052095222701     
  0.196082916215455     
  0.199618376049237     
  0.200080652117724     
  0.199845523356173     
  0.197347230500455     
  0.199663300263946     
  0.199140193129215     
  0.199386307619245     
  0.199481599675538     
  0.199648123762331     
  0.198238512920559     
  0.199364097737504     
  0.200645372298667     
  0.199933874507661     
  0.198660330123237     
