         125         130
          25
           1  5.871386583713120E-020  6.047249084884559E-022
           6  9.405455037792831E-005  1.105458829337142E-006
           8  5.376304219420048E-005  6.252528109793794E-007
          11  1.376585370579584E-013  1.578362806365699E-015
          14  6.321605912137870E-005  7.285864702265926E-007
          23  1.562827845411250E-008  1.883451898663025E-010
          31  1.567664139192056E-008  1.851280896859390E-010
          33  1.542819773792594E-006  1.855000267541693E-008
          38  2.052579182595978E-006  2.467213083980074E-008
          48  1.267412607585953E-009  1.369947902286788E-011
          49  3.465413930499419E-003  4.202048587886796E-005
          54  1.775820769435983E-016  1.900126261127671E-018
          63  2.020499166340919E-007  2.250890984851962E-009
          65  4.040688504408328E-009  4.361114869688115E-011
          69  5.388593166984261E-010  5.864201358082042E-012
          78  1.674832141900652E-005  1.981065744622235E-007
          82  6.931374801889057E-005  7.866771607282136E-007
          93  1.536258652611597E-020  1.576268418172489E-022
          96  3.466606325383743E-004  4.018189681565402E-006
          98  7.170423073022653E-017  7.627884397246033E-019
         102  1.079694794479433E-010  1.203194529777988E-012
         112  1.934788887378124E-004  2.244217976370840E-006
         118  7.231219650612140E-011  7.717497586319807E-013
         119  2.795873992189681E-006  3.120834699356877E-008
         123  9.850906076334421E-004  1.212373407226422E-005
          11
           1  9.509614356310123E-016  9.851975827854609E-018
           3  1.219074622237544E-009  1.278204691502880E-011
           8  4.197555205972760E-009  4.683561459674484E-011
          26  4.478458172375102E-009  4.704396449895499E-011
          38  1.427729027256581E-014  1.570744278756565E-016
          78  8.333366244186183E-010  9.437945097676377E-012
          82  1.996957981669701E-024  2.054777416052229E-026
          92  6.601147727868805E-013  6.866109684325967E-015
          96  9.198800795963269E-015  9.799779502690976E-017
          98  3.438165171998997E-008  3.874659149827889E-010
         111  3.819830443386082E-019  3.961207293031764E-021
          14
           5  8.446079205276374E-012  8.930849774781270E-014
           9  1.018724196346779E-019  1.043159983344213E-021
          18  1.772872480373976E-026  1.824534181905933E-028
          21  5.607108069792549E-008  5.858319396191721E-010
          22  1.153938629377535E-010  1.210951558426299E-012
          37  9.986627975993576E-013  1.024634577049255E-014
          45  3.771049086055995E-020  3.884126495799450E-022
          56  1.237565065618504E-018  1.275493439634780E-020
          60  1.070961910638100E-009  1.112585087294221E-011
          74  1.284520011289405E-030  1.318557575019154E-032
         100  2.102028190228422E-013  2.160556620172503E-015
         108  1.273085878513558E-024  1.308794258839814E-026
         122  2.266024306439739E-010  2.396969083553231E-012
         125  1.457302329907306E-017  1.502454738051540E-019
           4
           1  1.747041782417336E-013  1.813045814811848E-015
          80  3.394416452313892E-019  3.491805835322084E-021
          92  4.437977686711502E-009  4.637188191912143E-011
          94  3.472071017760701E-010  3.579460085759541E-012
           4
           7  1.340810048905521E-015  1.386717834067167E-017
          67  4.020180011696910E-019  4.158637469801567E-021
         120  1.523692697301074E-018  1.573865740967515E-020
         121  1.047399179840849E-017  1.083811610779619E-019
          13
           5  4.240928752938280E-005  4.676383977490203E-007
          11  5.450953773101591E-020  5.838695887557469E-022
          18  1.275015876414346E-008  1.347093701345820E-010
          20  6.886987686160906E-007  7.400582471849708E-009
          21  4.997164155370959E-010  5.249733674597535E-012
          22  1.249081027211639E-005  1.358012595622507E-007
          27  5.042051307811050E-010  5.790670538457995E-012
          32  7.144687957305317E-006  8.225478755733753E-008
          60  1.697338145352137E-012  1.770689192717989E-014
          71  7.696584985052868E-018  8.079589394586805E-020
          81  6.623469197976091E-006  7.862382942399374E-008
         122  2.770131661821185E-006  3.023934890383815E-008
         124  2.661868434415038E-006  2.865978787504312E-008
          12
          13  3.164553829596238E-009  3.342809076001452E-011
          39  1.375842327966586E-005  1.450574288838524E-007
          41  6.520665871922835E-015  6.744103303137836E-017
          47  3.138577346791237E-010  3.318172151817783E-012
          66  6.180681640552331E-008  6.560375537972487E-010
          67  4.395799489603635E-012  4.543328790747706E-014
          77  6.690043153990990E-008  7.065707989534013E-010
          85  1.292952501666629E-020  1.330389321173246E-022
          95  4.960691675941249E-008  5.229340845683361E-010
          98  5.503570754479116E-028  5.687611980602188E-030
         111  6.927728766316353E-007  7.596007149801437E-009
         121  2.716882440965982E-023  2.801860256304078E-025
          10
           3  7.321035186152235E-009  7.720473789490934E-011
           8  4.798832459707157E-018  5.053395381551227E-020
          11  1.463058367542583E-024  1.526912495192877E-026
          26  8.171523772614477E-013  8.539090897075857E-015
          38  1.427601840382588E-008  1.671880222429553E-010
          39  1.353439745386731E-022  1.388568300514812E-024
          78  1.490076058536009E-009  1.693210314764302E-011
          85  4.092545341924221E-011  4.258630373619459E-013
          98  2.660316256955538E-004  3.087580132977498E-006
         111  4.012963478267224E-004  4.480696101092250E-006
          12
           4  1.037779525787255E-008  1.072193559643908E-010
          10  3.449671760372448E-009  3.582120237076735E-011
          51  1.241224282814501E-016  1.279093482941204E-018
          53  9.209517921245159E-012  9.660920945053697E-014
          62  2.524619427469963E-012  2.620744260254679E-014
          75  1.148582828614331E-014  1.189385884746671E-016
          87  3.625942496865425E-012  3.782179044554759E-014
          88  1.342083710950550E-018  1.395592324438891E-020
          91  8.572565329111524E-023  8.883511556634893E-025
          99  4.972010478570486E-009  5.174547804773486E-011
         105  4.660005546085926E-020  4.863048890213966E-022
         107  4.890988157622248E-008  5.150265804643678E-010
           7
          13  4.824949244469570E-006  5.156617332671366E-008
          25  1.096344857517197E-009  1.138841677606712E-011
          27  6.160206802533396E-015  6.711811418832023E-017
          47  1.508283303311726E-005  1.622672020920267E-007
          66  2.139873038204829E-007  2.273121914608894E-009
          77  4.077907152505825E-007  4.314930898055774E-009
          95  1.206297612727551E-007  1.272159334777949E-009
          24
           6  4.257581282234228E-008  4.901722666206746E-010
          11  2.767273340114053E-017  3.036317272239186E-019
          14  2.378778681223753E-013  2.566731197410582E-015
          23  1.861358721306920E-004  2.299293342206920E-006
          28  3.936947503748428E-014  4.126880745608832E-016
          30  8.723504133418369E-005  1.007788564760640E-006
          31  1.196686240046225E-003  1.461137072928684E-005
          32  1.978822716571735E-014  2.148380802481363E-016
          33  2.548130745400433E-004  3.101422673731419E-006
          49  2.034319163241612E-012  2.296114076663954E-014
          53  7.481295478286692E-022  7.718724643946950E-024
          54  2.772598349537427E-003  3.294467627086010E-005
          63  2.968213015520013E-014  3.153001200794369E-016
          71  3.884755576386704E-006  4.482094898852155E-008
          75  2.450283934579353E-015  2.532401086721869E-017
          81  4.136502644064641E-012  4.670752621149931E-014
          88  1.004056363598916E-007  1.096047052865261E-009
          93  7.302489097144424E-019  7.526355132228919E-021
         102  3.418802469435782E-004  3.996933742307209E-006
         103  4.051337613985830E-004  4.631842365846847E-006
         105  9.636230203205332E-008  1.062989085890356E-009
         106  1.390599273210694E-006  1.546090806382284E-008
         112  1.921129110751324E-018  2.017357613953559E-020
         123  1.270722849833574E-017  1.377732343534342E-019
           8
           4  5.733687213978278E-010  5.866519472209012E-012
          10  1.009103447406111E-010  1.037459073971785E-012
          51  1.948526406224884E-023  1.990080188125002E-025
          62  4.454012609486185E-012  4.582404021421011E-014
          87  8.823016752370096E-013  9.121728403047186E-015
          91  1.756836777382280E-017  1.804536147849496E-019
          99  8.490589584979459E-012  8.742544734354835E-014
         107  9.051100569378950E-011  9.403161534065919E-013
          16
           6  4.371765120527413E-023  4.479580482228270E-025
          11  3.686245064710093E-004  4.630991137963752E-006
          23  2.627833947713712E-004  3.278322340575136E-006
          27  1.626389109694645E-006  1.954497983795412E-008
          30  4.044224600136568E-009  4.564701626753510E-011
          31  2.324750505656966E-006  2.812297399322837E-008
          32  2.111154547502879E-006  2.463446012472865E-008
          33  2.363373833230095E-007  2.847379578317373E-009
          38  1.514894166281587E-011  1.744858757030618E-013
          49  2.758609261669435E-016  2.988464983209903E-018
          54  8.788939201030515E-010  1.003595569885936E-011
          71  4.126396919130696E-007  4.746157164753697E-009
          81  6.975933778793600E-004  8.492355296173024E-006
         102  4.039554170608360E-014  4.363412814429469E-016
         103  9.813317960851643E-016  1.031844652528187E-017
         123  1.934785090665246E-010  2.273933425607627E-012
           1
          46  1.865007286958037E-021  1.935317104421670E-023
           8
          17  1.616954564335095E-019  1.655920088882946E-021
          24  4.940652334325067E-012  5.047186976026733E-014
          34  3.312735538424550E-027  3.395373661134968E-029
          44  1.756317629546969E-012  1.808745776192392E-014
          57  2.258642088203787E-017  2.315900838738323E-019
          84  2.969507858465361E-022  3.044041247297316E-024
          89  2.786166535590506E-022  2.872832730868386E-024
         113  1.799109185084596E-023  1.855730388873390E-025
          25
           1  3.895398744483144E-015  4.044274460941855E-017
           6  1.414468665169570E-004  1.654232621506955E-006
           8  9.358952048780707E-006  1.078981966164659E-007
          14  3.201472415381965E-004  3.676879644680329E-006
          23  2.586567110149227E-011  3.010496937087216E-013
          28  4.588422596129702E-020  4.719273076387702E-022
          29  4.503712335542084E-014  4.699151563841249E-016
          31  3.181332307417491E-010  3.679151604018945E-012
          33  1.374118598912269E-007  1.633431402412363E-009
          38  3.756884533454164E-009  4.393036465449987E-011
          48  3.476993991495122E-007  3.790938350703217E-009
          49  1.702671189282140E-003  2.041375109224627E-005
          54  9.357531815389563E-021  9.774133082396446E-023
          63  4.845701682914095E-006  5.425999227185899E-008
          65  9.089595895180374E-007  9.919937656027946E-009
          69  1.347909910845897E-007  1.482144440527675E-009
          78  2.723160355786692E-007  3.170113842931170E-009
          82  1.875751743894616E-004  2.119548260998855E-006
          93  2.767817308819671E-013  2.900406225857246E-015
          96  2.740641467783878E-004  3.160146819866312E-006
         102  5.444889087838879E-011  6.038528704525293E-013
         112  8.995333388035905E-004  1.039017616460089E-005
         118  4.468470811176807E-008  4.837119328282683E-010
         119  7.799851234748156E-005  8.728189365285724E-007
         123  5.770330334156938E-005  7.009335708084494E-007
          14
           3  7.250899880084965E-010  7.570871866974415E-012
          26  8.024710082877040E-014  8.341010593294039E-016
          41  6.025954201677475E-015  6.233296793463751E-017
          52  2.129747107730885E-010  2.182575398243303E-012
          59  1.386430006237822E-027  1.426883006942100E-029
          68  3.100928914073083E-011  3.195898742294999E-013
          79  4.157979651169681E-011  4.294583232740708E-013
          83  1.144247886558721E-021  1.181887539913453E-023
          85  1.805517024975833E-007  1.880379696060487E-009
          86  2.442707069446978E-025  2.526245351982250E-027
         101  1.446559963329565E-021  1.489416178076510E-023
         111  9.269571601526154E-013  9.824516218985879E-015
         114  1.146671486586814E-013  1.175669020453035E-015
         117  6.785648095089313E-023  7.019647837944590E-025
           4
          15  1.376682199480738E-015  1.415841201640737E-017
          25  5.691023183127299E-013  5.877789786668792E-015
          58  4.617982680757870E-022  4.751430762287917E-024
         110  4.522927486721314E-028  4.665887762535361E-030
          13
           5  6.131651663329129E-022  6.398219928245627E-024
          11  3.587964775011933E-013  4.111270421905078E-015
          13  1.661484406598083E-008  1.784005278246634E-010
          18  1.105600660283378E-019  1.148894385571998E-021
          20  4.445892241624168E-011  4.727685533923140E-013
          27  1.109307059405457E-005  1.320138388561451E-007
          32  9.115300411460810E-028  9.519689655095520E-030
          47  2.467602792981088E-007  2.670873819520675E-009
          66  1.219959255054954E-011  1.291659345714730E-013
          77  1.101335983561438E-010  1.164384459427780E-012
          81  3.488583332958135E-011  3.972305432215385E-013
          95  1.453666733901634E-012  1.523670461097865E-014
         124  1.801868778035019E-010  1.919282726521010E-012
          14
           5  1.280312813314084E-009  1.376404043164284E-011
          18  2.220347940948537E-007  2.340906178378948E-009
          19  1.731039440893169E-015  1.789052289122971E-017
          20  1.007899448131040E-005  1.079983177991885E-007
          21  3.148361120298913E-026  3.238562063707239E-028
          22  2.069491109285746E-010  2.190480039832013E-012
          27  1.760596868879286E-013  1.949125260822904E-015
          32  8.037116877076755E-020  8.429569279140391E-022
          47  1.242904970956047E-017  1.284426482069669E-019
          60  8.897600672601416E-017  9.205453611922770E-019
          81  2.130278478748792E-015  2.313894031295885E-017
         109  1.091900661339396E-014  1.125508955006862E-016
         122  5.123015306883221E-014  5.365130239669764E-016
         124  1.496190749944950E-005  1.605240611624786E-007
           9
           3  8.540952574562740E-010  8.977412031305419E-012
          26  3.332291942424279E-016  3.469129424812813E-018
          27  1.735398697580936E-028  1.791924554882285E-030
          38  1.902535618142288E-012  2.142440788039471E-014
          39  1.905331010563207E-011  1.986434103829352E-013
          78  5.189642205127793E-016  5.579215145882992E-018
          85  4.585165097533490E-010  4.785561454584406E-012
          98  1.010505021686572E-005  1.161325502730732E-007
         111  7.579763126737097E-004  8.486405710979818E-006
           0
          13
           4  2.415935810573187E-008  2.481603778539988E-010
          10  6.144953610727486E-009  6.341171818544178E-011
          51  4.265765389646468E-017  4.367064654369294E-019
          53  1.130367002653239E-009  1.184644315819121E-011
          62  2.147253630164409E-012  2.214771640261007E-014
          75  2.290577615071701E-011  2.377806204356403E-013
          87  1.556872691474389E-012  1.613708855774599E-014
          88  1.387305236706331E-013  1.450727819054427E-015
          91  4.487849036644539E-028  4.620402490341068E-030
          99  1.770916222374967E-008  1.833336271711781E-010
         103  8.042782049435579E-019  8.333078344127157E-021
         105  2.660188738635828E-013  2.805541343352139E-015
         107  3.119633698985636E-007  3.268704511724653E-009
          11
           1  8.521781479486244E-014  8.808863150404531E-016
          16  8.571535301796291E-021  8.815909404231433E-023
          29  9.541504181490267E-020  9.835949972520916E-022
          35  1.009009243882421E-011  1.047536085280366E-013
          46  8.106392142800849E-010  8.366220283164621E-012
          48  1.060574666838986E-008  1.130863487495854E-010
          61  1.588156942000787E-010  1.651249711815070E-012
          72  1.277538744409586E-019  1.315748661344695E-021
          80  1.684741386288954E-011  1.737852542091395E-013
          82  1.006282309049827E-019  1.036634410277983E-021
         119  4.405068529448416E-020  4.540296566164497E-022
           0
          12
           8  4.910086147853152E-005  5.724768631872304E-007
          11  3.050471762316783E-008  3.711113534863583E-010
          23  1.547785345215370E-023  1.622754718621730E-025
          27  1.042724293207563E-015  1.138801088045310E-017
          38  2.225562484357415E-003  2.724089008493548E-005
          49  2.049898203201534E-009  2.390416948895401E-011
          78  1.971938642001660E-003  2.365031478290554E-005
          82  6.895102806363830E-011  7.537876506837580E-013
          96  2.170290133338197E-007  2.478175899476925E-009
          98  9.078751255627587E-004  1.064712034320880E-005
         111  2.830300765474095E-009  3.116867086409606E-011
         123  3.987097250132135E-005  4.873994839867394E-007
          11
           4  4.020453808667265E-010  4.127580066037219E-012
          10  9.054321998501115E-010  9.351515681244897E-012
          43  1.710733833808772E-017  1.769149844472043E-019
          51  4.850247489377547E-014  4.973007776485383E-016
          53  6.750886470625492E-011  7.061139599302727E-013
          62  1.780671259587422E-017  1.838454211745349E-019
          75  3.397191637960598E-013  3.513238257100919E-015
          87  3.232900396486232E-013  3.355044410511353E-015
          99  7.298842551715810E-009  7.559163253731187E-011
         105  2.058115088905819E-020  2.136039162117103E-022
         107  1.378091334191008E-008  1.442275194901144E-010
          17
          23  8.492057634257346E-011  9.899557994202271E-013
          30  9.502407154308803E-004  1.097525694229639E-005
          31  1.398462002710341E-010  1.614861444311308E-012
          32  1.131164797167653E-006  1.300505919366765E-008
          33  6.607477156028112E-016  7.235282082477655E-018
          53  3.059300056859661E-008  3.260462388335948E-010
          54  3.227014772079002E-008  3.692587332239803E-010
          71  1.118922589710062E-003  1.298825496439770E-005
          74  3.491078583822604E-019  3.607337874204713E-021
          75  1.404023210525776E-006  1.502340755250961E-008
          81  2.559893151767950E-009  2.962865589483068E-011
          88  2.698394225802739E-018  2.802873160965242E-020
         102  4.582648891748003E-015  4.914028457105204E-017
         103  3.098487746358701E-006  3.487812398824443E-008
         105  1.199911148095643E-004  1.337708618674050E-006
         106  7.119491985346060E-027  7.354628564841640E-029
         122  5.489891271631328E-017  5.727757714098616E-019
          22
          14  8.334317398932395E-015  8.819246928751573E-017
          16  1.849481454803129E-010  1.913596958994293E-012
          24  2.769016274166850E-017  2.830666736149498E-019
          28  2.139513484418731E-008  2.275988124139838E-010
          29  1.467038373507188E-007  1.546727130112547E-009
          34  3.937963008468791E-012  4.053767898289970E-014
          35  3.068423128897968E-011  3.194029534617738E-013
          55  4.928061146978852E-022  5.104585839088121E-024
          61  2.416503202072625E-016  2.506761318186096E-018
          63  1.377212872415112E-009  1.487856741537014E-011
          65  1.457840909166635E-008  1.550906091190351E-010
          69  1.055006220882603E-007  1.142150142659044E-009
          70  2.755997165703631E-016  2.849808047363522E-018
          72  1.216005521352116E-011  1.257347435030684E-013
          76  1.178206185123995E-007  1.250651813914046E-009
          84  3.438520201700844E-021  3.535769826862591E-023
          89  4.294483618430742E-008  4.494147052763607E-010
          93  2.599746354113403E-007  2.775865100278807E-009
         112  2.927016045371137E-018  3.061429908364488E-020
         116  1.391274486541629E-006  1.458581850371613E-008
         118  2.107911152785122E-007  2.252260041588331E-009
         119  2.633007267352695E-012  2.788815560974980E-014
          14
           5  3.828379299611355E-012  4.061134847085205E-014
          13  3.623061207753581E-019  3.727155750134644E-021
          18  4.719449885156639E-008  4.968418424237238E-010
          19  1.773251022344590E-014  1.833871287482379E-016
          20  3.441555728101305E-006  3.684400664181246E-008
          22  2.460731263583872E-013  2.570033912116875E-015
          25  1.724587604931971E-026  1.783260635399796E-028
          27  1.179692654699944E-014  1.291833970142102E-016
          47  4.772164403494020E-014  4.975144964629172E-016
          60  3.571950952041078E-026  3.692660393648151E-028
          81  1.227890605436771E-024  1.272449853923061E-026
         109  2.518562895725215E-015  2.595784893360432E-017
         122  5.045060364560498E-022  5.212154509983976E-024
         124  4.452002167594363E-006  4.766096648953778E-008
          15
           6  3.546592126415005E-016  3.815992328088339E-018
           8  5.885833153101147E-011  6.646489910487278E-013
          11  3.614454816193655E-003  4.622852860719727E-005
          23  4.151994453125579E-006  5.162846390075217E-008
          27  1.182002190225747E-005  1.437866030389771E-007
          31  2.293297234780517E-009  2.723679851558050E-011
          33  5.947816122484148E-009  7.121888027565106E-011
          38  3.313003732392671E-004  4.096195088347125E-006
          49  7.823989778804383E-009  9.266210347822563E-011
          78  3.234682719333744E-006  3.867221157059769E-008
          81  4.931361427857497E-009  5.844404818388072E-011
          96  8.152898961860083E-015  8.779482289215990E-017
          98  6.495724637587582E-008  7.536256176164228E-010
         111  3.757099377367919E-021  3.882158394894794E-023
         123  4.972084287922425E-005  6.180877353614640E-007
          13
           4  7.649832872954874E-012  7.822676903002747E-014
          10  1.543506432838522E-011  1.588283049131507E-013
          30  9.639136327600701E-012  1.046422045509925E-013
          43  6.924855816711225E-011  7.150970694148168E-013
          51  1.507725822189246E-020  1.540137750372206E-022
          53  8.136915850961177E-006  8.611637199826288E-008
          71  5.643035830042794E-019  5.866757327402445E-021
          75  4.898509181445837E-006  5.172936607818785E-008
          88  4.098106970034778E-017  4.234912864216421E-019
          99  1.496324821314281E-008  1.547094255047822E-010
         103  8.706884896704721E-012  9.317535885501105E-014
         105  6.003469179648951E-007  6.524349287741570E-009
         107  2.341850194617391E-007  2.452786284737871E-009
          23
           6  5.611535965296815E-010  6.257445223362126E-012
          14  2.124030819188886E-007  2.364438037305784E-009
          16  1.194214908909978E-008  1.240593561966624E-010
          28  5.212168985115883E-008  5.569170705208567E-010
          29  1.910896828791967E-005  2.031295953214804E-007
          35  1.291238308381617E-007  1.356819345357188E-009
          48  2.890832399585104E-010  3.077814932278546E-012
          49  1.561615117840914E-017  1.672613127192496E-019
          55  1.278680887627687E-027  1.325592216342024E-029
          61  6.182071452684727E-010  6.461541695558466E-012
          63  5.428427165257669E-006  5.997940124902946E-008
          65  3.963986671551975E-005  4.291338828690252E-007
          69  3.712459595034605E-005  4.064204454693588E-007
          72  1.648175696517832E-009  1.711779948393547E-011
          76  4.059747392254139E-008  4.311438865766701E-010
          82  1.137526416121739E-022  1.170414893166669E-024
          89  9.097854417225988E-011  9.499363764108470E-013
          93  2.256118492721256E-006  2.425764711705452E-008
         102  2.901462872403491E-022  2.993136339361051E-024
         112  8.149399033438541E-008  9.081362987837692E-010
         116  2.257368979212817E-006  2.375714383572538E-008
         118  5.054523544047722E-005  5.473750316648911E-007
         119  3.188951875892121E-006  3.500909147734512E-008
           5
           3  9.699166826482609E-011  1.002320977249386E-012
          26  5.224194116440203E-009  5.424950769940165E-011
          79  2.249274250801297E-017  2.301682861104138E-019
          85  1.764819340080461E-023  1.802626543152085E-025
         114  1.142859272393135E-017  1.161772289242444E-019
           2
          15  1.958460678793287E-030  2.008781730109303E-032
          25  1.572748166548136E-022  1.618737095206772E-024
          11
           5  4.170572589245988E-020  4.337368632073534E-022
           9  1.636801201233200E-013  1.686594881445568E-015
          21  2.148949186528646E-010  2.240988511336246E-012
          22  2.064449048011000E-016  2.138494586326927E-018
          37  6.138916016084673E-022  6.326931273564181E-024
          56  3.226724967667456E-013  3.341926610037030E-015
          60  2.237975257886159E-015  2.320569123340941E-017
          74  1.089719057082690E-015  1.124719707239248E-017
         100  1.380377534308616E-011  1.425758557359333E-013
         108  2.548457266429596E-022  2.632575920757179E-024
         122  3.368191264275067E-014  3.527898591183395E-016
           4
          15  4.231619862542881E-016  4.361237419846890E-018
          25  1.211796546507038E-013  1.253727441188909E-015
          58  1.523854004571720E-022  1.571219604236340E-024
         110  1.070210165080855E-028  1.106369850154066E-030
          12
           5  9.685791982544280E-008  1.045101023093346E-009
          18  4.026557695002646E-008  4.219691742962953E-010
          20  4.189847313638747E-009  4.426387323994163E-011
          21  6.823172417085859E-007  7.162893672030999E-009
          22  2.529141441235193E-007  2.699511780156835E-009
          37  1.989450039685963E-010  2.046812531321069E-012
          45  3.209687604132638E-020  3.311372108284200E-022
          60  1.136947326143073E-006  1.189805389026069E-008
         109  4.595528629823619E-013  4.730591786640889E-015
         122  3.802434351081194E-008  4.072605249933868E-010
         124  7.486862314379016E-009  7.904632975612206E-011
         125  1.332136575150852E-014  1.376002477424090E-016
           4
           9  7.874707868235254E-012  8.134759000965651E-014
          56  1.194537465043237E-014  1.238813800944548E-016
          74  1.677928889079791E-012  1.737974499082946E-014
         100  7.518946526498006E-021  7.775437488540473E-023
           2
          46  5.594183384585162E-017  5.802412499812101E-019
          80  8.858842393332138E-016  9.159704210805939E-018
          22
           6  1.091514331145379E-017  1.160171833392674E-019
          14  1.926819531353721E-017  2.029263198417901E-019
          24  2.534765402603527E-007  2.644594031789577E-009
          28  1.547755284333581E-005  1.681200819148971E-007
          29  7.905182515248047E-018  8.245022794220296E-020
          34  3.702741072194375E-011  3.851533980712403E-013
          44  1.491291886218700E-014  1.555391292559819E-016
          54  1.427926351443502E-020  1.504997870061636E-022
          57  3.243305512277187E-027  3.367525474958835E-029
          63  4.318822652561407E-010  4.704865412835512E-012
          65  6.176794698125327E-014  6.480168924651906E-016
          69  2.090846786290775E-009  2.268318764324037E-011
          70  2.494099295503397E-015  2.604098081300057E-017
          76  2.050837876392536E-005  2.214478772890450E-007
          84  4.794377495547151E-015  4.979521582035193E-017
          88  4.654239232571853E-009  4.998655915585909E-011
          89  2.210167646558828E-006  2.345438356089213E-008
          93  3.589034078587512E-006  3.888778695762996E-008
         102  1.533527887237919E-011  1.687248234787615E-013
         106  1.885991109441643E-007  2.061660921458695E-009
         116  1.010481132620539E-011  1.059219759870641E-013
         118  1.381563025711923E-009  1.477416930842568E-011
           4
          41  4.294431620182877E-026  4.417586878684050E-028
          52  1.786013826974222E-018  1.818140747586833E-020
          68  6.623038450048793E-015  6.784760079775097E-017
          85  4.429895879521261E-020  4.537448290811483E-022
          15
           5  1.075229617981391E-011  1.147293514631292E-013
          11  3.302824942652380E-012  3.809170398628274E-014
          13  4.968694889379531E-012  5.213860605872776E-014
          18  3.922663843816505E-013  4.081472348290639E-015
          20  7.501635730286333E-009  7.990839595214676E-011
          22  1.121484237540565E-013  1.171999050753686E-015
          27  9.376638351412398E-006  1.109949275167555E-007
          32  1.581526832112510E-012  1.736318753422611E-014
          47  5.640569407788756E-010  5.996947340741846E-012
          66  1.499765042222546E-020  1.546764496912333E-022
          77  4.354739722892335E-017  4.474983306876988E-019
          81  2.371724236479610E-008  2.754502518560803E-010
          95  1.155901026169911E-026  1.184598320939257E-028
         122  3.433562535443033E-019  3.550760838275138E-021
         124  2.606638054667461E-008  2.786593422131807E-010
           5
           1  7.558154851617853E-018  7.768455281218183E-020
           3  3.945341536162338E-020  4.052431701689548E-022
          26  5.122920994774914E-013  5.305282079462389E-015
          92  7.286796760763742E-011  7.557514351784948E-013
          94  1.674972446065442E-011  1.720069688062133E-013
          14
           5  4.486093740462609E-009  4.797578474988307E-011
           9  5.248168765726048E-025  5.362080136502327E-027
          18  7.490673424920545E-014  7.723882170370442E-016
          20  4.890823692352527E-018  5.051586790055461E-020
          21  7.283544432307816E-007  7.617483769894224E-009
          22  2.153422143588549E-008  2.279661209970744E-010
          37  1.766346391439235E-011  1.809146999974202E-013
          45  2.372719666258507E-019  2.438500339408448E-021
          56  4.488458420206370E-031  4.615854835139297E-033
          60  4.637781903505183E-008  4.819851544744444E-010
         100  1.372015659650071E-015  1.406994472881339E-017
         122  2.019040442854206E-008  2.148781224477566E-010
         124  1.311195881029770E-016  1.351428251485456E-018
         125  5.907875751660832E-016  6.077950825279021E-018
          25
           6  4.223969801924188E-007  4.815030769217896E-009
          14  3.017195142734236E-005  3.407611919213645E-007
          16  6.010627101275427E-010  6.246549613293052E-012
          28  1.908445307544542E-009  2.032601108244815E-011
          29  1.307626951085461E-005  1.392857059610977E-007
          33  1.704170348566941E-019  1.808094722415409E-021
          35  1.849995221525519E-007  1.948821695333314E-009
          46  1.222724951395609E-022  1.262426971512488E-024
          48  1.431542463757734E-006  1.550744963454727E-008
          49  5.777950270956849E-009  6.639331835184702E-011
          61  1.680560672215877E-009  1.760469715266036E-011
          63  4.914866247578197E-005  5.463337081882046E-007
          65  2.724875229935003E-004  2.968712971541332E-006
          69  8.892655286534835E-005  9.781061859323775E-007
          72  6.226950990727893E-011  6.466323502781098E-013
          76  1.731266176597254E-010  1.826466742854738E-012
          82  5.334407452011842E-009  5.821097445406311E-011
          89  3.389658167106271E-019  3.510183756879471E-021
          93  3.548976477049753E-007  3.816642729433434E-009
          96  1.910836955972924E-011  2.085491646972162E-013
         102  3.241546847755131E-016  3.434263343735507E-018
         112  3.474523161632355E-005  3.939441970099428E-007
         116  3.722624183011383E-008  3.910376829327604E-010
         118  9.433099723539714E-005  1.026506498214449E-006
         119  2.320336435366853E-004  2.573193912842005E-006
           7
          41  1.068971902491787E-013  1.100580324689888E-015
          52  6.816068640318216E-015  6.944297326717866E-017
          68  3.443345539088578E-012  3.530504795096448E-014
          79  8.651859710018926E-021  8.884755680178986E-023
          83  2.597097598905026E-029  2.669955054618682E-031
          85  9.148387053985293E-013  9.402403834587219E-015
         117  5.229347850427954E-016  5.384406915506487E-018
          10
           3  1.068376630592883E-017  1.113639065032103E-019
           8  2.374616286098967E-009  2.695137655162152E-011
          11  3.555126544990117E-008  4.341231667549466E-010
          27  3.127907652958936E-010  3.622931162173417E-012
          38  1.380594094475307E-004  1.677747335332576E-006
          78  1.604570425779586E-005  1.903653558763028E-007
          96  1.446026741518010E-017  1.534448040533689E-019
          98  2.045635328318928E-003  2.413302726225052E-005
         111  2.631572188033092E-005  2.965898477447489E-007
         123  8.351839903594582E-009  9.977288711905563E-011
          15
           5  9.541294674713959E-006  1.041810465078095E-007
           9  6.905352943863799E-011  7.125582081975707E-013
          18  3.599727334718389E-017  3.715879429852629E-019
          20  1.411347913412553E-018  1.463454954014602E-020
          21  5.425449252453740E-006  5.724726797968232E-008
          22  1.226551210402122E-005  1.322201293327961E-007
          32  7.275081442105350E-008  8.213157175546869E-010
          56  5.302596257286089E-029  5.475465307100062E-031
          60  8.257004007107778E-010  8.611896928373017E-012
          71  1.636308458706086E-014  1.746954474523977E-016
          74  9.786790568359794E-011  1.014106929570904E-012
          81  7.150859427882043E-016  7.732758872314379E-018
         100  1.064024194895650E-020  1.095611449061126E-022
         122  4.967240974608184E-005  5.388023151981023E-007
         124  1.042583134041494E-015  1.080914658090304E-017
          29
           6  1.923243518446483E-006  2.208612624606202E-008
          14  1.256578325158306E-005  1.422727032361914E-007
          16  5.869364438381776E-014  6.090239934942235E-016
          24  5.514568256836822E-017  5.668110481745497E-019
          28  4.097833351044802E-005  4.452753834666545E-007
          29  7.894427309130104E-007  8.414556565718714E-009
          31  3.104928090025147E-016  3.376731881277596E-018
          33  4.411502666480544E-012  4.986870305461490E-014
          34  1.606390908072622E-025  1.659033228137637E-027
          35  9.571067496475974E-012  1.002459000790857E-013
          48  1.900381886299079E-014  2.003658938906257E-016
          49  3.857105952722639E-011  4.357920409440455E-013
          54  6.012349993536752E-015  6.498501649994970E-017
          61  4.336282783097474E-020  4.517762899229018E-022
          63  1.909224055890966E-004  2.139474938128602E-006
          65  4.375599416943469E-005  4.769765805729404E-007
          69  2.515531691153422E-004  2.786751370653804E-006
          72  6.765986208384779E-017  7.017746036450167E-019
          76  1.277354878837830E-005  1.376888622295617E-007
          82  1.007909057581956E-028  1.039053557085686E-030
          88  3.892112897304521E-016  4.055711056143770E-018
          89  1.912461166994471E-008  2.017954859050742E-010
          93  1.753906035654604E-004  1.910448461767509E-006
         102  2.043005637566974E-008  2.300729073456368E-010
         106  2.205191872033656E-009  2.385276816929252E-011
         112  2.083203405192770E-006  2.360100478937562E-008
         116  1.867749119331254E-007  1.970843884428034E-009
         118  2.051727244779590E-004  2.241977561753287E-006
         119  4.153049709565547E-006  4.588441298179523E-008
          13
           1  3.890576689456894E-007  4.112727997922001E-009
           8  5.867440432462671E-020  6.116575531295159E-022
          35  2.407686250912877E-015  2.496474430319507E-017
          46  2.404093831937625E-013  2.483871160043216E-015
          48  1.311326671335439E-006  1.413888495928190E-008
          61  4.287395114373043E-014  4.455291551965386E-016
          65  4.331788232871283E-021  4.439502433334359E-023
          80  3.449529581608453E-007  3.598975293691723E-009
          82  8.880085726474893E-009  9.666651447825024E-011
          92  4.038297025512205E-011  4.202171729683229E-013
          96  6.452669182184006E-012  6.977594612441383E-014
         112  6.876326562152466E-022  7.127424048561300E-024
         119  3.303956570539259E-013  3.489554165403367E-015
           8
          13  1.478700150595185E-008  1.556388548926998E-010
          15  2.254160443943414E-015  2.313532914112971E-017
          25  3.495644073235882E-008  3.617934748402745E-010
          47  3.399819190987772E-008  3.604867248367222E-010
          58  3.108611419748853E-023  3.191393719259679E-025
          66  7.910245612339098E-010  8.287260424233867E-012
          77  9.927729966028052E-010  1.035669280076059E-011
          95  6.573205910993546E-010  6.836312539496077E-012
          18
          24  5.920532174347415E-007  6.126973497870830E-009
          28  2.187814867589483E-006  2.346740669255618E-008
          34  3.142306930211283E-011  3.237261973004159E-013
          44  5.204507513338682E-012  5.383710388971317E-014
          57  2.127123129807786E-019  2.188434954897188E-021
          63  1.723833596748767E-013  1.824729522825458E-015
          65  2.974776781965465E-025  3.044713611813565E-027
          69  2.508156280633697E-012  2.655770321216457E-014
          70  4.757366221373641E-015  4.921700698283694E-017
          76  4.058104939622537E-006  4.325135130591338E-008
          84  3.043470510034639E-014  3.131954953578995E-016
          88  4.916889692274628E-009  5.237727645464224E-011
          89  8.600328944927380E-007  9.038611036107058E-009
          93  2.151510374499970E-007  2.299777719253268E-009
         102  4.872396656865796E-014  5.220445072973510E-016
         106  6.405596170699019E-008  6.926771602839328E-010
         116  4.658253923790596E-015  4.817820158347707E-017
         118  1.301950904334131E-012  1.360315175651571E-014
           1
          94  3.273044985098263E-016  3.367329304095656E-018
           9
           7  3.994337256463794E-013  4.132503985998607E-015
          39  1.008933752880640E-010  1.048639078253866E-012
          41  9.346712367402988E-021  9.693127078693620E-023
          66  2.030191715731028E-016  2.107691176027327E-018
          67  3.835983087623661E-010  3.974919170196387E-012
          77  5.924982433807734E-018  6.099338002306006E-020
          95  1.744749679211976E-015  1.802898892384043E-017
         120  4.495646237108222E-020  4.645060258147897E-022
         121  2.188563213454853E-011  2.265825301911034E-013
          12
           5  7.975887662420314E-007  8.649182359066329E-009
          18  9.005877035475651E-006  9.484886896783418E-008
          19  5.861102552232309E-014  6.037047697002207E-016
          20  5.001497291915867E-005  5.344275363030682E-007
          21  2.867022147472604E-010  2.981935646064342E-012
          22  4.539070155916911E-007  4.847312928925570E-009
          32  1.107821221875526E-014  1.189262488363246E-016
          60  5.260105019038007E-009  5.479695476174199E-011
          81  2.292441995791300E-017  2.446359228092008E-019
         109  1.247895343594959E-010  1.285067429521301E-012
         122  8.767447476307068E-009  9.367157081073214E-011
         124  7.385222202995352E-005  7.898220423619324E-007
           5
           1  1.355292835987429E-010  1.418891753121839E-012
          46  1.387926543240782E-016  1.436622438199080E-018
          48  2.364968325064941E-012  2.500439818262991E-014
          80  7.240113883747634E-009  7.535545334872529E-011
          92  1.077433126910927E-014  1.117348739127161E-016
          28
           6  2.229706512979478E-003  2.610472749179554E-005
           8  1.245989134785864E-018  1.301627702490919E-020
          14  1.025847784057564E-003  1.175023128735353E-005
          23  3.927294619825647E-008  4.705974028929840E-010
          28  1.849583384881514E-006  2.006021730069070E-008
          29  3.005124644211296E-011  3.148237953630329E-013
          31  5.670542589066192E-006  6.762792672704656E-008
          33  7.069033479405807E-005  8.485930323977162E-007
          48  1.030692331039224E-013  1.084108162210383E-015
          49  6.349121640010028E-005  7.568170910856636E-007
          54  5.474284019776590E-007  6.301422542755132E-009
          63  6.223444770487920E-004  6.999980463889295E-006
          65  8.153981339234254E-006  8.871709183409634E-008
          69  5.196694060246883E-005  5.747381089024696E-007
          76  2.217947792162806E-008  2.366998654837752E-010
          82  1.124640701339469E-010  1.219605886762462E-012
          88  1.935199224831475E-013  2.024481465071990E-015
          89  6.188303611428908E-020  6.376945272122046E-022
          93  7.055540652148119E-006  7.662052039013270E-008
          96  1.138450090742910E-010  1.251041397058600E-012
         102  9.465922110032387E-005  1.092277509460552E-006
         103  3.695851708534431E-013  3.940227803427176E-015
         106  4.656126849260715E-008  5.069923334517376E-010
         112  3.607112970424989E-004  4.129828864696306E-006
         116  1.224902296612908E-016  1.262992575656812E-018
         118  1.919421932045759E-005  2.091324788807040E-007
         119  1.952859144733332E-005  2.165590381882404E-007
         123  1.214864382778304E-008  1.429818795445788E-010
           2
           9  1.219605633878750E-029  1.247097241644543E-031
          56  5.538449023450736E-023  5.700249830520616E-025
           8
          39  5.084609184006994E-014  5.246586476353711E-016
          41  5.601961149310201E-010  5.807610442943933E-012
          52  1.715235515873628E-026  1.758118631154706E-028
          67  8.655125599809501E-017  8.943515673122814E-019
          68  1.132626211332953E-013  1.168267959109050E-015
          85  8.884678333658102E-014  9.179397331867276E-016
         111  2.483993696778847E-030  2.567075422505583E-032
         117  4.746804206416937E-012  4.917630041021004E-014
           2
          44  1.642690714042125E-020  1.708614668563674E-022
         113  1.458148612425237E-025  1.519755423100157E-027
           3
          24  1.302640812414903E-015  1.337562020454562E-017
          44  1.590471682278627E-012  1.649753632796068E-014
         113  2.608126921866709E-017  2.709377218264884E-019
           4
          79  1.220761441591991E-023  1.262153409041627E-025
          86  9.024250054066189E-027  9.352150959856374E-029
         101  1.164956522307186E-026  1.201969796432037E-028
         114  2.682560521767346E-022  2.755593937599104E-024
          11
           3  2.467626019862664E-016  2.570826676905097E-018
           8  2.430741635624479E-008  2.782329823671926E-010
          11  1.190841812728095E-008  1.444636397111969E-010
          27  1.437811299855773E-011  1.643044898660673E-013
          38  2.031939796716446E-004  2.471648965045353E-006
          49  1.412027808348419E-026  1.473547615782437E-028
          78  4.206052621317428E-005  4.999038815710580E-007
          96  2.119342629125151E-014  2.289158194505596E-016
          98  2.596628454697843E-003  3.069072628433064E-005
         111  1.349906201380577E-005  1.516493266580141E-007
         123  2.690692481621319E-008  3.215669178954822E-010
          12
           1  1.829154394322382E-015  1.896917348329261E-017
           3  8.106588883176593E-010  8.502124018314911E-012
           8  1.629010019348466E-007  1.842629740620458E-009
          26  1.009917366623558E-009  1.060724431043953E-011
          38  1.936330242465135E-010  2.217910488854395E-012
          78  1.124756424556480E-007  1.293340332553465E-009
          82  2.327897551905258E-016  2.436603430350477E-018
          92  5.420697094770529E-014  5.630860687663059E-016
          96  1.232765347695571E-011  1.345892913730018E-013
          98  1.387070565455509E-006  1.584965556550633E-008
         111  4.916220431189215E-014  5.192300873378816E-016
         123  2.706721111371980E-019  2.891669137499246E-021
          13
           1  7.656825427990434E-017  7.971924205143754E-019
           3  3.132219540433026E-013  3.280022252250439E-015
           8  4.031949494559504E-005  4.668394555965695E-007
          26  4.718642600901142E-015  4.941217417188168E-017
          38  1.108483606546365E-005  1.331259912121479E-007
          49  5.642854113686066E-016  6.161557087074691E-018
          78  1.460479094808064E-004  1.728294115766802E-006
          82  1.278411305022953E-010  1.396840583806043E-012
          92  2.779884766269936E-022  2.889623802563108E-024
          96  9.604716777331097E-008  1.085988119730248E-009
          98  1.894241598040098E-004  2.207896377423822E-006
         111  1.635388759255906E-010  1.776838836016406E-012
         123  1.958723545256685E-008  2.321449524966040E-010
          17
           4  6.967235876133548E-009  7.160207994472636E-011
          10  3.094176634897975E-011  3.191286340861866E-013
          24  7.476109925435294E-025  7.644868424214985E-027
          30  3.857706378834809E-012  4.183499342547666E-014
          44  4.794136960873659E-019  4.952595883913406E-021
          53  5.483923060986333E-009  5.768979812172558E-011
          54  1.535799544956909E-011  1.693429117613784E-013
          62  4.626083740556667E-013  4.770791621651099E-015
          75  9.291619482478433E-010  9.720501701425387E-012
          87  2.627851912062683E-022  2.720489615504333E-024
          88  5.144005915088137E-006  5.556725484148039E-008
          99  1.149674299963614E-010  1.188335325985159E-012
         102  1.216731616236313E-014  1.298371356761143E-016
         103  2.889035622253760E-007  3.190296282167041E-009
         105  1.596516262709406E-008  1.728490924451367E-010
         106  7.222872143309346E-008  7.817032353459946E-010
         107  3.196070669204600E-007  3.354415795152902E-009
          13
           5  4.151951665899210E-016  4.342828715525710E-018
          13  6.957938861983697E-013  7.259653280870028E-015
          18  1.300038866853153E-009  1.362906489139467E-011
          19  5.453097629882266E-017  5.636747561973938E-019
          20  3.822976493392827E-007  4.082133822342750E-009
          22  5.048022973392441E-019  5.200615753782191E-021
          25  7.541897423129692E-017  7.807415416497890E-019
          27  9.291294935484416E-013  1.034698993804116E-014
          47  1.285678047314575E-010  1.359020416045581E-012
          66  2.607920519732151E-025  2.692681613205975E-027
          77  3.530855699875700E-020  3.620690717414365E-022
         109  1.012167415941878E-021  1.042350081590552E-023
         124  4.955426650885579E-007  5.287706661756155E-009
          16
          24  3.349757327845151E-007  3.471571034652575E-009
          28  1.837409563328063E-007  1.970522121647815E-009
          34  1.160916980307436E-018  1.196943087200723E-020
          44  7.142690585428931E-010  7.419481638847823E-012
          54  2.757815121127283E-015  2.964871824731949E-017
          62  6.807109978042638E-031  7.027331045239649E-033
          63  9.957644299337450E-023  1.027836765641999E-024
          69  1.908691959393857E-023  1.978850748114981E-025
          76  1.438834536097789E-007  1.532683281980709E-009
          88  1.995877454970747E-006  2.152887312728282E-008
          89  5.039125952464005E-009  5.287156333957854E-011
          93  1.583578161684574E-009  1.679555648453429E-011
         102  6.341827395639683E-012  6.920105738762221E-014
         103  2.823809089891252E-013  3.006795055830690E-015
         106  1.987994915722602E-006  2.166689355109425E-008
         118  1.120836767602475E-029  1.150520955518818E-031
           4
           9  2.113478634674748E-011  2.179873282826029E-013
          43  1.095822150255216E-017  1.133958454136190E-019
          74  1.171060602076087E-010  1.213066520998421E-012
         115  6.804354083334538E-023  7.011916349694542E-025
           3
          41  9.839264780589368E-014  1.014714813417784E-015
          68  1.932898075953003E-023  1.984800218480871E-025
         117  5.074328934173724E-015  5.233191860415004E-017
           6
          41  7.698277056105991E-014  7.994402256339408E-016
          52  3.192824250734387E-016  3.281496082326753E-018
          68  1.251406178217142E-012  1.294210097161465E-014
          79  1.578151528699817E-026  1.634717298645080E-028
          85  5.176873594383260E-014  5.361151403771366E-016
         117  5.985541285350931E-016  6.216299872699278E-018
          24
           6  2.616282005420889E-004  3.080195663151434E-006
          14  7.677643127474622E-006  8.801261761133242E-008
          23  1.080016823040602E-005  1.325089032564922E-007
          28  9.901315871964631E-007  1.080746390385960E-008
          30  1.531915642748047E-010  1.706099806529140E-012
          31  4.936082747282375E-004  6.018068983897646E-006
          33  8.295382635556871E-004  1.009570077904573E-005
          49  5.996216744101685E-007  7.137105640330914E-009
          54  5.307399051489377E-004  6.281049893915688E-006
          63  7.652251304382442E-006  8.634530723632575E-008
          65  2.445788250170556E-010  2.626793227732912E-012
          69  8.715562498660446E-008  9.617608821894110E-010
          71  7.147437677332259E-017  7.578355188245389E-019
          76  4.191114900430501E-009  4.505906340523924E-011
          88  1.390209993617127E-007  1.520890797819429E-009
          93  3.839952581492242E-007  4.195584487491827E-009
         102  2.697045853700443E-003  3.164054187439837E-005
         103  2.499000089511405E-006  2.828252140535221E-008
         105  1.639635763205924E-022  1.704387709306745E-024
         106  2.311537107891230E-005  2.585792536561354E-007
         112  5.477546788560512E-007  6.272662832577497E-009
         118  1.247500193144807E-008  1.354133715890611E-010
         119  4.215727010418165E-010  4.603149862771853E-012
         123  4.023122791109320E-011  4.666785713286523E-013
           3
           3  8.037792987834770E-010  8.394418506218646E-012
          26  3.668113716594420E-008  3.849787025150482E-010
          94  4.895839659548155E-029  5.049269101778758E-031
           4
           1  2.602294060123940E-008  2.749617900755538E-010
          80  5.384211098113520E-008  5.621753369081584E-010
          92  5.212633110884884E-008  5.472549198902011E-010
          94  7.197330747518113E-023  7.436891894653545E-025
          16
          23  8.274373113561598E-010  9.734912556068798E-012
          30  3.814282182599021E-004  4.400053951447787E-006
          31  1.295981592357041E-007  1.529907006788848E-009
          32  3.012118773738157E-017  3.205234804056686E-019
          33  9.497688615059404E-010  1.106597195499913E-011
          53  1.393999225473150E-007  1.486421671265161E-009
          54  5.083815964939373E-005  5.926529123430411E-007
          71  8.245734190915337E-006  9.445208069510781E-008
          75  9.043420749277413E-007  9.655915907992628E-009
          88  1.402053191717671E-006  1.528662876361067E-008
          99  1.272386418021981E-028  1.313223852991734E-030
         102  3.225334752495731E-007  3.669964705840827E-009
         103  9.139497766135646E-004  1.038924634983866E-005
         105  1.645766699482881E-004  1.828616836837041E-006
         106  3.034330090128479E-007  3.326203791746016E-009
         107  2.928721699768903E-011  3.071577507767342E-013
          13
           5  2.360788017950298E-021  2.442331153608210E-023
          18  5.782657596289448E-013  5.980228973409344E-015
          20  6.824532080955257E-018  7.065395358268629E-020
          21  4.156818270658574E-012  4.298478793258740E-014
          22  2.670965285375367E-017  2.748879906159827E-019
          37  8.195461519684699E-011  8.411113592890706E-013
          40  1.249663052566964E-022  1.288599454374892E-024
          45  6.258617344894999E-016  6.447572345189884E-018
          60  1.622711970753170E-009  1.685851157987514E-011
         109  1.080705787260162E-015  1.109847790340627E-017
         122  9.895787503256600E-025  1.019597135100626E-026
         124  3.753834968284544E-018  3.872654699307003E-020
         125  4.117939096199648E-013  4.246523649168070E-015
          12
          11  2.237807205974523E-008  2.714301742656526E-010
          13  6.276249394813632E-009  6.729083889101592E-011
          27  1.073381098201570E-005  1.282044080603737E-007
          38  1.647719763378081E-010  1.909984074582591E-012
          39  1.770929089548116E-010  1.866565466333793E-012
          47  8.428975457998860E-009  9.093095377459452E-011
          66  1.817891105895603E-009  1.946274789289673E-011
          77  6.626642017103573E-009  7.085463313198725E-011
          78  1.174020220330088E-019  1.237776836617946E-021
          95  4.802184181707593E-010  5.099387153010484E-012
          98  9.240918471009531E-008  1.063859680786435E-009
         111  8.975380772553170E-006  1.005810802959044E-007
          25
           1  1.991594504409801E-011  2.094223758321994E-013
           6  2.058175068910350E-005  2.396308851497236E-007
           8  1.563949102533218E-005  1.799873735326613E-007
          14  1.183288927763397E-004  1.351470317090769E-006
          23  4.033148256879803E-016  4.451202974294944E-018
          29  4.127942244121492E-013  4.320770668378576E-015
          31  5.949728307816968E-014  6.627200918611023E-016
          33  1.069260612337798E-009  1.245299524904918E-011
          35  3.860538548153337E-020  4.002072232673457E-022
          38  3.696634292223589E-010  4.272579850630211E-012
          48  3.572427694251599E-006  3.909782451503439E-008
          49  5.137931608270106E-004  6.152967809066040E-006
          63  1.287476602406292E-006  1.435162288751677E-008
          65  9.207831143947200E-007  1.002844228502999E-008
          69  5.164611199366346E-008  5.650861036767945E-010
          78  1.376952857897176E-007  1.594099842686921E-009
          80  8.743677274883321E-025  8.990183698875358E-027
          82  5.182529651558412E-004  5.857066733368049E-006
          93  1.556329068284222E-015  1.617489577099563E-017
          96  4.739840410938073E-004  5.449112112916506E-006
         102  7.432468279635499E-015  7.959144604180181E-017
         112  4.923668569183212E-004  5.677429635236898E-006
         118  2.050226685891927E-008  2.212596707231798E-010
         119  9.054899352768814E-005  1.012933530389834E-006
         123  1.184266686314638E-005  1.430396633442906E-007
          21
           6  6.758239570810294E-017  7.136638889065718E-019
          14  1.844512050585024E-010  2.003206187755904E-012
          16  1.289655801249687E-007  1.335792085964961E-009
          28  1.002694846616908E-011  1.048935821231114E-013
          29  1.099391463346634E-005  1.161574706690679E-007
          35  6.189746752555193E-007  6.485664310350743E-009
          46  7.250000812707538E-017  7.460081995351388E-019
          48  1.325295222698561E-010  1.404133022461605E-012
          55  1.739402328709726E-015  1.797513068636024E-017
          61  1.769672648361372E-008  1.845048599740243E-010
          63  2.239407344539529E-008  2.430841802209612E-010
          65  2.572492638021875E-006  2.758002284375574E-008
          69  8.041319293509695E-007  8.715809725015736E-009
          72  3.613214801105940E-008  3.741710459400385E-010
          76  2.742278898552206E-011  2.865976935167827E-013
          89  4.141012735212594E-014  4.282392534477471E-016
          93  7.890861421201926E-009  8.352542876686864E-011
         112  9.754455690774264E-011  1.063712351284859E-012
         116  1.153817595879786E-006  1.207626894091146E-008
         118  1.714113212146869E-006  1.836632440669537E-008
         119  9.941735629036472E-008  1.079240703419219E-009
          13
          11  5.226911287763185E-003  6.678340992145916E-005
          23  9.739172845249650E-008  1.197283060750891E-009
          27  8.269360959862586E-004  1.016515237876460E-005
          31  2.529272425023545E-013  2.866691054694242E-015
          32  3.882781913003010E-016  4.186378553259945E-018
          33  9.863513448807184E-014  1.115953258724258E-015
          38  5.560539578683845E-006  6.804447715054681E-008
          49  1.436905458428034E-017  1.555034097731883E-019
          78  1.319599823660836E-009  1.535348359601138E-011
          81  6.706188507561970E-007  8.073588599032865E-009
          98  1.005992164722244E-009  1.150879462144114E-011
         111  2.734219265280292E-018  2.852734082837863E-020
         123  4.434176676057312E-008  5.369703546160599E-010
           8
          13  7.344152664664578E-006  7.867876740470111E-008
          25  3.349514777738207E-010  3.479691721928354E-012
          27  7.092873392555109E-013  7.863342379237058E-015
          39  1.667095811289593E-026  1.709067372221255E-028
          47  2.314541468382211E-005  2.497450900884719E-007
          66  3.302996917808864E-007  3.514048150954796E-009
          77  6.517259604405562E-007  6.913106700659681E-009
          95  1.796805910977228E-007  1.896202682386458E-009
          13
           5  2.606657280089678E-006  2.846778375712581E-008
           9  1.433306195296488E-010  1.480346151217812E-012
          21  3.959291824373866E-008  4.159000432093968E-010
          22  1.773639492603179E-006  1.908385839692294E-008
          30  1.699951283117086E-010  1.867485315636336E-012
          32  2.915068145591985E-005  3.346526869943599E-007
          60  2.077031431420874E-018  2.144098497742547E-020
          71  5.506632288998031E-007  6.210238290985763E-009
          74  1.504888105135067E-009  1.564009386142742E-011
          75  1.255073942163698E-017  1.285082815899425E-019
          81  3.056121558737420E-009  3.509204774200584E-011
         105  1.448237229757749E-013  1.529046903448828E-015
         122  2.313739262816281E-005  2.517124625828247E-007
          16
           5  3.203863535092139E-013  3.423433300772743E-015
          11  1.059532137943770E-007  1.299923553704713E-009
          22  3.922320247926724E-016  4.090635383290272E-018
          23  2.505580095409346E-005  3.112057027476552E-007
          27  1.851593227394671E-011  2.123172026311957E-013
          30  1.983149231615519E-005  2.304545721358171E-007
          31  7.099797724534889E-007  8.559563537852213E-009
          32  2.462856982460418E-004  2.911461326763936E-006
          33  8.805620248935581E-009  1.044728854249752E-010
          54  2.873346252366614E-008  3.340121663185803E-010
          71  3.693200138526749E-004  4.323603104026231E-006
          81  8.894884123364134E-004  1.084881794706959E-005
         102  1.775694928025909E-013  1.944650227696146E-015
         103  1.387653722468624E-009  1.546881425150744E-011
         105  1.240605303991852E-010  1.352073679189648E-012
         122  4.154481070471857E-013  4.417168570470724E-015
           4
          17  2.857228077304167E-025  2.956573084795326E-027
          24  3.775582992211897E-020  3.887480444446678E-022
          44  6.455676092367795E-021  6.713575236390182E-023
          57  3.296859385769733E-022  3.415578229542760E-024
          12
           8  4.385764620154067E-006  5.112493097333980E-008
          11  1.592366175624018E-006  1.976586240393096E-008
          23  1.544903171166595E-016  1.711616871496417E-018
          27  1.228959370674924E-010  1.422049818262743E-012
          38  3.024621991955722E-003  3.728048205425786E-005
          49  4.056444667281811E-010  4.718071466257969E-012
          78  9.031118518240973E-004  1.086340831078497E-005
          82  2.738491624198534E-014  2.933897518721995E-016
          96  5.723719913684044E-009  6.497013430425283E-011
          98  9.285817898281783E-004  1.099151338415521E-005
         111  2.214891531523439E-008  2.468800102541575E-010
         123  3.161369179756189E-005  3.877120317529805E-007
           6
           4  3.862427978135243E-017  3.961731891602717E-019
          24  8.740136188281527E-028  8.972294934593287E-030
          44  5.799718834166150E-013  6.016007320101215E-015
          62  2.961200447476500E-013  3.062057870111350E-015
          91  4.224372716621697E-016  4.361931765448819E-018
         113  1.116578946558482E-015  1.160171844472610E-017
           3
          12  4.176387639681419E-017  4.298772955069207E-019
          26  2.943191616336569E-014  3.056233063051587E-016
          94  5.982560609140956E-016  6.165125674494821E-018
          15
           9  3.703564885388834E-016  3.829058787841671E-018
          30  5.934910115755739E-005  6.787592140586019E-007
          31  8.450880737387889E-031  8.771317060070462E-033
          32  2.593895980703241E-009  2.918986805908740E-011
          43  4.346772843656071E-021  4.515685308207217E-023
          53  1.546989467038778E-006  1.655726883145690E-008
          54  9.063906747972561E-013  9.982482131067431E-015
          71  4.478223694438214E-005  5.145480664042621E-007
          74  7.409395720223342E-012  7.722494879687062E-014
          75  2.138684254293108E-005  2.292103146801436E-007
          81  1.983596582366674E-017  2.134161979768781E-019
         103  5.890397173315365E-008  6.548045021454035E-010
         105  1.292845395880458E-004  1.436194880247801E-006
         107  5.184979507625513E-016  5.413320303046287E-018
         122  7.546171927538416E-023  7.836220546523522E-025
          18
           6  5.967921501895801E-011  6.761957064787458E-013
           8  9.585181404547887E-007  1.119651181113709E-008
          11  2.575431612163540E-004  3.254269805131622E-006
          14  1.458640403559944E-015  1.557343229612452E-017
          23  1.183353066245229E-006  1.471486965893630E-008
          27  1.010281915225073E-008  1.199114780554585E-010
          31  2.211455873085310E-009  2.614384308973644E-011
          33  2.895681370039461E-008  3.476825119551016E-010
          38  2.576284898460770E-003  3.191893986932010E-005
          49  3.523812198800080E-006  4.261581711532771E-008
          78  2.705489574150983E-004  3.278603866527484E-006
          81  5.886343824897268E-016  6.435601680655564E-018
          82  1.630486525991279E-012  1.772087125180556E-014
          96  2.525498970436187E-008  2.892217619440821E-010
          98  1.415906459061265E-006  1.659841871988199E-008
         111  1.613401309191891E-021  1.667815726065195E-023
         112  8.059742886873228E-014  8.781219757903047E-016
         123  1.239632130651523E-003  1.550379282838615E-005
           4
          15  7.046405859568886E-014  7.260050524677110E-016
          25  1.524391475743979E-010  1.579132105234067E-012
          58  7.557909667513770E-018  7.790397633421603E-020
         110  1.238781238296191E-021  1.280238809709313E-023
           1
          58  8.249019938021406E-023  8.510686767303340E-025
           2
          12  5.914315897973739E-018  6.054853325426922E-020
          94  5.739145058532957E-019  5.882474275370781E-021
           4
          37  7.411387651976967E-018  7.630086843019427E-020
          60  1.554069373962638E-021  1.608370838428807E-023
         109  4.017963582102210E-024  4.140651543737258E-026
         125  3.141986033396869E-021  3.251354704497915E-023
           1
          58  1.914467540838434E-023  1.974822991873231E-025
          12
           5  3.110746278232943E-008  3.359789839732844E-010
          18  5.202867910673801E-006  5.496458680962423E-008
          19  2.742081364172715E-012  2.838215629448832E-014
          20  4.182531865488523E-005  4.489481506353452E-007
          21  3.220831219696258E-013  3.337243912573704E-015
          22  1.401626653248309E-008  1.492562389235142E-010
          32  3.901561269680434E-022  4.070561598273533E-024
          60  1.490380978973057E-010  1.553841399523704E-012
          81  1.820039997003892E-025  1.883208118220411E-027
         109  1.774213137793475E-010  1.834372112982163E-012
         122  4.466500110901628E-011  4.734340259151658E-013
         124  5.415532076288813E-005  5.804722014484284E-007
          14
          17  1.125670981769705E-025  1.156001013627941E-027
          24  3.271695579654738E-008  3.369016641585457E-010
          28  2.209673929016563E-014  2.293142283318297E-016
          34  3.885737114888480E-020  3.993718727299423E-022
          44  4.309025397053042E-009  4.457957082927212E-011
          57  5.627847492134324E-019  5.786522246475908E-021
          62  1.565567709466013E-020  1.611257033266669E-022
          76  6.754813011423423E-013  7.034218528417447E-015
          84  3.400870054598087E-022  3.495899433689952E-024
          88  1.967808334283778E-011  2.069707991913156E-013
          89  3.130761682058650E-012  3.250514788028453E-014
          93  9.163142927052398E-027  9.389505262639024E-029
         106  8.087301686991199E-013  8.510903175922715E-015
         113  8.887347454095507E-017  9.192289733441722E-019
           7
           3  4.978910187417512E-013  5.169883292143769E-015
          26  5.878189362530764E-011  6.140756104602715E-013
          79  5.569832039370905E-016  5.755190246530085E-018
          85  5.450665820854153E-027  5.621815887272748E-029
          86  4.044950718630698E-021  4.189308073902022E-023
         101  1.649820588038596E-022  1.701166515029539E-024
         114  8.374803379404931E-016  8.597353179396678E-018
          19
           1  9.306301916108382E-013  9.715247067666957E-015
           6  3.501446445227952E-014  3.790481278402702E-016
           8  1.934663347724795E-003  2.244449519616967E-005
          11  8.394709073277026E-013  9.649179929442172E-015
          14  1.714150774630117E-014  1.824598241216900E-016
          23  2.606731594577744E-025  2.697742266844352E-027
          33  1.649091841852028E-021  1.727054380893430E-023
          38  3.678354575615484E-004  4.453715977801057E-006
          48  1.997952192535224E-019  2.072709010947853E-021
          49  1.883748193238034E-006  2.227198191873856E-008
          78  2.770602336562357E-003  3.290214385472173E-005
          82  6.180944899449848E-006  6.938207904398976E-008
          92  8.360324808353371E-031  8.586335543342091E-033
          96  1.992741498243968E-004  2.292519171316052E-006
          98  9.349846798886247E-006  1.081062210729470E-007
         111  8.632458452355260E-030  8.847298952457746E-032
         112  2.556745032846704E-011  2.803356625626406E-013
         119  1.753575540907858E-018  1.813707912640974E-020
         123  1.927049801643516E-004  2.346194805529594E-006
           3
          12  5.339102959206948E-017  5.476507268514996E-019
          26  1.191766921662592E-018  1.231259035163664E-020
          94  2.949995395796214E-013  3.029962032620581E-015
           5
          39  2.769232453262526E-013  2.854465410974566E-015
          41  5.119252852743780E-011  5.293965699941478E-013
          67  2.150475400610853E-012  2.218540583531233E-014
         117  4.180720878913066E-013  4.321731614614765E-015
         121  7.907735350293292E-017  8.156645754477712E-019
          10
          17  7.306293284214247E-018  7.571415784046428E-020
          24  1.161653301492271E-012  1.200344466987859E-014
          34  6.922216923153439E-019  7.179200052701389E-021
          44  7.839881220521767E-015  8.165860414062443E-017
          57  6.287203226851817E-016  6.523130634361065E-018
          70  1.596128409319031E-022  1.664531111657028E-024
          73  1.377297983876844E-025  1.428756263104088E-027
          84  1.603150282084917E-017  1.662910243769414E-019
          89  3.241466354537266E-019  3.381744324813158E-021
         104  4.168764202665734E-025  4.326237293035474E-027
          21
           6  9.540947355205630E-029  9.854788478387788E-031
          14  6.025124228447292E-012  6.527837872285443E-014
          16  1.729132266353217E-007  1.804455949264235E-009
          28  3.597156282864337E-021  3.711574117699283E-023
          29  4.710906793316759E-006  5.016310477436316E-008
          35  2.103763615849121E-006  2.221494362861698E-008
          46  1.095492859416250E-011  1.137374665685068E-013
          48  1.104793329739801E-008  1.186299558592352E-010
          55  2.030293672544784E-015  2.113287553663257E-017
          61  2.490997406675641E-007  2.620186109091441E-009
          63  3.608334106175920E-010  3.904404586153730E-012
          65  6.382470559735010E-007  6.863265289174016E-009
          69  3.278344123204376E-008  3.553396785586171E-010
          72  7.508435483920156E-008  7.830246468727748E-010
          76  6.793600160796982E-020  7.040835815899897E-022
          82  1.807238107892780E-024  1.864084399485545E-026
          93  2.155935118315837E-012  2.263609611020147E-014
         112  1.487440359781972E-011  1.622089835600447E-013
         116  5.632871128180243E-008  5.915796012460550E-010
         118  9.371894882061888E-008  1.004296782581657E-009
         119  6.571907901477923E-008  7.153976760962233E-010
           1
          37  6.241729883709512E-026  6.454500154247409E-028
          28
           6  1.414711088610319E-003  1.662418654554787E-005
           8  1.516008300744710E-010  1.685144659176128E-012
          14  2.216550526343075E-003  2.546541756940030E-005
          23  2.838953002356011E-010  3.328598684356875E-012
          28  1.545645840900210E-008  1.662009298932786E-010
          29  1.565778133008777E-009  1.655944447411282E-011
          31  5.381406038033535E-008  6.320514364956475E-010
          33  3.629195877744155E-006  4.328764426481884E-008
          35  9.683821891250779E-017  1.003637541679925E-018
          38  2.670167150952205E-018  2.844586148545123E-020
          48  1.665907768089665E-008  1.800119663739690E-010
          49  3.686358171388973E-004  4.401239420513065E-006
          54  9.996714548231810E-011  1.120009649500953E-012
          63  4.935305887984598E-004  5.553772908151459E-006
          65  4.781560501469722E-005  5.235147508156673E-007
          69  5.505993597366210E-005  6.105048502083640E-007
          76  4.766042721241474E-011  5.038977438920602E-013
          78  7.283093981558918E-014  7.955084057469647E-016
          82  7.042925413183291E-007  7.846863684405133E-009
          93  4.214907179867491E-007  4.557751256410227E-009
          96  4.384518169992772E-007  4.966209965215256E-009
         102  6.821194118556787E-007  7.797795321516686E-009
         106  2.321308874190410E-013  2.449981676972868E-015
         112  1.945357628858931E-003  2.238829990924206E-005
         116  5.619222414608832E-016  5.815684869247354E-018
         118  2.536696776034275E-005  2.768577268052417E-007
         119  2.877754095740058E-004  3.224866455079545E-006
         123  3.126490371354136E-007  3.731857198460269E-009
          14
           3  3.705309088147222E-013  3.875234561482267E-015
          11  1.884905045011530E-018  2.054138887086826E-020
          13  1.499933994764430E-018  1.553163882635292E-020
          27  2.904197361454634E-013  3.244882033544003E-015
          38  3.632507902046577E-011  4.164630038220603E-013
          39  4.688437016134561E-010  4.932398309111579E-012
          47  4.157520159880824E-021  4.307101913180599E-023
          66  3.929169037349143E-016  4.097532206154713E-018
          77  3.644087884269512E-015  3.785372701732883E-017
          78  1.976800358660862E-015  2.143497443396114E-017
          85  4.844122733473445E-013  5.047303050659362E-015
          95  2.414737632656726E-017  2.499779269527917E-019
          98  9.576069981422951E-006  1.107254896456402E-007
         111  8.043530066260087E-004  9.039667747534720E-006
           8
           9  8.707845310056496E-008  9.027411082063362E-010
          43  1.316352743931120E-015  1.361510361641613E-017
          53  2.023572648317956E-013  2.105050404296512E-015
          56  9.714437788903020E-023  1.004688788313538E-024
          71  1.184683750342812E-020  1.228550410892850E-022
          74  5.140209774859254E-007  5.359872993251858E-009
          75  3.944913271921649E-011  4.105285307571517E-013
         105  1.125005899626780E-014  1.182779753302181E-016
          22
           6  1.912075904201069E-007  2.232435083120489E-009
          11  6.140143297413157E-009  7.472328908405513E-011
          14  3.507226762492361E-012  3.856594232606680E-014
          23  2.920444194305947E-003  3.668942769748931E-005
          28  1.524402302257074E-028  1.568317166372708E-030
          30  1.354146661104987E-005  1.575430689157869E-007
          31  3.275043198378162E-003  4.050918843178908E-005
          32  3.352290367645038E-011  3.778120310400856E-013
          33  1.056796753519090E-003  1.298638644304280E-005
          38  4.226702714405934E-022  4.430078553206382E-024
          49  3.379611583061985E-009  3.966491984777962E-011
          54  7.099081326303159E-004  8.491974332357280E-006
          63  3.112218318633685E-015  3.308842047268868E-017
          71  3.124025604133569E-006  3.631930363436561E-008
          81  2.369288969277999E-008  2.801334549478720E-010
          88  3.365317193086810E-012  3.598573173129489E-014
         102  7.904178059256321E-005  9.276754016075526E-007
         103  1.124964266438336E-005  1.286091550920606E-007
         105  1.089342490800141E-010  1.189474205892646E-012
         106  1.877999894728077E-009  2.062763160215850E-011
         112  7.323650660508993E-015  7.894009576289003E-017
         123  4.854957674937411E-010  5.760854663203445E-012
           2
          12  1.856728878890829E-025  1.918615611801332E-027
          94  7.655763377158133E-013  7.921588446977480E-015
          24
           6  1.038501272835723E-008  1.164960180995187E-010
          14  1.802557559231911E-006  2.016627631370710E-008
          16  7.858758668707974E-009  8.147794217003575E-011
          28  2.774612323611876E-008  2.959668234366577E-010
          29  2.444500602222073E-005  2.596549350577287E-007
          35  2.322931926811720E-007  2.436615771201565E-009
          46  2.016104204302085E-029  2.075977683653776E-031
          48  1.252098047893225E-008  1.339814990516519E-010
          49  4.685701465724750E-013  5.184887954607221E-015
          61  1.590166604542847E-009  1.659665839970020E-011
          63  1.655003970620552E-005  1.828047627376343E-007
          65  1.077073212588482E-004  1.167186653144826E-006
          69  6.960205153871091E-005  7.625731464874807E-007
          72  1.061672546620449E-009  1.100075579044547E-011
          76  1.187111944829864E-008  1.255602891001972E-010
          82  2.420242378262255E-014  2.546487937050350E-016
          89  2.524102973488892E-012  2.621318705556771E-014
          93  1.786299797040946E-006  1.913835351673798E-008
          96  1.787690952898267E-025  1.835985264367423E-027
         102  1.007167112128056E-018  1.048464379546076E-020
         112  1.076664324096413E-006  1.206852129262851E-008
         116  9.239795238218514E-007  9.690829840661715E-009
         118  8.866333801359486E-005  9.580226356226281E-007
         119  2.070291670442007E-005  2.279098782070046E-007
           6
           7  6.590293075265385E-025  6.769696665697554E-027
          39  3.805631751971230E-012  3.917366975124847E-014
          41  8.341813484854448E-012  8.593597678443369E-014
          67  3.384460941758132E-011  3.480396499210376E-013
         117  2.114885236759235E-014  2.178301699157004E-016
         121  4.570588044645609E-014  4.697634218014306E-016
          13
          11  1.648719054444913E-006  2.027017464620812E-008
          13  1.744418090389795E-009  1.866238312319420E-011
          27  1.703371926232526E-004  2.051309662897842E-006
          38  2.217651142485951E-009  2.598686493457851E-011
          39  8.957918067063811E-014  9.322235598028336E-016
          47  4.417789208144090E-009  4.763776575734087E-011
          66  1.306360999568406E-010  1.390835170730717E-012
          77  7.434523497936632E-010  7.907356444732111E-012
          78  8.382352140828941E-017  8.988705647410553E-019
          81  6.028035955921077E-024  6.269728222739507E-026
          95  2.214248068659978E-011  2.334230228117399E-013
          98  3.755978153944709E-008  4.305637500050893E-010
         111  5.718407351183111E-007  6.386471663262970E-009
          28
           1  5.044062334756962E-012  5.276111942523944E-014
           6  6.499429464525841E-007  7.451753546685639E-009
           8  1.269604956010217E-009  1.417429697625886E-011
          14  4.112016955643955E-005  4.660128360044285E-007
          16  2.717493415427886E-015  2.808948913740204E-017
          28  3.498924736659151E-018  3.608290838295944E-020
          29  1.058602860215303E-007  1.123474546789194E-009
          33  1.497885034091173E-017  1.612288165447262E-019
          35  3.619793430584447E-009  3.806297549722359E-011
          46  1.027569055133755E-023  1.061152169020367E-025
          48  7.334481421552559E-005  8.015403601045658E-007
          49  1.787960904575803E-006  2.093858151458089E-008
          61  3.760951319077262E-011  3.934544566696382E-013
          63  4.038325159038703E-006  4.477312911848422E-008
          65  3.782164993398853E-005  4.120439490702758E-007
          69  2.128580750102361E-006  2.336137973058996E-008
          72  2.646041211622867E-017  2.735730161257002E-019
          78  6.252096702473989E-018  6.613689888700012E-020
          80  8.785079346161966E-018  9.046765372011882E-020
          82  3.557508109456726E-005  3.976584924428123E-007
          93  1.593089715682195E-011  1.680165748595267E-013
          96  3.134782919196162E-006  3.552362081859224E-008
         102  2.970808581587269E-029  3.048426696585709E-031
         112  1.512978572686419E-004  1.726144461079045E-006
         116  1.672261816830322E-014  1.735336728886978E-016
         118  1.827889988842135E-006  1.983242325190978E-008
         119  3.765576940182489E-004  4.189862928096827E-006
         123  3.695065237041518E-011  4.240438618165785E-013
          13
           1  1.127389726485294E-011  1.178320734401760E-013
           8  7.019288899894231E-004  8.130911962031470E-006
          11  9.213346272647676E-023  9.632436209129080E-025
          38  4.628012659343264E-005  5.540496702876865E-007
          49  1.410123562439024E-009  1.621564550504459E-011
          78  7.958010820353957E-004  9.401163647648714E-006
          82  3.929526588666998E-007  4.365508777582438E-009
          92  3.795192530586275E-016  3.914725183669310E-018
          96  2.047341539542752E-005  2.337101233181421E-007
          98  3.002941993102238E-005  3.462410337986063E-007
         111  1.539125019878863E-016  1.600947108241354E-018
         112  1.256188853466017E-021  1.297008005484997E-023
         123  2.890404136997801E-006  3.461184026180106E-008
          11
          18  4.357086561976243E-013  4.523665160447610E-015
          20  4.465788248994597E-018  4.640667758767233E-020
          21  2.418361075265762E-015  2.497413123460922E-017
          22  4.419891947265005E-029  4.548899082116679E-031
          37  1.118617470015449E-011  1.152474014727313E-013
          40  3.061277880753866E-022  3.169119591178260E-024
          45  4.607802449548957E-018  4.765668883124960E-020
          60  1.619866449766542E-010  1.686372316722047E-012
         109  4.257610051263701E-014  4.390978660844158E-016
         124  7.999517204809548E-019  8.281451812999353E-021
         125  4.374586847756100E-014  4.528829288296105E-016
          11
          11  1.897282461456566E-015  2.115524103912544E-017
          13  4.710138596094224E-008  5.033052176724239E-010
          27  8.657205661698790E-009  1.003968695585323E-010
          38  1.932134024915145E-018  2.066332217445509E-020
          39  2.401017510195685E-007  2.536403257313235E-009
          47  2.658503688523818E-008  2.851987021526978E-010
          66  6.973655397185515E-008  7.460705671223394E-010
          77  1.461287934328561E-007  1.556293772024765E-009
          95  3.209693935882551E-008  3.400958540335958E-010
          98  2.666695031491191E-009  2.994178061893547E-011
         111  3.263464242859367E-005  3.637369131044030E-007
           2
          19  3.991582215312714E-019  4.130744198400443E-021
         109  1.219661283091072E-016  1.258348645001070E-018
          12
           1  4.702719044973652E-005  5.028659770595317E-007
           8  1.849276724781405E-006  2.100838866071790E-008
          48  9.357845423553074E-008  1.009711767932523E-009
          49  2.178003429304820E-014  2.395759007869157E-016
          78  5.246716096035264E-011  5.875837484796230E-013
          80  5.944665712488133E-007  6.240532184108548E-009
          82  1.866442148232694E-005  2.077959029022562E-007
          92  5.938965906837957E-007  6.271958792507026E-009
          96  6.043032663414612E-006  6.846599474977638E-008
         112  4.806138259138531E-015  5.119089318077186E-017
         119  2.969252772491120E-014  3.134866086672151E-016
         123  4.740627402753584E-016  5.194715087957290E-018
          12
           4  1.351765922334717E-020  1.396003709433198E-022
          24  3.546271418880283E-008  3.696516610572353E-010
          28  4.244173447099969E-013  4.467514565515999E-015
          44  7.199753956057545E-009  7.536058050952220E-011
          57  1.911645131897056E-027  1.988038826102210E-029
          62  5.752631898093085E-016  5.988522297533171E-018
          76  2.424373512769713E-012  2.558622241587396E-014
          88  2.807352096221784E-009  3.013023935621612E-011
          89  1.128761340339227E-012  1.185032352866226E-014
          93  7.788536332939197E-022  8.075996822130617E-024
         106  1.746627047328521E-010  1.879617091521383E-012
         113  1.661785071895122E-016  1.738287977451161E-018
           5
          41  5.503382181413241E-015  5.695180948882072E-017
          52  7.451615808170521E-018  7.631978075316587E-020
          68  2.497352869952433E-013  2.573908850618061E-015
          85  4.808537620533928E-016  4.957204035040757E-018
         117  4.819660815369037E-017  4.988492491886076E-019
           3
          35  2.037063410336238E-019  2.113884622542287E-021
          46  7.210443433758725E-012  7.463330819120284E-014
          61  1.253547475427000E-014  1.304476153696531E-016
           8
           3  3.495950659093911E-006  3.688320577787282E-008
          26  3.579735572106842E-008  3.762078175573474E-010
          52  1.325995180219272E-014  1.356673019502711E-016
          79  3.614119454231277E-013  3.729330572568279E-015
          85  5.744663679680879E-007  5.996703776293462E-009
          98  5.028318522668694E-008  5.655287070919630E-010
         111  7.929605789935156E-006  8.731096550341197E-008
         114  4.392238188449254E-018  4.496298244097756E-020
           1
         100  1.589728969281263E-023  1.637443591007900E-025
          13
           5  3.485899823878299E-010  3.743152772985520E-012
           9  1.119074546342683E-008  1.162781386390666E-010
          21  3.646788702347771E-012  3.793869182229515E-014
          22  2.378919902806663E-010  2.519752946292406E-012
          30  6.862098278568947E-009  7.640083812765884E-011
          32  3.380765181853061E-007  3.845964963502632E-009
          53  4.418301719385569E-013  4.609590135459706E-015
          71  7.902473622571763E-007  8.933006741495712E-009
          74  1.339897017900162E-007  1.401921352586578E-009
          75  9.139670945414021E-010  9.588519758622742E-012
          81  2.394106707251537E-014  2.626949419141644E-016
         105  3.975060547806599E-009  4.303620648448531E-011
         122  5.873884157297935E-008  6.328822661685705E-010
           8
           4  1.380911931463845E-010  1.419986153478182E-012
          10  2.128106520776789E-012  2.199119167002898E-014
          44  3.490936451076727E-022  3.620920881637576E-024
          62  3.320985545527393E-011  3.436194081028477E-013
          87  1.776381471759668E-014  1.846573464440359E-016
          91  9.505157829345971E-015  9.817767553388914E-017
          99  1.961520168452045E-015  2.028249676049635E-017
         107  8.316128217959624E-013  8.666315500839327E-015
           6
           1  1.242457347603948E-009  1.305916176035810E-011
          42  3.369646184893365E-025  3.457305183725491E-027
          80  5.777347955733369E-010  6.005139372894368E-012
          90  1.158639061710044E-021  1.196666166822216E-023
          92  7.495961630036614E-008  7.863303628103930E-010
          94  7.949077637070964E-013  8.209337812433576E-015
          11
           9  2.842080095273729E-016  2.924105965563160E-018
          30  2.758060613758533E-009  3.057593694561409E-011
          43  3.673816647775225E-010  3.813711267971837E-012
          53  7.084330031361151E-006  7.533817123757971E-008
          71  1.092614207318026E-010  1.197895886388681E-012
          74  5.701894744234292E-012  5.905099841133150E-014
          75  1.903259036326284E-005  2.024292683252223E-007
          99  6.690277025392078E-013  6.921902601508866E-015
         103  2.535910810789176E-013  2.699753509365082E-015
         105  3.183003664808898E-006  3.483597333227104E-008
         107  4.839126406621457E-011  5.055876213173658E-013
          14
          11  2.041647128279942E-004  2.561131769187248E-006
          13  2.200912527738052E-013  2.304160024426506E-015
          23  4.035633063294255E-019  4.344334667521780E-021
          27  1.604549454640722E-003  1.956111199642321E-005
          38  1.388983360855475E-007  1.658033876518018E-009
          47  3.813460518037576E-012  4.037947923595936E-014
          66  3.225120413644552E-017  3.341416012009801E-019
          77  5.023147562441338E-015  5.204463159292508E-017
          78  9.060151685695491E-013  1.007198587755867E-014
          81  1.046813625386021E-010  1.206974255383051E-012
          95  3.608227347770141E-020  3.702477903605208E-022
          98  1.509918459469053E-008  1.728002221470084E-010
         111  1.787477873096287E-009  1.961991998884069E-011
         123  6.124048929069237E-014  6.893206730221146E-016
           9
          13  1.220056691534305E-016  1.253331971570326E-018
          15  1.354770811891449E-018  1.390397110092048E-020
          19  1.430338929452828E-016  1.471045641881096E-018
          20  8.187969813381294E-017  8.472207456186799E-019
          25  3.018630664729633E-009  3.120511581170665E-011
          47  5.248259167565939E-014  5.442718569992302E-016
          58  1.047129165069888E-014  1.075314240867087E-016
         110  6.330181775237130E-021  6.516652654785828E-023
         124  2.726551084882888E-018  2.807577981985583E-020
           4
          41  5.494720916887387E-020  5.699839330098457E-022
          67  2.719119966247581E-017  2.814329742071328E-019
         117  3.340746493896815E-025  3.466122426308774E-027
         121  2.137645267975543E-021  2.213186717778261E-023
