         130
  0.199961556504402     
  0.200945472806847     
  0.198815929479429     
  0.200191531996637     
  0.199817350032019     
  0.199842468846570     
  0.200191845283405     
  0.199311663356332     
  0.199887857308246     
  0.199997813468597     
  0.197509131615753     
  0.200829480015117     
  0.194708442316316     
  0.198984904608417     
  0.198456527542788     
  0.199066073473546     
  0.200326800701738     
  0.199972155281695     
  0.197574217212468     
  0.201612697357827     
  0.200072778893402     
  0.196413581706187     
  0.201146303557511     
  0.197332414855789     
  0.200449510511922     
  0.199007218091738     
  0.199391532718312     
  0.199400775233515     
  0.199791153759698     
  0.198452204748504     
  0.192676452338413     
  0.199172162297648     
  0.198536043248726     
  0.202278456683476     
  0.200596085621230     
  0.199691246825453     
  0.198098384247860     
  0.200411163196348     
  0.199151558163062     
  0.200603476927823     
  0.197974195133922     
  0.202029448332655     
  0.197738136284105     
  0.199974103553832     
  0.201770259876684     
  0.201273915889042     
  0.199162171145999     
  0.199097904423566     
  0.199609280355183     
  0.199443636160910     
  0.201803558477034     
  0.200710212023141     
  0.199528637798050     
  0.198053961122964     
  0.200538897117777     
  0.199088103042249     
  0.201410898186976     
  0.200332307023003     
  0.198633660375429     
  0.198964423070073     
  0.198793446671956     
  0.197442561928186     
  0.197638479902769     
  0.199241633633393     
  0.199669936704383     
  0.195697556922242     
  0.198860618717433     
  0.199607737679757     
  0.197461185853832     
  0.197721484940941     
  0.202995656089846     
  0.198348031973116     
  0.200042931531972     
  0.198982219396308     
  0.199989105008965     
  0.197910564767624     
  0.197920758741226     
  0.198181598526359     
  0.199944141286492     
  0.200439097091121     
  0.197244157124148     
  0.200069255858195     
  0.198824795935028     
  0.198500796918992     
  0.198872499673867     
  0.199467549427945     
  0.199266011154629     
  0.197423850156555     
  0.199696497579167     
  0.197018183683233     
  0.198292060702874     
  0.199889876310937     
  0.202054626335030     
  0.197072988121872     
  0.201521119521558     
  0.200537705680351     
  0.199813810839398     
  0.200573121373450     
  0.201183250474188     
  0.201349238753644     
  0.199525135447058     
  0.200497604581894     
  0.197117486204250     
  0.199441235048023     
  0.198812260965464     
  0.199750140298476     
  0.199477802585804     
  0.196449364225398     
  0.200300012637667     
  0.201315949000710     
  0.202297037191721     
  0.199974332692054     
  0.200366691049554     
  0.199890462576327     
  0.201404132391261     
  0.198480839167234     
  0.199623391886159     
  0.201063382698262     
  0.197317597224096     
  0.200798042070883     
  0.199278093263430     
  0.201347031577628     
  0.199295700928835     
  0.198611593933824     
  0.197140361157027     
  0.201252307414027     
  0.201356639605018     
  0.199246736520382     
  0.200339866826531     
  0.201041043025282     
