         160
  0.164598994026942     
  0.199418775097726     
  0.200867622167561     
  0.198083593334806     
  0.198011596310317     
  0.198824121307068     
  0.199870949218565     
  0.199984505170851     
  9.975014155573382E-002
  0.200260121570756     
  0.199084656198115     
  0.199078176133256     
  0.200224223134809     
  0.200138860421128     
  0.197998677236733     
  0.199622104588295     
  0.199624357927204     
  0.199892946869865     
  0.200225584389631     
  0.199935303268732     
  0.199556346654205     
  0.198878114176707     
  0.122308714826134     
  0.198862436733598     
  0.199470600930190     
  0.200202927330175     
  0.197944293601373     
  0.199704833444938     
  0.200116836216134     
  0.199659370670227     
  0.198894772888033     
  0.175099813860158     
  0.199969422234989     
  0.200074712691087     
  0.191908243663901     
  0.200503128593141     
  0.199363554486017     
  0.199444905993821     
  0.199456836565382     
  0.199301535517690     
  0.199855473923307     
  0.199231933302438     
  0.199481488206419     
  0.199692319582132     
  0.201161514202684     
  0.199582637914051     
  0.174310701389045     
  0.199173771190174     
  0.200136364502155     
  0.199455753979316     
  0.198710656055504     
  0.199886078823989     
  0.200029126821033     
  0.199670156380807     
  0.199711086597314     
  0.199667487227735     
  0.200214052050451     
  0.105058690025761     
  0.199617091860273     
  0.199971565129902     
  0.199664279138258     
  0.199091074572146     
  0.199328784108705     
  0.147892610289622     
  0.199048820849041     
  0.199595301117139     
  0.199656431117831     
  0.200242542369853     
  0.198083896009372     
  0.180547268863452     
  0.176608186788961     
  0.200970724562133     
  0.199455690288100     
  0.196283708859308     
  0.190123843238925     
  0.175964740649920     
  0.199168617703624     
  0.195632328446783     
  0.200360539099298     
  0.192680536065990     
  0.200260511071837     
  0.198564201498398     
  0.198382269073994     
  0.199094729785777     
  0.198554824477523     
  0.171401098558978     
  0.199480309458065     
  0.200234820447557     
  0.100394151780330     
  0.189547840333538     
  0.200639227842950     
  0.199495849456995     
  0.193176940041235     
  0.197999366743662     
  0.199970674331238     
  0.199990669432357     
  0.200357109448544     
  0.193368238232544     
  0.199704902674057     
  0.179732107233241     
  0.200338043309837     
  0.199330876441118     
  0.190750065727933     
  0.199595735341189     
  0.177748768811324     
  0.199308867984042     
  0.198944175810394     
  0.199805744759611     
  0.199722808934231     
  9.498300199249984E-002
  0.199457635738037     
  0.198976790352459     
  0.199371397406187     
  0.200166200702791     
  0.174671957534683     
  0.200818471376747     
  0.198641186264652     
  0.199403990003889     
  0.198840568575533     
  0.199303460458266     
  0.199248047808822     
  0.200249038808262     
  0.200541946272920     
  0.199619646923154     
  0.199150830805003     
  0.199192740975443     
  0.191238214342720     
  0.104207723880786     
  0.199246016391659     
  0.199984010332020     
  0.199073345546840     
  0.199431041939643     
  0.199475983641782     
  0.199489494800003     
  0.166584358204445     
  0.199255871492063     
  0.199580630011904     
  0.185512843983736     
  0.200110753499953     
  0.199175670058300     
  0.106283749065934     
  0.199208904136621     
  0.199520698022663     
  0.198702585598921     
  0.200010772129445     
  0.200502273769172     
  0.198721925613666     
  0.138269843757770     
  0.199845705341359     
  0.199752773414445     
  0.199294094177828     
  0.199511508486290     
  0.199071983324297     
  0.199906394104713     
  0.199302652766218     
  0.200055914551187     
  0.198060684057973     
  0.200565835437473     
  0.199995939814439     
  0.199819574828213     
