         156
  0.198223184597778     
  0.200590373584800     
  0.198859858233135     
  0.201272504289515     
  0.198485227065538     
  0.131884437849017     
  0.199218738905729     
  0.200237221690545     
  0.198813644162606     
  0.199353096413025     
  0.199720750526317     
  0.198375528402436     
  0.188247100359817     
  0.199957305509854     
  0.200893778047920     
  0.200182809276141     
  0.199805896315834     
  0.199883988559771     
  0.199042868678661     
  0.200176314669563     
  0.200145636093055     
  0.198850149574371     
  0.199233398247479     
  0.198804351508508     
  0.199344626784298     
  0.198801106121275     
  0.199965205022321     
  0.200221339692342     
  0.199950169016894     
  0.200158235781598     
  0.198434639449897     
  0.199151501787288     
  0.146055067512491     
  0.176967528465535     
  0.199110834017069     
  0.199395803268136     
  0.199966067989827     
  0.199240005645346     
  0.200022170986970     
  0.199974961720959     
  0.199239692160245     
  0.199100553846940     
  0.200233879816470     
  0.199857947130502     
  0.199332331580980     
  0.119750906849574     
  0.198706328149284     
  0.198537941844676     
  0.195005877736410     
  0.200308962509466     
  0.196752889821568     
  0.200171855225210     
  0.198879019818637     
  0.200034880119762     
  0.198312346820417     
  0.199494850006158     
  0.174828388961946     
  9.215710556946625E-002
  0.198224091530881     
  0.198151873615587     
  0.170821554094145     
  0.200139458142451     
  0.199302511074778     
  0.200398130389246     
  0.199868136831794     
  0.158999692448113     
  0.168072372209030     
  0.199504553493571     
  0.199410054710552     
  0.200201449503958     
  0.197119465523070     
  0.199774172815112     
  0.195267998972418     
  0.198519782233609     
  0.115909083855903     
  0.199743328998692     
  0.199494702424839     
  0.199613606303108     
  0.199084117418103     
  0.199174638753321     
  0.198338422418823     
  0.199596763665110     
  0.199498279109940     
  0.199098969551067     
  9.804021958587293E-002
  0.199121322615224     
  0.198813903182254     
  0.200239117867370     
  0.199368371498520     
  0.100013398758671     
  0.200234526359179     
  0.199796827206392     
  0.199709102525256     
  0.200196596156036     
  0.201041122018211     
  0.199139702903799     
  0.198540747831233     
  0.199238310026879     
  0.199638387090471     
  0.199710478186106     
  0.198869141314033     
  0.198796907638264     
  0.196354857518232     
  0.198079528963103     
  0.199116556279234     
  0.200133673185297     
  0.198961781437543     
  0.199305910456576     
  0.198928142793059     
  0.138163493370485     
  0.199065622117794     
  0.200272035840189     
  0.198628480626081     
  0.199573982298034     
  0.198010309940480     
  0.199115255860619     
  0.199265355135054     
  0.174264258087911     
  0.199723092962745     
  0.162761356572757     
  0.200229772878350     
  0.199855163050878     
  0.198303234965612     
  0.200632816290790     
  0.200483841331059     
  0.198501510883248     
  0.188353373851361     
  0.200225141680337     
  0.158791684973652     
  0.199161239416061     
  0.199750132779959     
  0.199235222555961     
  0.199758490304931     
  0.200092407094531     
  0.200703685566752     
  0.198855835517099     
  0.193464584462021     
  0.199265990445018     
  0.199212397474523     
  0.123089777481165     
  0.199426510768199     
  0.199562442676453     
  0.199222107365074     
  0.198593787981758     
  0.197746142306112     
  0.200054618724032     
  0.199351863027544     
  0.199061057492277     
  0.199850231890803     
  0.199482901279230     
  0.199491863376086     
  0.199478312832115     
  0.182931189870921     
  0.199707608707177     
  0.100187234928099     
  0.200423839414070     
