         187
  0.197956880399265     
  0.200413824037750     
  6.995825233016398E-002
  0.200589351060227     
  0.174296862578956     
  0.191878560258793     
  0.200640401434320     
  0.202580381137715     
  0.201300093641094     
  0.200603693065156     
  0.198297883812144     
  0.198429584861125     
  0.126982196657187     
  0.195788848623152     
  0.199532433822081     
  0.199759306616683     
  0.197995492257159     
  0.200193069963773     
  0.171776352705707     
  0.198281949189754     
  4.218855874880464E-002
  0.188011852541702     
  0.199060575723011     
  0.200067408037483     
  0.198245794260069     
  0.198302490807484     
  0.201885189701393     
  0.200562985534230     
  0.122399507685461     
  0.198080940536922     
  0.199200467468190     
  0.199921684060691     
  0.196271934644176     
  5.428537749996844E-002
  0.198979551781926     
  0.173907048381231     
  0.197434806278110     
  0.197884436662606     
  4.466300152941388E-002
  0.200649036763093     
  0.201622885209554     
  0.198337333549559     
  0.114382272556192     
  0.198045421888902     
  0.175308061068023     
  0.199641212453438     
  0.198390753357629     
  0.200137960909632     
  0.201665618677863     
  1.010617172206637E-002
  0.198902457033117     
  0.198567181511335     
  0.198433300127699     
  0.198120047465499     
  0.199688582761011     
  0.200168256929327     
  0.200494950596296     
  0.201541798459824     
  0.200169202452300     
  5.545567259282819E-002
  0.196831429983003     
  0.201090868335057     
  0.198471361812137     
  0.157437491066532     
  0.198653838884489     
  0.189018181673551     
  0.201865353295893     
  0.200486272787527     
  0.200447523336163     
  0.200972898897301     
  6.560698821839477E-002
  0.199713064154894     
  0.199852920589859     
  0.125522895264461     
  0.198871804201109     
  2.360286677985935E-002
  0.198837737172550     
  0.201427786514370     
  0.198476370239738     
  0.179609992230543     
  0.201456725407961     
  0.204471927875906     
  0.200987210435027     
  0.200028185663456     
  0.200147323905312     
  0.197897148166351     
  0.199300192825289     
  0.199027273981109     
  0.184043406018296     
  0.198708637449160     
  0.119795136033703     
  0.199051864492422     
  0.198233333724582     
  0.197163458753758     
  1.564508826574219E-002
  0.199686115895554     
  0.201050756121804     
  0.201250852260546     
  0.201303118615938     
  0.199631525040613     
  0.200863953543511     
  0.194597630779496     
  0.200458141890590     
  0.199412227698301     
  0.201235691059721     
  0.197138784789200     
  0.202616359706015     
  0.199878888886063     
  0.197185659772762     
  0.197566584233293     
  0.200415746204832     
  6.073996279415246E-002
  0.199765672966723     
  0.199341431899273     
  0.200043900754093     
  0.201881300724652     
  0.200939588624730     
  0.198715784879784     
  9.324550042823036E-002
  0.198637662631726     
  3.845079332792586E-002
  0.195928705788199     
  0.199917984558066     
  0.198909352241246     
  0.198455190990879     
  0.195726232200554     
  0.199166309085656     
  0.196214816412129     
  0.199844859965460     
  0.112293562562359     
  0.197179849690551     
  4.589475428503913E-002
  0.199928811388210     
  0.200530811249323     
  0.200463253525738     
  0.199786160038566     
  0.201512996735675     
  0.184465438156589     
  0.197453984844093     
  0.174188305012816     
  0.201174307208274     
  0.198779386732734     
  0.199254977435093     
  0.201163698851206     
  0.125016614324253     
  0.202626565071234     
  0.198930603960100     
  0.194580807306808     
  0.158534259532585     
  0.196762846806899     
  0.198254198823528     
  0.200071898245722     
  0.198722381901620     
  0.138710288964887     
  0.196087612379350     
  0.202090239543840     
  0.121265119229636     
  0.198220358959488     
  0.200821551013987     
  6.483197810367616E-002
  0.198594665240331     
  6.151970176496858E-002
  0.197657007948589     
  3.434394212751943E-002
  0.200273051963293     
  0.146204407829116     
  0.197191856365515     
  5.409396310018345E-002
  0.180802321408206     
  0.198573397868429     
  0.198300261402784     
  0.199664543999032     
  0.198846650153698     
  0.198949227376425     
  6.084693425248069E-002
  0.202003041645452     
  0.200206619838797     
  0.198797072850714     
  0.200307216903773     
  0.154203337968386     
  0.177683336169309     
  0.198849997682226     
  0.197331044327262     
  0.199171073037070     
  0.196311577431281     
  0.168763213293156     
  0.200827711193000     
