         144
  0.196945419423406     
  0.198216124170539     
  0.201374217192390     
  0.198406661490758     
  0.202024437388084     
  0.199838497953958     
  0.198592611902898     
  0.199865806390625     
  0.198004658034871     
  0.200834774060491     
  0.198055528618901     
  0.199096832300948     
  0.198944991916605     
  0.198855661959984     
  0.196460567730849     
  0.203165512792688     
  0.198469208775445     
  0.196973246028948     
  7.138116496791774E-002
  0.200528083585277     
  0.198581635405718     
  0.197824447423914     
  0.198438721574843     
  0.198320551258965     
  0.192543756183555     
  0.199722730221301     
  8.723858596472271E-002
  0.199091060174311     
  0.200462584748297     
  0.198711488464983     
  0.199008667229300     
  0.198053190938015     
  0.200765806116086     
  0.200528746221296     
  0.197499155580347     
  0.198891733229269     
  0.199594901375796     
  0.199871933622366     
  0.199301147674261     
  0.199011575962176     
  0.199539523803848     
  0.196998760966373     
  0.200406379744946     
  0.200021759999843     
  0.198574468091023     
  0.199951888467277     
  0.199623257039535     
  0.125150304505453     
  0.195141695423159     
  4.182568229973434E-002
  0.200540976925648     
  0.198810888087129     
  0.200078589210089     
  0.199891976979026     
  0.197173660779097     
  0.200769863609925     
  0.147485082173890     
  7.362097176734327E-003
  0.199986371526180     
  0.201070397085819     
  0.201104112797671     
  0.197656687684488     
  0.198467741012663     
  0.198349496046719     
  0.200692732906882     
  0.198833564039578     
  0.197965326664242     
  2.798817333309752E-002
  0.199528145196378     
  0.199410311592152     
  0.201535904006756     
  0.198419627368148     
  0.198863932608230     
  0.200305863872414     
  0.198864170142245     
  0.193496771014676     
  0.200296366775441     
  0.199295417119398     
  0.200234672319028     
  0.199012761624624     
  0.199516503030277     
  0.103561528005566     
  0.194187061263794     
  0.200163663713812     
  0.200931993530757     
  0.198163560657304     
  0.199604232988945     
  0.198121416330636     
  0.187964170747969     
  8.272129300906199E-003
  0.200605580070292     
  0.199716154846554     
  0.125460105175028     
  0.171088945151852     
  0.198243656543847     
  0.199381997557437     
  7.180885163904267E-002
  0.199064787691223     
  0.201203873335624     
  0.200068505225113     
  0.186765622599335     
  0.198940637618730     
  0.198125771043863     
  0.176276171606238     
  0.199731962606231     
  9.438321848926520E-002
  0.176246248059919     
  0.104691884331625     
  0.199298510582147     
  0.201904019549500     
  0.195097684472436     
  0.198467601571464     
  0.198856511908413     
  0.197625445815640     
  6.131907427621510E-002
  0.200026096284820     
  0.199127149241479     
  0.201135366742980     
  0.199715950894554     
  0.199413050024597     
  0.173686702990644     
  0.198806830510953     
  0.195942471758789     
  0.198188716573266     
  0.198371789151734     
  0.198586162553824     
  0.198373516734136     
  0.200599243489031     
  0.204384924686551     
  0.200848014899176     
  0.199274267597108     
  0.201800568201058     
  0.200093137240652     
  0.198389528413109     
  0.201785006806730     
  0.200001457263601     
  0.201083441751156     
  7.641456299330830E-002
  0.198540350708847     
  0.200381607292570     
  0.200535181775105     
  0.196823925376957     
  0.184861834745680     
  0.106823653212828     
