         134         122
          13
          11  4.118676131511381E-006  1.945505924639585E-008
          15  1.702360861193024E-007  8.049587905586081E-010
          23  3.813258802842758E-007  1.883143486675903E-009
          24  7.841953392310597E-005  3.811681332847345E-007
          42  2.561504356572309E-008  1.197190519664638E-010
          49  9.614338420408851E-014  4.448464425327021E-016
          69  1.423727502872620E-025  6.567832784198301E-028
          83  3.075694278115660E-007  1.443516016416344E-009
         107  4.081284687847898E-007  1.967727574295665E-009
         113  1.254590996850464E-024  5.806595918527724E-027
         122  1.034971267991148E-011  4.798800869885136E-014
         124  2.253691097780832E-018  1.041581291347125E-020
         125  7.552675692851473E-010  3.516730754638556E-012
          23
           2  2.477514208300483E-018  1.147177898438780E-020
          13  1.979779964458572E-005  1.037066494506210E-007
          16  7.187076992744161E-009  3.534662645029831E-011
          20  2.605961797597701E-010  1.335121129778353E-012
          30  8.878552221113756E-005  4.387194967960956E-007
          47  2.354783768438144E-007  1.238832061581337E-009
          61  6.145848666226861E-013  2.857186419459498E-015
          62  4.195193014149511E-010  1.962222828272785E-012
          64  2.652307472056056E-015  1.228245741686624E-017
          81  6.387757344006909E-015  3.120772300919441E-017
          82  3.398210661750635E-025  1.564653890151818E-027
          89  1.921168934159557E-007  9.320698164529299E-010
          91  4.669214833898392E-015  2.288813962564940E-017
          93  1.947608073344786E-011  9.056279816066218E-014
          96  4.139424052479139E-015  1.986642773373777E-017
         103  8.548140976803808E-016  3.936816901449853E-018
         108  4.560152233832365E-028  2.103259892750651E-030
         112  5.317491419832510E-009  2.505914846509247E-011
         116  1.960381972588657E-009  1.026898317751298E-011
         129  1.595181762002023E-012  7.433207137680775E-015
         130  2.405345814004556E-004  1.180377241987645E-006
         133  9.788304632083268E-008  4.620416123934731E-010
         134  4.050104630726850E-006  1.994926189080555E-008
          22
           2  1.161322573539232E-006  5.724247704656193E-009
           3  1.551721040858446E-016  7.595063910952586E-019
          13  3.358067417045305E-004  1.790218615623020E-006
          16  2.418601293244198E-004  1.231475839521794E-006
          17  2.850162732588554E-011  1.357254685748274E-013
          20  9.297943572837266E-004  5.047795703653853E-006
          29  2.315630071039489E-007  1.264461714291900E-009
          30  6.266916616079529E-006  3.114271506741750E-008
          33  3.977822549276041E-018  1.840388986419209E-020
          47  2.390206217451639E-005  1.288823220098534E-007
          81  3.161885814098128E-004  1.705768525193871E-006
          91  2.860572738584146E-004  1.550202863342677E-006
          96  3.084988292857717E-004  1.616165099678392E-006
         102  4.308204875497294E-017  2.110736668272615E-019
         106  2.354658537577356E-018  1.136455067245851E-020
         112  1.534889765397462E-014  7.147814389479928E-017
         113  1.319343339470858E-008  6.508955257291662E-011
         116  5.302474254707649E-005  2.902139700244419E-007
         119  9.021386682643304E-013  4.657790494053632E-015
         120  1.619699870203336E-008  8.767535112384424E-011
         130  3.843078273870012E-009  1.863497466274344E-011
         134  3.927820601443347E-019  1.824250206582941E-021
          24
           2  1.000341239270769E-026  4.604170046962904E-029
           3  5.900249658492866E-016  2.893750195152337E-018
          13  2.101547084239496E-004  1.111053372370262E-006
          16  1.740126037184436E-009  8.535695388269928E-012
          20  1.631741886733334E-008  8.523876176162386E-011
          29  4.964676102199641E-019  2.387926195781350E-021
          30  1.818823017165499E-005  8.971856627291022E-008
          47  1.544482793308005E-005  8.253415936354518E-008
          61  5.182668692216631E-023  2.390194656007213E-025
          62  2.539578783137512E-014  1.178267404734850E-016
          64  7.044828709432129E-015  3.266124302843355E-017
          81  6.548247369298880E-012  3.301455038759940E-014
          89  1.939797895798137E-006  9.477492030514531E-009
          91  6.530442475339773E-012  3.302751062232905E-014
          93  1.354176465055402E-017  6.246552832670490E-020
          96  6.327626833068564E-014  3.065795869064246E-016
         103  5.549428450231553E-024  2.548525404660777E-026
         112  3.970283643046103E-012  1.854002290842742E-014
         116  4.039737815929804E-007  2.163658874333598E-009
         119  6.205528625944299E-022  2.925058128428840E-024
         129  2.593503552568790E-012  1.210566949572874E-014
         130  5.908027687833988E-005  2.902754694004174E-007
         133  1.285231894899963E-009  6.043896866449819E-012
         134  2.432910690448687E-005  1.204628304991570E-007
          12
          11  1.451944833209100E-006  6.853339745117653E-009
          15  1.104865982346524E-008  5.206782342997278E-011
          23  4.464225421170211E-006  2.214235525166155E-008
          24  5.639759022949237E-005  2.740664918417971E-007
          42  3.097989948974907E-009  1.445496577228486E-011
          49  2.189884080836588E-018  1.011273340466862E-020
          59  2.211315877465839E-023  1.021531622777774E-025
          69  7.261528622074560E-016  3.496501016935083E-018
          83  6.278054386440483E-007  2.948140230396671E-009
         107  6.382688193011573E-008  3.067003731987239E-010
         122  7.131947836098625E-015  3.294977547216041E-017
         125  1.186990713617808E-008  5.539614596786367E-011
          11
           1  7.517884325431290E-016  3.477730566318433E-018
           5  4.898673378276653E-019  2.259725960488523E-021
          14  2.791019832555906E-008  1.353365917813378E-010
          19  3.125815234015173E-010  1.447272800663700E-012
          27  3.660720368482756E-013  1.695565975341180E-015
          36  3.764585753209728E-027  1.740147112604981E-029
          39  7.944067639763434E-008  3.763233283412925E-010
          63  1.145670813166543E-008  5.488754391973616E-011
          66  1.875831436563830E-011  8.684845057480475E-014
          70  2.703682808905430E-006  1.282927458730242E-008
          79  8.669626634469541E-008  4.079080881626703E-010
          23
           3  4.191861135856128E-007  2.265244770055526E-009
          13  6.823737029505496E-004  3.653267403535045E-006
          14  7.943401198789722E-011  3.850623272418014E-013
          16  1.983998199172006E-014  9.470349500865985E-017
          20  2.114900838852615E-007  1.123871146248643E-009
          29  3.660348164749576E-010  1.949542758568182E-012
          30  5.784850322526568E-009  2.831269627997192E-011
          44  3.104914284675660E-009  1.615819073720625E-011
          47  8.098949122952610E-004  4.409912646235827E-006
          64  3.209596930044242E-020  1.486288705986834E-022
          81  2.379206795546790E-010  1.226245654300649E-012
          89  3.915563971003364E-006  1.933601691091490E-008
          91  3.252660227656622E-010  1.689832896562279E-012
          96  1.586566957267801E-016  7.582601225080576E-019
         102  7.622721454147784E-009  4.091192551844373E-011
         109  2.691257895555689E-014  1.360655965113522E-016
         116  6.004475598346508E-005  3.290597933075042E-007
         119  1.370830301065770E-008  7.413925851527770E-011
         120  8.006986359858526E-013  4.133593475217810E-015
         129  1.077244235740624E-015  5.013532421780498E-018
         130  4.456917006914448E-008  2.178193090274908E-010
         133  9.044352542245667E-027  4.179043455007287E-029
         134  2.538338463721638E-005  1.268765069903227E-007
           7
          45  5.147650041143715E-016  2.379406866927762E-018
          56  6.090304838533326E-013  2.811481356518672E-015
          60  5.391722357110247E-023  2.492301881438925E-025
          72  1.814192398920882E-013  8.492547866408216E-016
          88  2.163119344794364E-019  9.979227590896115E-022
          95  5.559921491194839E-022  2.572717764151968E-024
         104  2.253033256648567E-022  1.040941512804835E-024
          10
           4  7.886269045657083E-019  3.635851288658581E-021
          43  4.623641285403458E-011  2.130761632681948E-013
          54  1.354552172368865E-007  6.297256997384156E-010
          57  2.135602832098249E-014  1.003395319328308E-016
          76  4.010566987660512E-013  1.858055405115971E-015
          77  2.802227964509297E-011  1.292172142226050E-013
          78  2.174758405245119E-012  1.010649394062550E-014
         100  2.761137640669529E-009  1.294637263727706E-011
         110  5.683460319519006E-008  2.659977621778721E-010
         115  2.775054004971162E-013  1.278927767815916E-015
           1
           1  1.296394760980325E-024  5.984057187294924E-027
           0
          22
           2  9.058127355512297E-006  4.479302784500180E-008
          13  7.088873564727829E-006  3.747585814064246E-008
          16  2.334204097188477E-004  1.186721756157193E-006
          17  2.527066578889228E-008  1.220997021246680E-010
          20  9.351949712530415E-004  5.079180193386985E-006
          29  6.334180991263112E-007  3.462077356756698E-009
          30  2.930406973416019E-008  1.435793291031499E-010
          33  5.033959206791271E-011  2.380708166420209E-013
          47  3.456037521458250E-007  1.841245485411200E-009
          67  1.424837066364088E-021  6.723161512001258E-024
          75  5.442856234059677E-020  2.514903703812492E-022
          81  1.261013248298033E-003  6.816965394853867E-006
          91  1.103253907225829E-003  5.994113788766277E-006
          96  2.409095372333049E-003  1.265875208134718E-005
         102  1.012556926709158E-027  4.663439729972498E-030
         106  1.348536795536096E-013  6.839927034277374E-016
         107  4.134586880103169E-014  1.941346950366290E-016
         113  7.653219803202990E-006  3.830636903461262E-008
         116  5.409814076611343E-006  2.943333476188271E-008
         119  5.475880477150877E-015  2.750489107372107E-017
         120  1.232146162882950E-007  6.719830232636285E-010
         130  3.334908342883860E-016  1.558692812796378E-018
           5
           8  5.978159106968780E-017  2.748163864624697E-019
          22  4.761647990723979E-017  2.191928719815779E-019
          65  7.484268085085726E-020  3.443738680525177E-022
          90  1.231012163043871E-021  5.663520395784426E-024
         126  2.255794683684782E-016  1.040384942770683E-018
           6
          27  2.652937137017778E-021  1.226971803075817E-023
          36  1.065722345070357E-012  4.938826936171266E-015
          46  1.684152610331661E-018  7.787966550758949E-021
          64  4.021428222768572E-016  1.860094190589888E-018
          82  2.093570969891358E-025  9.656493660164825E-028
         129  1.133214505136607E-018  5.236801540054656E-021
           4
          22  1.422592903788806E-016  6.559692123619809E-019
          58  3.896053854796846E-023  1.794470299426394E-025
          90  4.527634736607069E-016  2.086552555741588E-018
         126  7.121544939705848E-017  3.290007147655751E-019
           6
          35  2.513957879325013E-029  1.161297423223639E-031
          49  1.919957772425384E-020  8.872244933836581E-023
          50  8.751055877007193E-014  4.042242919178641E-016
          55  1.410316758489425E-021  6.493217892567509E-024
         122  3.620250601072601E-016  1.671797688595105E-018
         124  2.791111026817853E-014  1.292138951296318E-016
           7
          36  1.136179334843317E-025  5.262017056533998E-028
          64  1.576838812662303E-013  7.330054695833238E-016
          82  9.148508137055680E-011  4.244633742301994E-013
          98  2.514122044455089E-022  1.164234223612327E-024
         103  8.517935474511343E-012  3.939349587198235E-014
         108  1.019117539328160E-010  4.733402613487165E-013
         129  1.342024043856086E-013  6.242260438445582E-016
           7
          61  7.051958198620307E-026  3.251408069222267E-028
          62  4.754866946197146E-012  2.202334063331348E-014
          84  3.362436242450863E-011  1.549354735678274E-013
          93  2.814759686634195E-012  1.300003331036190E-014
         103  1.100085294530820E-015  5.052455711504672E-018
         112  4.374463111546506E-021  2.014343098903379E-023
         133  5.330302999758017E-012  2.471157079740312E-014
           4
           1  3.599149850100102E-030  1.665582989482647E-032
          12  3.649456313953089E-019  1.692341049779286E-021
          28  5.201586616762468E-021  2.403115874447867E-023
          73  8.988728052749381E-024  4.154953644657117E-026
          11
          22  2.101668782751010E-015  9.700171828036105E-018
          58  3.257567514602577E-013  1.501860000312728E-015
          59  9.017250065802531E-016  4.165770961641623E-018
          80  2.247840758064927E-024  1.038068648891087E-026
          90  1.542618535676662E-013  7.116337854254760E-016
          94  1.028020971766683E-010  4.779582165435572E-013
         121  1.569755954359348E-018  7.233357592291514E-021
         125  8.899954982268918E-013  4.110772241992582E-015
         126  2.283117443191578E-015  1.055771416247948E-017
         131  3.856593011316486E-010  1.796925295215462E-012
         132  3.792266647150815E-019  1.752138086880601E-021
           9
           8  2.025630070613663E-015  9.321554519700177E-018
          22  1.861024587528421E-011  8.578839757956211E-014
          58  2.198445981365854E-020  1.011902011422960E-022
          65  1.352496003152827E-021  6.229615175327651E-024
          90  3.817428060418699E-012  1.758399363838544E-014
          94  1.456808467130776E-012  6.741058581316447E-015
         126  3.788450873953212E-011  1.750303410746903E-013
         131  1.802672088211209E-013  8.340957639375032E-016
         132  4.882585603109455E-020  2.251228300475852E-022
           0
          15
           2  1.352009507184683E-015  6.307554734668969E-018
           9  2.457732947323075E-007  1.153181761066286E-009
          15  1.081433546677963E-008  5.086977070052988E-011
          17  6.730219746791923E-009  3.203701592235569E-011
          24  4.077587439076603E-017  1.892020348400602E-019
          32  1.817434433153680E-006  8.570133917034904E-009
          33  1.880477861708434E-007  8.916767590937113E-010
          37  9.596517360499558E-009  4.490895278353867E-011
          49  6.102397170333535E-016  2.820921658327368E-018
          50  4.189531004424920E-010  1.938920004922904E-012
          75  3.233464005171242E-006  1.533336525526621E-008
         107  1.796432783773737E-008  8.592345674408005E-011
         113  4.604278431463063E-009  2.231367325064038E-011
         122  1.888561150240229E-010  8.762485763892820E-013
         124  8.832095831567685E-007  4.140899300867313E-009
          18
           2  3.490453765154340E-005  1.712947578735351E-007
           9  2.896298144758606E-007  1.366027273853076E-009
          15  1.681948432141703E-011  7.877542640713507E-014
          16  1.414642374855866E-006  7.045868262618055E-009
          17  1.035852732261013E-004  5.037395034445525E-007
          20  2.522799146148483E-011  1.280482310740058E-013
          24  1.721269316170973E-014  8.052724532999697E-017
          30  5.845309205539678E-029  2.699945920605840E-031
          32  1.000111911470969E-006  4.735405262213921E-009
          33  4.568350199174851E-005  2.196629119965153E-007
          37  6.453407564742992E-008  3.039108286585313E-010
          75  4.070642264201423E-006  1.941727166464805E-008
          81  4.087607533558706E-009  2.106749091017876E-011
          91  2.117067531367387E-009  1.094274521798364E-011
          96  1.494383982260234E-005  7.690194269874911E-008
         107  6.280616087621856E-007  3.041811830289375E-009
         113  4.610165313466325E-004  2.301146758213160E-006
         124  2.899404061558087E-010  1.355753848791756E-012
          25
           2  1.651358135671951E-016  7.718024756214138E-019
           3  1.629475026531564E-015  8.095932193196553E-018
           7  1.092951945943848E-027  5.031068264823376E-030
          13  1.331501966534537E-010  6.824334256315161E-013
          16  8.116559120413680E-012  3.960553749328273E-014
          20  8.735342341935213E-005  4.766762687282441E-007
          23  3.029377220036267E-009  1.506913807780677E-011
          24  5.802509803119724E-013  2.753523594941530E-015
          29  3.293725370103941E-004  1.850422428221859E-006
          31  2.106787043459911E-023  9.731924523684208E-026
          47  9.035487679852544E-010  4.749748097353485E-012
          67  1.071677425658488E-005  5.925376660800762E-008
          69  1.079839022820012E-005  5.772935261413387E-008
          81  6.622873898517978E-004  3.609111434505072E-006
          91  7.140740718664480E-004  3.917906925038255E-006
          96  1.643865364003794E-005  8.627528128315316E-008
          99  6.298346889351297E-017  3.061971780166552E-019
         102  1.914652691312128E-011  1.005435983249498E-013
         106  6.767428481152704E-005  3.764306942638653E-007
         107  2.684560306712174E-011  1.286367257707707E-013
         109  3.902894525228733E-011  2.060100343503841E-013
         113  1.008473815685850E-008  5.004135577242072E-011
         116  9.352292950137728E-007  5.103893230585617E-009
         119  7.668868066587083E-009  4.166780831468780E-011
         120  5.170848497129945E-004  2.915649081935562E-006
          19
           7  8.256263616295604E-004  4.347680553276487E-006
          18  2.635469693952214E-008  1.318410574781242E-010
          21  1.887828095920137E-004  9.432043478192988E-007
          23  8.327285756648147E-011  4.060043683927251E-013
          29  1.860860534225861E-026  8.620197630498618E-029
          31  2.043576852504001E-003  1.070473466085240E-005
          48  1.682818835247847E-003  8.671114753693249E-006
          60  1.321346738897736E-004  6.589954083179587E-007
          67  2.169403812810613E-006  1.178075638979729E-008
          69  1.636592385612229E-005  8.658845388077429E-008
          72  8.435991529087926E-008  4.098979488913707E-010
          88  4.170302031974573E-014  1.950846435968496E-016
          99  6.073587747927342E-008  3.214544996838545E-010
         104  2.717146224572989E-005  1.358630427230033E-007
         106  8.359393638734452E-008  4.502405114635654E-010
         109  1.235813515728829E-018  5.969889086278580E-021
         114  6.842262663533862E-014  3.331437708589028E-016
         120  2.348502273945232E-015  1.176560302596381E-017
         132  2.528534886893847E-008  1.217489159540471E-010
          18
           3  1.520601621688436E-013  7.631734204404233E-016
           5  1.508820316881374E-005  7.294574991875108E-008
          12  1.044773572715929E-007  4.943189972155110E-010
          14  1.071128999446449E-017  4.983089505387179E-020
          39  3.237107886626631E-011  1.521481019953529E-013
          44  5.962733340002777E-008  3.102487297523646E-010
          57  3.326098583564983E-008  1.626605563168696E-010
          63  2.960296832142179E-008  1.428011652609692E-010
          68  2.060146329839054E-007  1.059255619610305E-009
          78  6.952060372223706E-009  3.279680957025645E-011
          79  3.506059260434113E-014  1.625833820697252E-016
          86  4.721174845521089E-005  2.443163647710863E-007
         100  4.099130737004021E-011  1.922831052430565E-013
         102  1.403286723803537E-015  6.940623978216593E-018
         105  6.409917982159752E-004  3.209840629155257E-006
         109  1.013547594623351E-015  5.010693905345330E-018
         114  3.040001167304552E-011  1.507407080138832E-013
         128  1.130591246071252E-004  5.827716428140537E-007
          23
           2  8.441968792362950E-029  3.879521596758414E-031
           3  4.213161390001562E-007  2.310808728601878E-009
           7  4.089381385727766E-022  1.900631931002000E-024
          13  1.976452462322240E-006  1.058229831936062E-008
          16  8.303595289439006E-012  4.069861569595304E-014
          20  8.839774354206074E-004  4.875015888451474E-006
          23  1.425510285939681E-023  6.570145961676931E-026
          29  5.537622545148150E-003  3.156118453460123E-005
          44  9.115288576038743E-013  4.619815698574875E-015
          47  1.889190865101282E-005  1.035125364197067E-007
          67  3.411291525628825E-005  1.907792527923502E-007
          69  1.975701142250830E-007  1.051797906526523E-009
          81  1.050349816936008E-003  5.773822748434123E-006
          91  1.258791535834351E-003  6.963899656930827E-006
          96  2.666978394906011E-006  1.402162025384114E-008
          99  2.323586102478740E-010  1.223288219030298E-012
         102  5.075251557150262E-006  2.833884292344854E-008
         106  2.601836932456701E-004  1.461635027221152E-006
         109  2.267175590443534E-006  1.263903118339202E-008
         113  4.401140312721521E-014  2.106885809568867E-016
         116  5.129991937477769E-004  2.867930892112434E-006
         119  6.421112722106189E-005  3.625756241610222E-007
         120  4.472724279667972E-003  2.544321390232197E-005
           9
          11  1.368975618635446E-017  6.323406643303959E-020
          42  9.776989522758960E-021  4.517293965969792E-023
          59  6.282082005928302E-011  2.900552457278327E-013
          71  5.742639955295663E-013  2.646429425046532E-015
          80  9.679270169516235E-018  4.464324069823515E-020
          83  4.447473071726732E-010  2.064792079613485E-012
          92  2.644560623371727E-018  1.220854510214839E-020
         121  4.350969908181717E-023  2.002368255233027E-025
         125  2.521698684283075E-010  1.167327427919305E-012
          16
           1  2.353370500530306E-013  1.091407175221059E-015
           3  2.035964021793719E-015  1.001877565486132E-017
           5  1.682647195483356E-004  8.154267489474617E-007
          12  8.269512200043741E-010  3.888414537588745E-012
          14  2.780912909951823E-008  1.355328809276970E-010
          39  4.820013781937912E-006  2.308346988520979E-008
          44  2.597666797569155E-008  1.345587712007210E-010
          63  6.247745265280352E-005  3.055216322926894E-007
          68  4.622772499000258E-016  2.217595298444754E-018
          70  9.077152033470316E-009  4.297178513757273E-011
          78  1.077228352047492E-020  4.979230790782431E-023
          79  5.004868899396326E-007  2.370865602863090E-009
          86  3.323894437527714E-008  1.687975775634442E-010
         102  3.588933713516905E-029  1.654357508787344E-031
         105  1.658689431690125E-004  8.273300856748921E-007
         128  1.291189080008433E-005  6.622876359311589E-008
          22
           2  8.090401247504986E-010  3.895078314414448E-012
           9  4.149275844225932E-010  1.947771090951475E-012
          11  1.078201075824912E-011  5.052096467065540E-014
          15  1.635025322380548E-006  7.800851187355620E-009
          16  3.917958293997553E-013  1.878139588337568E-015
          17  1.231753225220842E-007  5.936615804652188E-010
          20  6.669548433412808E-016  3.248241865985414E-018
          23  2.273753538719098E-014  1.080704311451998E-016
          24  2.490278031684532E-006  1.210772639280391E-008
          32  5.821317223877921E-008  2.755553609983184E-010
          33  2.551367878980072E-007  1.220034448756579E-009
          37  3.985725666368228E-013  1.859987920295063E-015
          42  2.800749473171798E-019  1.300717281821313E-021
          49  1.513337556801158E-020  7.012374778892219E-023
          75  1.066465730844639E-006  5.090993452559530E-009
          81  1.322601843238298E-010  6.744360777217531E-013
          91  7.014190514618795E-011  3.585291147866229E-013
          96  1.810033593403108E-007  9.223161156829170E-010
         107  2.424374231884581E-004  1.189607541118124E-006
         113  7.696883367970940E-005  3.842382494752733E-007
         122  1.749054777382886E-011  8.150709246471220E-014
         124  2.923619184622959E-008  1.377582742823394E-010
          17
           1  2.148637575125360E-020  9.945353311571886E-023
           3  2.325949490765767E-029  1.073124931733469E-031
           5  4.188872334229904E-010  1.984066419884022E-012
          14  1.514418412738896E-004  7.497831024572534E-007
          19  6.139698485580738E-017  2.841833573946955E-019
          27  2.766788979091648E-022  1.281612715109796E-024
          36  7.001835907856618E-018  3.240988469370948E-020
          39  4.635881771574379E-006  2.218727380181597E-008
          44  3.559129615861833E-012  1.781021900262641E-014
          63  2.267482036428277E-005  1.106274249018499E-007
          66  2.245068063059594E-024  1.039190905889264E-026
          70  2.159926093729562E-005  1.032694886376708E-007
          79  9.780485442930792E-007  4.636364493950221E-009
          89  4.545101606467456E-013  2.142205339926392E-015
         105  5.856606065530817E-013  2.791774241729895E-015
         128  8.200813168602973E-013  3.995305403518581E-015
         134  1.246988436699489E-016  5.829207265306472E-019
          24
           2  8.930288968140284E-005  4.387621623476871E-007
           9  1.547572408502650E-019  7.143274452371212E-022
          13  6.377530957020191E-009  3.258226544143018E-011
          16  4.894493983230157E-004  2.463871176337531E-006
          17  2.302113234186284E-007  1.107118681356183E-009
          20  1.557053115170331E-008  8.110007838675897E-011
          30  2.998649250000678E-005  1.477409048853802E-007
          32  5.683542995206899E-031  2.622000951072385E-033
          33  5.205012007192894E-010  2.456678359872473E-012
          37  1.899438553736255E-015  8.802404492792408E-018
          38  1.298268039451523E-016  5.990579302878299E-019
          47  1.760971419078939E-014  8.691388732393765E-017
          61  6.928111095494567E-009  3.252064147343716E-011
          62  2.269576499727665E-013  1.054158646264519E-015
          75  1.732578588428669E-025  8.000315161437151E-028
          81  4.599081387647717E-009  2.370969198166396E-011
          91  2.621947562377893E-009  1.356530756067746E-011
          93  5.302190779045182E-014  2.454146833103333E-016
          96  4.156514125008179E-006  2.129306880238464E-008
         112  1.364157582232272E-007  6.456416550615553E-010
         113  2.161857981040392E-008  1.057057820618720E-010
         116  3.533353491040950E-014  1.762926669294050E-016
         130  7.656697926103769E-009  3.684718150344453E-011
         133  6.643038948234730E-027  3.065032220481423E-029
           8
           4  6.736288733687683E-015  3.103128131004615E-017
          43  1.762295213744687E-010  8.110367568264518E-013
          54  6.050529942201702E-010  2.796999226419448E-012
          76  3.064844350531364E-012  1.419004154362968E-014
          77  4.838731191738459E-011  2.228012365700604E-013
         100  3.205945452846115E-017  1.481761614894182E-019
         110  1.254218705943100E-009  5.842188036113167E-012
         115  1.873901138520842E-012  8.624522964691965E-015
          13
          12  4.005775698575353E-010  1.877763472441000E-012
          18  2.061981829336414E-025  9.545301645236553E-028
          54  1.080990564088548E-007  5.043944088134509E-010
          57  1.807411208055029E-005  8.916123391449486E-008
          68  1.456115113454212E-009  7.332048597087237E-012
          76  3.346263581545657E-026  1.547900871178457E-028
          78  5.941508004163000E-006  2.816851674086533E-008
          86  6.352487217587286E-010  3.171632628230541E-012
         100  1.823000869463322E-005  8.667808374417997E-008
         105  2.960390357871195E-011  1.422145988155385E-013
         110  3.038456448954837E-008  1.427245398330049E-010
         114  1.317116607112477E-010  6.534140151641674E-013
         128  1.255883883299386E-015  5.981557715458277E-018
          23
           3  2.006982845582880E-006  1.083864194661768E-008
          13  9.705934193566608E-008  5.055512776886487E-010
          14  4.540049714848172E-005  2.269901262833113E-007
          20  3.840796989222742E-020  1.816937984771199E-022
          29  7.491107412209071E-022  3.545468072174896E-024
          36  5.986172661334487E-017  2.778352739656620E-019
          39  3.699906654447804E-016  1.721689112219294E-018
          44  3.301189146374679E-006  1.755141764135530E-008
          47  2.858514827377159E-006  1.531156857074243E-008
          63  1.001167658726619E-009  4.834531021732898E-012
          64  3.110417754853800E-017  1.444068135775409E-019
          70  2.345846253737884E-013  1.100044464423722E-015
          86  1.006646355678378E-025  4.654844990294123E-028
          89  5.968206550961879E-006  2.936825328289218E-008
         102  1.086729311980182E-008  5.824127688052563E-011
         105  9.729641849896400E-022  4.511940965255205E-024
         109  6.289652449437870E-014  3.190021753125875E-016
         116  1.863083315283479E-008  9.946207083680754E-011
         119  1.472597677973944E-009  7.863576106351576E-012
         128  2.661918800242552E-010  1.334539352115802E-012
         129  3.924321181551265E-015  1.827888142799026E-017
         130  9.298978386365205E-022  4.315573805434698E-024
         134  6.289219709929208E-006  3.123745920869275E-008
           3
          38  7.511556632714526E-014  3.465642911648378E-016
          61  3.892398920196334E-024  1.798669495946733E-026
         118  2.115498295515886E-016  9.759425319175108E-019
          25
           2  1.204064155206629E-007  5.937181463654772E-010
           3  8.520346283796985E-018  4.136836342438654E-020
          13  1.326522578704042E-006  7.022875494110185E-009
          16  6.950537418532922E-006  3.535689414824142E-008
          17  1.976138349474397E-010  9.496593798526341E-013
          20  1.617230609795500E-003  8.858260914644130E-006
          24  1.287409372122534E-024  5.948215953993597E-027
          29  3.861011101941034E-005  2.155383706482626E-007
          30  1.197231246169023E-012  5.735565234397912E-015
          33  8.184464460432601E-014  3.843737269574895E-016
          47  3.240249383584277E-007  1.737799853410948E-009
          67  1.571813013469046E-010  8.302920504237599E-013
          69  6.382997656487333E-012  3.227892288931211E-014
          75  1.710705227703291E-030  7.909516588532134E-033
          81  3.904709828676366E-003  2.131044729764607E-005
          91  3.745339717012971E-003  2.054194146056585E-005
          96  1.610088898740269E-003  8.515551489504361E-006
         102  1.856210817022656E-014  9.397099646506165E-017
         106  2.064254936258848E-008  1.114702034854111E-010
         107  1.257662667581959E-011  6.016256928250213E-014
         109  4.424292388989882E-018  2.154817585297638E-020
         113  3.880530440679764E-006  1.953179207974451E-008
         116  1.551394154709016E-005  8.517063223353186E-008
         119  9.495881297449721E-011  5.042505676355661E-013
         120  1.934276089676187E-005  1.076820211954170E-007
          10
           1  3.570133304923583E-014  1.646778978863833E-016
           5  1.688067447341148E-015  7.802901780163469E-018
          14  5.489306995815510E-008  2.659944728565113E-010
          19  1.586107222052377E-010  7.319027193195907E-013
          27  2.442521987202740E-014  1.127255594467377E-016
          39  2.760298242311499E-007  1.306050773556894E-009
          63  5.132560259157570E-008  2.459197250597364E-010
          66  1.381264913924390E-011  6.374038077060146E-014
          70  4.720027851148514E-006  2.234467992229406E-008
          79  2.768336148105651E-007  1.300748479867300E-009
          20
           2  4.352509591261738E-006  2.131692345010856E-008
           9  1.380471366406619E-008  6.491402962272149E-011
          15  2.380369012060576E-009  1.122684678768092E-011
          16  2.391261218773327E-007  1.186317308655779E-009
          17  1.749516488658265E-005  8.486735591402217E-008
          20  9.258880096151690E-010  4.770308036755746E-012
          24  1.093850834174506E-009  5.231977747569341E-012
          29  3.135245659773257E-024  1.461870014084465E-026
          32  1.986781572348780E-007  9.401154387547224E-010
          33  8.506403842198378E-006  4.084684478180287E-008
          37  6.280532569152159E-010  2.943887241321956E-012
          75  1.844963357419551E-006  8.797044360223543E-009
          81  1.245962992566186E-007  6.505840870187894E-010
          91  7.831897897897186E-008  4.107395448077669E-010
          96  4.064247690217635E-005  2.094998004918423E-007
         107  1.518884280753622E-005  7.403370853082892E-008
         113  7.468575048137585E-004  3.736651939333282E-006
         120  4.466746866416365E-026  2.070539047289210E-028
         122  1.756690653626902E-022  8.102989816130641E-025
         124  5.243671806129870E-010  2.453820369262914E-012
          10
           9  1.625121718633987E-015  7.521354335352800E-018
          15  6.249410905014663E-020  2.889149853409479E-022
          32  2.169880440786352E-013  1.007171855061129E-015
          37  5.721686340105132E-023  2.649501879568145E-025
          49  5.081225268722610E-024  2.349477002772183E-026
          50  3.215415182380846E-011  1.486701061826175E-013
          75  8.528810543783967E-014  3.965965321389704E-016
         117  9.634249456118929E-031  4.459477505449835E-033
         122  2.093624444584130E-015  9.675385926474665E-018
         124  3.747695835330074E-011  1.741867987247022E-013
          15
           7  1.828074990681421E-008  9.261446726241946E-011
           8  3.293810122746489E-018  1.519131484481308E-020
          21  2.560713745617480E-004  1.267261204288950E-006
          23  6.856676931457387E-014  3.255339802777955E-016
          31  9.066772056902940E-007  4.607556804835045E-009
          48  7.010977249439321E-006  3.533870431812269E-008
          60  1.396218262817656E-004  6.885862115814126E-007
          67  7.457342045149695E-031  3.439542953424810E-033
          69  2.373785522795205E-011  1.187491456666926E-013
          72  2.186799243502806E-009  1.045378566547662E-011
          94  2.123474575097056E-009  9.942002427690129E-012
         104  1.705935172700265E-007  8.347485665342081E-010
         126  9.957434531882437E-023  4.605236428194160E-025
         131  1.661478583584386E-010  7.768695388814001E-013
         132  1.903821665687411E-005  9.183898970748622E-008
          11
          11  3.235688669040430E-010  1.510828249183561E-012
          23  5.438933667444708E-018  2.533926248059525E-020
          24  1.740983134095653E-013  8.150095746240411E-016
          42  5.495928517195583E-012  2.550389050302814E-014
          59  2.615917061271872E-010  1.210711717862994E-012
          71  1.568061073716213E-012  7.241353198195265E-015
          80  1.260842583173268E-021  5.826172948513331E-024
          83  2.079596424025018E-007  9.720369810509940E-010
          92  1.977159541116440E-019  9.144509213407964E-022
         125  4.912341334137073E-008  2.288561873136668E-010
         131  3.676846080584452E-026  1.699413993544163E-028
          17
           7  5.846567171576789E-014  2.831956971745368E-016
           8  2.945014185258220E-013  1.359160855456825E-015
          21  1.731276272153119E-005  8.501715764957535E-008
          22  3.896447630995044E-015  1.799491464723105E-017
          23  4.554957895685682E-014  2.157018413259065E-016
          31  3.806755683633890E-010  1.886833029441813E-012
          48  1.204062082980906E-008  5.960071230008129E-011
          56  2.625174149617555E-029  1.211311500300498E-031
          60  4.451277760413764E-006  2.176275997870708E-008
          69  4.559414220920948E-016  2.190478664147186E-018
          72  1.771159930481618E-015  8.250300814207300E-018
          90  1.573802138431271E-021  7.258398834444832E-024
          94  2.260395915299191E-007  1.061953334604299E-009
         104  1.041455233992006E-011  4.970356771769975E-014
         126  8.385475782164124E-013  3.883940193933790E-015
         131  4.509409544622490E-008  2.117209608122581E-010
         132  4.194711210625648E-005  2.020173592975839E-007
          21
           3  2.807724715202277E-007  1.508215099196004E-009
          13  1.768441797004956E-006  9.290319746096056E-009
          14  4.472993363851515E-006  2.226621619287018E-008
          20  4.932219185064754E-015  2.430135555744021E-017
          29  2.352726570953621E-020  1.125932616671680E-022
          30  3.299506998375273E-020  1.531217316670265E-022
          36  1.288072332577486E-014  5.998953741612616E-017
          44  1.253412391758427E-007  6.589802748913271E-010
          47  1.111570159190281E-005  5.976455150541571E-008
          63  1.388940238199544E-013  6.565070558320855E-016
          64  3.817593241234348E-013  1.785597640597731E-015
          70  3.268519044943088E-020  1.515719675503832E-022
          89  4.134386293123074E-005  2.044577453704055E-007
         102  7.729946700467333E-010  4.095142481144459E-012
         109  1.444568489884734E-017  7.058348504141344E-020
         116  8.916647234494918E-008  4.781442436509581E-010
         119  1.765632574826322E-010  9.347185172070917E-013
         128  1.079065584391065E-014  5.206779382690324E-017
         129  8.517154659592716E-012  4.002388866495848E-014
         130  1.956408402899835E-012  9.316593659988255E-015
         134  6.218970626472040E-005  3.105121393961662E-007
          11
          14  5.335287290356159E-014  2.515257723506184E-016
          27  1.890403294511745E-015  8.752068324165107E-018
          36  2.787209108644956E-006  1.309661056377241E-008
          46  5.715428145277082E-020  2.644904450532595E-022
          64  1.987271025178098E-006  9.364346188300845E-009
          82  1.519074448404487E-009  7.054274852405174E-012
          89  9.135112740298808E-007  4.421269932453538E-009
         103  1.339280927371258E-015  6.172165471339600E-018
         108  2.532570620002984E-011  1.174745172553963E-013
         129  1.835321258247703E-006  8.666844388745003E-009
         134  1.241845789739571E-007  6.033447957636607E-010
           3
          54  3.739252690944265E-024  1.718532974065828E-026
          77  7.012540628630796E-022  3.229080773729480E-024
         115  1.215120997357251E-024  5.594296924030994E-027
          10
           1  3.169874289306795E-013  1.465984344633655E-015
           5  3.930640157182737E-015  1.822714371197296E-017
          14  1.760977832137419E-008  8.518435931912315E-011
          19  1.518158589243961E-010  7.020393262679872E-013
          27  2.749624831256091E-015  1.271583533804754E-017
          39  2.841864553517543E-007  1.346661121315983E-009
          63  3.823603897414002E-008  1.834221412141737E-010
          66  2.322869916766492E-011  1.074326385819818E-013
          70  3.761341830652637E-006  1.784437127300394E-008
          79  3.269713427979331E-007  1.539331748844859E-009
           2
          19  3.634774295796926E-027  1.678773632953554E-029
          66  6.216904218736014E-025  2.873386658682021E-027
          19
           2  8.632961753857131E-006  4.239275631277321E-008
           9  1.116705144806747E-008  5.260320066857273E-011
          15  5.393880015567327E-010  2.544637949312174E-012
          16  7.140728201430938E-007  3.564107993727461E-009
          17  2.257900683206083E-005  1.098188022320825E-007
          20  3.742198737861864E-009  1.941852343865981E-011
          24  2.598661106512843E-010  1.242279296200889E-012
          29  1.300292894394213E-020  6.199267276041837E-023
          32  1.372126099104735E-007  6.500775815291282E-010
          33  8.885311352083168E-006  4.274716204813835E-008
          37  6.433561963435985E-010  3.021866006738575E-012
          75  1.275430262776201E-006  6.088513358864762E-009
          81  2.961610871360602E-007  1.553962531786955E-009
          91  1.907542440607198E-007  1.004252171595268E-009
          96  7.292015232639420E-005  3.774727049717289E-007
         107  8.352552494352149E-006  4.075935070710361E-008
         113  8.266993230650776E-004  4.140574300715288E-006
         120  5.309079041662825E-022  2.510326833518382E-024
         124  1.405883002410595E-010  6.581949175189970E-013
          16
           7  1.576032113465740E-011  7.832328010667883E-014
          21  4.352590433841257E-008  2.130795944437449E-010
          23  6.099043865179192E-004  3.086029826841435E-006
          24  2.429489651709561E-010  1.160879428780657E-012
          31  6.994603419279587E-009  3.531798884186754E-011
          48  1.720913388136066E-009  8.542100672053809E-012
          60  2.321574073081571E-010  1.120856434241735E-012
          67  1.412985709991844E-009  7.440044330635108E-012
          69  6.133993199439312E-005  3.244926949351130E-007
          83  3.422515035448119E-015  1.587923378554512E-017
          94  2.080324379556660E-010  9.764123015002500E-013
         106  1.457998247820824E-010  7.611114987196169E-013
         120  2.410667465139825E-018  1.169809008821611E-020
         125  1.184276354615544E-011  5.518813710013355E-014
         131  5.562341083036822E-010  2.617177750553229E-012
         132  1.019689849017032E-006  4.930893801014618E-009
           5
          27  1.330155507360069E-015  6.137958416376972E-018
          36  9.195846409493614E-012  4.257406778871040E-014
          46  4.786198957979085E-015  2.208191105204310E-017
          64  6.324118215484070E-016  2.918580372912465E-018
         129  1.678509311045754E-018  7.739168926752222E-021
          10
           4  9.489817556393518E-015  4.383944043104902E-017
          43  2.225913018312162E-010  1.027679859143242E-012
          54  2.071069564880461E-007  9.646742493260660E-010
          57  4.717531435201913E-013  2.233040628858691E-015
          76  2.992529271749759E-011  1.391315491630817E-013
          77  6.646461973312499E-011  3.069678509872941E-013
          78  5.156826905096921E-013  2.397584461445651E-015
         100  2.108934050328521E-009  9.899316426111726E-012
         110  2.002048822347882E-007  9.395855504008630E-010
         115  6.564957326202157E-013  3.030201446546417E-015
           5
          52  5.091944695188145E-028  2.344394507806847E-030
          54  1.150147645104108E-015  5.283652094937857E-018
          78  4.954050079319937E-017  2.284861355470701E-019
          85  9.277842556234834E-018  4.272860869646712E-020
         100  3.447204397678501E-015  1.594595811502888E-017
           2
          28  7.555138216054747E-031  3.476205485605635E-033
          73  2.869011064199516E-028  1.320766952549156E-030
          12
           7  1.675556125002548E-010  8.344196119644292E-013
           8  6.187346918825125E-020  2.854524511816578E-022
          18  1.374971205810539E-015  6.505826625766213E-018
          21  5.568263161168240E-006  2.731137805928402E-008
          31  4.984702336587372E-009  2.492498792666293E-011
          48  2.557755525090519E-007  1.277080136710049E-009
          56  1.555423315558504E-013  7.193599103694287E-016
          60  2.120141228389441E-005  1.040211442341307E-007
          72  1.990962626015849E-006  9.617826304792952E-009
          88  2.451625282361002E-010  1.156035077907878E-012
         104  2.308824531312161E-006  1.134044729414056E-008
         132  4.086503798521878E-010  1.933481427721369E-012
           5
          43  4.901588836009150E-015  2.266467601374422E-017
          54  1.350790701853755E-018  6.240649069204959E-021
          77  7.963590253164847E-015  3.685979025588832E-017
         110  7.385872935488642E-020  3.426329905708186E-022
         115  6.155033399914540E-016  2.848353534128537E-018
           3
           1  7.566662084621671E-020  3.499536815070196E-022
          66  7.784518847433751E-024  3.600817108747532E-026
          97  5.458493307699249E-021  2.523863334569417E-023
           9
          36  2.370687712718712E-010  1.102556629401758E-012
          64  2.168893311797872E-009  1.012657133622318E-011
          82  7.074336330578544E-010  3.276753898785744E-012
          89  4.176999920651371E-018  1.932629659999358E-020
          98  6.861925332738461E-017  3.168524770022220E-019
         103  3.330285903287152E-014  1.533694183750095E-016
         108  8.528859644795341E-011  3.950373738197938E-013
         129  1.073213114623781E-009  5.015546868971832E-012
         134  3.411514124683047E-025  1.576608023520296E-027
          17
           1  1.341221044696015E-015  6.198794603786229E-018
           3  9.956552753523317E-018  4.800831776942431E-020
           5  1.585794605279488E-004  7.670361396340333E-007
          12  5.730276952683621E-008  2.703537838318916E-010
          14  4.526469610125969E-011  2.168087413109691E-013
          39  2.667623471918542E-007  1.270520504413327E-009
          44  6.386680632037988E-009  3.285091823286156E-011
          57  1.677812438138930E-015  7.857952716993200E-018
          63  6.082310774927015E-006  2.959308834066677E-008
          68  1.797766409156107E-012  8.857772778369607E-015
          70  1.192849206440363E-011  5.583058818033110E-014
          78  2.237687528481572E-012  1.042446266948715E-014
          79  1.655634240045740E-008  7.795262270908779E-011
          86  2.983360177264832E-007  1.521577974374192E-009
         100  2.900770899809981E-021  1.340389350269164E-023
         105  3.581356150738645E-004  1.785201553678446E-006
         128  1.724008220787410E-005  8.826083453839248E-008
           6
           9  1.182069909580045E-013  5.470287243975072E-016
          17  4.253130388879316E-019  1.967775075137437E-021
          32  3.551653092480745E-019  1.639261901560013E-021
          33  3.813765855523104E-017  1.761194872811585E-019
          37  1.475356054922627E-011  6.854216985548736E-014
         118  2.955358444129424E-016  1.362584516901217E-018
          16
           4  5.100239349772159E-012  2.363195295176055E-014
          18  7.570515624593942E-007  3.778770116683401E-009
          43  4.015032880923009E-018  1.849740127515633E-020
          54  1.830506858831441E-008  8.539436118031278E-011
          57  8.946001677811143E-005  4.429036206544239E-007
          68  1.482667009113110E-007  7.586143631056890E-010
          72  1.921691439737671E-022  8.879228641852526E-025
          76  3.301943358232708E-009  1.543601867013694E-011
          78  1.044639085618998E-011  4.877829116425192E-014
          86  5.423491752691008E-011  2.690302382492284E-013
          88  4.490489592758386E-011  2.113666310371046E-013
          99  2.706027722876256E-013  1.349655392144143E-015
         100  1.467534034769766E-008  6.927650283773397E-011
         104  4.937736052505742E-022  2.281930112730397E-024
         110  1.048285850042508E-006  4.946777266319458E-009
         114  2.075556079444401E-006  1.061329279918386E-008
           6
          64  7.826098153135763E-024  3.626042809139691E-026
          82  2.699721681360893E-015  1.249081501651770E-017
          98  2.362005751701408E-023  1.093836439361060E-025
         103  4.708883140324485E-021  2.173353367635105E-023
         108  1.680256746516019E-015  7.786721827161314E-018
         129  1.018724705632684E-027  4.719554458096173E-030
           4
          59  3.378271947802915E-018  1.559541137546228E-020
          71  1.827189949116253E-017  8.424596205278459E-020
          83  3.276631068462519E-023  1.510813785225989E-025
          92  4.838288121162576E-024  2.234801282025685E-026
           7
          45  2.194182660701116E-016  1.015016628298384E-018
          56  2.841987077337768E-013  1.312937007375390E-015
          60  7.122102213507934E-023  3.294902687131633E-025
          72  4.790252796038994E-013  2.248256176569346E-015
          88  7.108836654951190E-018  3.286041576467962E-020
          95  5.637896874188474E-020  2.610851291433296E-022
         104  5.460142028678388E-021  2.527367882313143E-023
          12
          11  5.383807988478622E-012  2.502972655664764E-014
          23  6.799198997749491E-027  3.135117109945340E-029
          24  7.994833492702642E-018  3.700291691879304E-020
          42  3.646636036853123E-014  1.688358850380338E-016
          59  4.323612420271413E-010  1.999702800962072E-012
          71  1.447100575213560E-012  6.677588104353667E-015
          80  2.197801548506322E-018  1.014869572958830E-020
          83  5.179627807314078E-008  2.416460033022082E-010
          92  4.392791370398309E-019  2.030290736896694E-021
         121  1.205848155161718E-024  5.555981076249011E-027
         125  2.635101049622335E-008  1.225932966580568E-010
         131  1.819311686355415E-024  8.402906687328519E-027
          15
           5  1.499760592651744E-012  7.040851057212159E-015
          12  2.789618242165641E-009  1.314967682223580E-011
          18  2.208931308152549E-015  1.047931723962222E-017
          44  5.545250470132313E-018  2.649774525394951E-020
          54  3.722717915709084E-010  1.734478342045445E-012
          57  1.438812911019718E-004  7.161068863547181E-007
          68  3.095984537852169E-006  1.601699326649102E-008
          78  2.775719776410304E-006  1.320385265128870E-008
          86  4.494306793800980E-006  2.314452472418734E-008
          99  1.678914669248535E-016  8.150695865375997E-019
         100  3.729292497760949E-006  1.777873267818056E-008
         105  3.376535486500742E-007  1.664896305618199E-009
         110  1.533807904214779E-010  7.184866280293520E-013
         114  2.211931413149396E-007  1.128471530948546E-009
         128  2.625508366136262E-008  1.325169054918518E-010
          23
           2  2.317718806556831E-010  1.123066524871368E-012
           3  6.717669225616907E-009  3.586758028500738E-011
          13  2.786059448559684E-003  1.501449009291915E-005
          16  4.404369182001940E-006  2.234613765487100E-008
          20  1.463830959775493E-003  8.013718001179726E-006
          29  7.891214677919724E-006  4.386956404336898E-008
          30  7.241203321774080E-007  3.597216939427803E-009
          44  1.635813082447973E-016  7.943211126965793E-019
          47  1.062686452525113E-003  5.817486586184488E-006
          67  3.841837459200870E-019  1.849469868372606E-021
          81  2.219701315190790E-004  1.204076711668266E-006
          89  9.023630474673370E-016  4.227938208077569E-018
          91  2.291455113926231E-004  1.250749234410493E-006
          96  1.494753160230134E-005  7.817750047238241E-008
         102  2.336374739743628E-009  1.252357310686223E-011
         106  1.039369083902770E-012  5.354438698001180E-015
         109  3.236020618292368E-013  1.663189296991357E-015
         113  8.752290199657826E-014  4.184800017052770E-016
         116  1.247782892064306E-003  6.920808514828725E-006
         119  5.314818997024263E-008  2.907639423357982E-010
         120  7.490938310982877E-007  4.128931064825060E-009
         130  3.564884745390836E-009  1.736847580900072E-011
         134  1.493310961477905E-011  7.211998789941027E-014
          13
          12  9.843081803751394E-012  4.591231123182421E-014
          43  2.701405102750980E-020  1.243973300223766E-022
          54  4.591356395369428E-007  2.142379760171884E-009
          57  3.890710968089906E-006  1.908846126526187E-008
          68  5.828231416339541E-012  2.876389166708055E-014
          76  5.937757821423550E-018  2.746081235786152E-020
          77  1.002952934568452E-022  4.623102466619792E-025
          78  2.522672292466469E-006  1.192658923816125E-008
          86  3.988308926945788E-013  1.939192862545006E-015
         100  1.437276760445807E-005  6.820579013563720E-008
         105  9.957909185174182E-016  4.668695555492696E-018
         110  1.439381837442716E-007  6.760884909868767E-010
         114  7.897565049027846E-013  3.844812486411872E-015
          12
          23  3.350499365804693E-014  1.583218627172570E-016
          58  6.112842901725374E-017  2.817741474663700E-019
          59  2.556529112460427E-010  1.182594343162307E-012
          80  2.402296369855570E-017  1.109238331209535E-019
          83  5.592223697454355E-010  2.601459127086537E-012
          90  2.959984813950745E-020  1.365147339598563E-022
          94  2.529882638828253E-009  1.180076601300076E-011
         121  8.521187561973569E-017  3.926009330181159E-019
         125  2.203973803876310E-007  1.027385365969281E-009
         126  7.121207550754668E-029  3.292333855270675E-031
         131  1.956992966684058E-008  9.156747491586702E-011
         132  7.579120244648436E-013  3.541939677874597E-015
           5
          52  4.211562481011247E-026  1.941825554041915E-028
          54  1.539240304908219E-015  7.081630858761889E-018
          77  8.046219012016925E-030  3.706376308286227E-032
          85  4.407194367899868E-027  2.032607618354389E-029
         100  7.343548363562350E-019  3.394586960015743E-021
          27
           3  1.524809157198547E-003  8.506588740629713E-006
           7  5.668531290447426E-014  2.784407074905398E-016
          13  3.873752345420871E-015  1.895884497017918E-017
          14  6.085841547619866E-020  2.822305191590965E-022
          18  2.690662196270949E-016  1.277053474024047E-018
          20  2.581692191660919E-015  1.273263813758692E-017
          29  6.148556060539235E-007  3.416368307383841E-009
          31  7.664090026994692E-026  3.527472983220658E-028
          44  8.588149478948398E-004  4.688126728552360E-006
          47  1.254078943507842E-008  6.680245282118060E-011
          57  4.589213066036635E-012  2.219948658066909E-014
          63  1.345621640606181E-023  6.201198350226028E-026
          67  1.140701134455025E-007  6.236963844436616E-010
          68  6.620913928922943E-005  3.533968275498330E-007
          81  9.383959193805500E-022  4.377870892804559E-024
          86  1.637972522830616E-004  8.706451310455308E-007
          91  1.475162976298434E-019  7.015784324123797E-022
          99  6.524376184761317E-005  3.579913531476835E-007
         102  2.965943969409329E-003  1.672069746188112E-005
         105  3.231644753137300E-009  1.602757666051019E-011
         106  2.603732167986905E-007  1.431310755628293E-009
         109  3.411277791231252E-003  1.925777434488302E-005
         114  2.371051907842341E-006  1.245983641493235E-008
         116  6.372416774204865E-008  3.458305162746774E-010
         119  1.317816925734541E-003  7.454287022329350E-006
         120  3.813204312152882E-007  2.112180778096989E-009
         128  6.672975169169011E-005  3.514074674891113E-007
          23
           2  5.965956260729125E-008  2.922530336244564E-010
           3  1.165017237679021E-012  5.948130368861479E-015
          13  1.208639748659775E-003  6.470409792613700E-006
          16  6.657555459344530E-005  3.382185383373447E-007
          17  4.232501596276179E-015  1.981181043536236E-017
          20  8.598682133196638E-004  4.673868764397538E-006
          29  3.937733833934097E-007  2.158281311125591E-009
          30  9.193276314857517E-006  4.571510688700665E-008
          47  1.486145956500477E-004  8.058061974905011E-007
          81  1.615166236899709E-004  8.711059023592522E-007
          89  7.156112632606251E-020  3.305828212553701E-022
          91  1.540408047290291E-004  8.338041092668311E-007
          96  6.279141216852493E-005  3.283636258518579E-007
         102  1.858925644325841E-013  9.475210018746876E-016
         106  4.301826676757143E-018  2.082092345081350E-020
         109  2.361937487623895E-028  1.087549594588859E-030
         112  6.694955970313535E-015  3.115524309087157E-017
         113  7.182670043589439E-011  3.492170220035675E-013
         116  1.817129693713289E-004  9.989040185607608E-007
         119  6.240556939207256E-011  3.293466399489089E-013
         120  2.252993832125665E-008  1.222844067927182E-010
         130  3.473548347209221E-008  1.694735268385239E-010
         134  5.495586521937211E-013  2.621847571960147E-015
           6
          36  1.045497371045904E-013  4.841434409868389E-016
          46  4.090238279335262E-023  1.892050700258185E-025
          64  6.531035517744681E-017  3.020621561830355E-019
          82  6.572670182411109E-024  3.032605118952542E-026
          98  2.334506115234855E-030  1.078486298754969E-032
         129  8.021072498234189E-020  3.707278100915198E-022
          19
           3  4.836610038313873E-007  2.592111297091694E-009
           5  5.991497830171741E-011  2.839917259613119E-013
          13  4.392469819807608E-015  2.138089821822321E-017
          14  5.193269485305100E-004  2.598503442050132E-006
          39  2.410372018258285E-008  1.150719808905916E-010
          44  1.582222417068248E-005  8.396514232401454E-008
          47  3.466177242331851E-010  1.790902750837010E-012
          63  7.317113818795007E-006  3.588377038445234E-008
          70  4.084304329234928E-008  1.948252811382794E-010
          79  2.801729195920669E-010  1.319479205863409E-012
          86  7.458638284458702E-013  3.664726565177277E-015
          89  8.468067133555341E-009  4.100409477142121E-011
         102  1.232495052378348E-009  6.521780044453472E-012
         105  9.884458385816629E-010  4.823157440954746E-012
         109  5.033880180313454E-015  2.517823186475558E-017
         116  2.087055101581596E-014  1.043958245951806E-016
         119  1.607502230298448E-011  8.383016539682002E-014
         128  3.652193181594141E-007  1.868612744665918E-009
         134  2.206466497068282E-009  1.072672519031383E-011
          26
           3  4.167239665424072E-006  2.292845777510585E-008
           7  8.293071840699883E-006  4.387952606227083E-008
          18  1.250093879745687E-007  6.362793166121551E-010
          20  2.489941493862185E-019  1.183113046518583E-021
          29  1.731088511244567E-006  9.638278182498242E-009
          31  3.398464677214652E-007  1.767977762951826E-009
          44  1.564491905486251E-007  8.347745800690030E-010
          47  4.633030702990986E-015  2.298142117298089E-017
          48  3.522929536705914E-009  1.780719573008480E-011
          57  2.297179398032665E-011  1.117217250586782E-013
          67  1.967736509139294E-004  1.101375326756520E-006
          68  6.613516190955101E-005  3.536277165995038E-007
          69  1.165897522505155E-008  6.124080633000903E-011
          81  5.987850966998399E-021  2.806033489302029E-023
          86  1.821439940660942E-006  9.572991721991395E-009
          91  5.594953809733835E-019  2.671986090859931E-021
          99  4.394702763715652E-003  2.435451860012576E-005
         102  1.149789592562622E-004  6.444323960991171E-007
         104  2.828655313136663E-013  1.355968370804351E-015
         106  1.150768793888957E-004  6.428056409435366E-007
         109  1.723098929751984E-003  9.706028766042415E-006
         114  8.369238694301241E-005  4.438575225033244E-007
         116  5.292351083057268E-011  2.782951455083201E-013
         119  1.216318738821461E-004  6.849198820570015E-007
         120  4.978066448039483E-006  2.784299388936168E-008
         128  2.858387458693494E-009  1.461721407245581E-011
           8
           9  2.080144495717119E-011  9.651937024010508E-014
          17  2.131673163166269E-024  9.845627265858354E-027
          32  3.726235563021263E-012  1.728955687200671E-014
          33  1.409269086386978E-015  6.518111952909100E-018
          37  8.430781198468350E-012  3.913297119470752E-014
          50  2.400902661589952E-014  1.107180738177895E-016
          75  1.114227166192717E-013  5.170059355647741E-016
         124  8.766037822705020E-017  4.046743347832797E-019
           7
           8  4.369170220480100E-013  2.011712559664925E-015
          22  2.272212022803791E-017  1.047415186305170E-019
          26  1.637886668204589E-022  7.555216242193283E-025
          56  1.075545252099109E-026  4.957611378951565E-029
          65  3.380521717567411E-015  1.557640440378505E-017
          90  3.115472428306561E-029  1.435325143539825E-031
         126  5.385877173977109E-016  2.487446931779327E-018
          17
           7  3.522039771912794E-006  1.812297524458313E-008
          18  2.598137997834810E-012  1.252237013224426E-014
          21  5.659416586209580E-004  2.800226695637607E-006
          23  2.466319228741570E-015  1.159385897205553E-017
          31  3.604238426315621E-005  1.850074410780129E-007
          48  1.481041288877672E-004  7.519525427528277E-007
          60  5.054953776008000E-004  2.500835457667814E-006
          67  2.252878530380935E-014  1.124105406138370E-016
          69  1.048745840223773E-009  5.331383628273528E-012
          72  3.827025529145417E-007  1.847580955411027E-009
          88  1.487803138914580E-013  6.929806948443555E-016
          94  8.708738871928432E-013  4.040192793825385E-015
          99  2.022291615364784E-021  9.469728119654646E-024
         104  1.285417245513902E-005  6.352309502715457E-008
         106  5.680084597954124E-024  2.634902571582748E-026
         131  6.286140196352973E-015  2.908593377862292E-017
         132  2.152301021310942E-006  1.035331513578066E-008
           6
           6  8.480931076654130E-022  3.917443766113246E-024
          19  8.434192978938096E-013  3.902180691943603E-015
          27  8.859681181060850E-013  4.105064537840315E-015
          46  1.468539720607015E-016  6.801509872688355E-019
          66  2.852262768896078E-016  1.320296583968569E-018
         101  3.051041081779532E-018  1.410827677981172E-020
          17
           4  6.407312064713814E-010  2.969139019187763E-012
           7  6.583163752351139E-011  3.262001172846676E-013
          18  3.133548247633851E-005  1.571978106692458E-007
          31  1.855471148375053E-013  8.959389764100833E-016
          48  3.457818965412065E-012  1.668479150533536E-014
          53  6.604641312447837E-018  3.043182832513512E-020
          57  1.179332464959391E-010  5.655026601563803E-013
          60  2.277303973969693E-017  1.057661109397872E-019
          68  3.574996013353956E-015  1.721297676287642E-017
          72  1.653379186829049E-006  7.973955178791458E-009
          76  4.593948924463798E-009  2.142229863720526E-011
          88  4.310580380084903E-005  2.067829560228510E-007
          99  2.523800138073967E-015  1.232433347630100E-017
         104  4.028451432925964E-007  1.972029235602060E-009
         110  4.290042829812215E-012  1.992413295709796E-014
         111  2.199912807837420E-013  1.013942476021575E-015
         114  3.302019261169954E-009  1.653989625218515E-011
           6
           4  6.953139359410788E-021  3.202161171890911E-023
          53  8.623114551462203E-011  3.978876078582197E-013
          72  1.328232994725512E-015  6.172978260641231E-018
          88  1.135614497765404E-011  5.306294940228452E-014
          95  1.375660748855198E-010  6.361265766961565E-013
         111  2.149960716424273E-016  9.899984683275914E-019
          21
           3  1.641133603666734E-007  8.788207983001868E-010
          13  1.512376716805668E-006  7.942172807056059E-009
          14  4.159896003000913E-006  2.067439125606348E-008
          20  1.767016603049761E-015  8.650865431825026E-018
          29  2.563479269034166E-022  1.208677340588746E-024
          30  1.028407358274897E-019  4.769727974525390E-022
          36  4.619274282233053E-014  2.150414117198013E-016
          44  7.183620894482597E-008  3.767087080550757E-010
          47  8.821584073579043E-006  4.725651838263538E-008
          63  7.597166486197529E-014  3.579932452989992E-016
          64  1.156143776118331E-012  5.405938231252676E-015
          70  2.663534290299493E-020  1.233378398414454E-022
          89  5.145787105837343E-005  2.542036190513274E-007
         102  3.368342849690302E-010  1.777876148825746E-012
         109  5.011492368483559E-019  2.413340666381570E-021
         116  6.025047059313485E-008  3.220759043568207E-010
         119  7.165605980061339E-011  3.769567351132413E-013
         128  1.918228218980847E-015  9.193709429518963E-018
         129  2.074747855611593E-011  9.750505614409314E-014
         130  3.537703814831886E-012  1.683902677020965E-014
         134  7.571365440063662E-005  3.773478064462896E-007
           2
          22  1.830947145059853E-027  8.427232580753301E-030
         126  9.089248298280504E-027  4.191395804057347E-029
          18
          13  1.922402628441720E-011  9.598000457974381E-014
          16  8.418854236842219E-014  4.005822304543120E-016
          30  7.989812564059850E-006  3.912713170932306E-008
          47  2.165938944908942E-022  1.013136537346203E-024
          61  2.370767886760516E-009  1.110221410981230E-011
          62  5.654323960593618E-007  2.659989986044723E-009
          64  2.024858205121819E-015  9.382514307507477E-018
          82  8.034187566411232E-015  3.713145656026113E-017
          84  3.245657963975234E-013  1.501445916516183E-015
          89  9.933996261510864E-011  4.725705683933513E-013
          93  1.304480225880564E-007  6.105269347042192E-010
         103  3.795742800376993E-010  1.759184211230475E-012
         108  6.040400328318502E-014  2.797647602005215E-016
         112  2.881141635900141E-007  1.362276949853558E-009
         129  9.169102668632236E-013  4.269114372707822E-015
         130  9.287065574648340E-005  4.533096808247284E-007
         133  7.740061408412938E-006  3.660896932975123E-008
         134  6.528345426231935E-009  3.158492534809835E-011
          22
           3  1.590416376731790E-007  8.483227229407769E-010
           5  7.256281131915103E-014  3.394061146354334E-016
          13  6.212192225310972E-013  3.080260565610983E-015
          14  4.799817645577199E-004  2.400701776059035E-006
          36  5.903325012908726E-017  2.735587341811250E-019
          39  2.246608764972293E-009  1.067479531264927E-011
          44  3.441705883426043E-006  1.818723952790966E-008
          47  1.726568846377098E-009  8.977270837517663E-012
          63  1.256694991736156E-006  6.141311079900965E-009
          64  2.218245889718909E-026  1.025619359395800E-028
          70  1.510858556908484E-008  7.193064430375617E-011
          79  1.295663217202126E-011  6.073577937084923E-014
          86  2.340667676654255E-017  1.110587313300523E-019
          89  2.317226550778051E-007  1.130577989337708E-009
         102  1.786657491098611E-010  9.372747173816126E-013
         105  2.801815704315434E-012  1.345641218474248E-014
         109  3.816628684342472E-018  1.853073951822815E-020
         116  1.587917524507310E-013  8.010858867815021E-016
         119  2.117300154206136E-012  1.093478123500195E-014
         128  1.462176908637170E-008  7.401855904378623E-011
         129  1.137319979589733E-021  5.260508061636854E-024
         134  8.253705395169354E-008  4.050169636531861E-010
          21
           7  1.872737750403408E-011  9.338253453257155E-014
          20  5.117273768300722E-019  2.433986122097875E-021
          21  6.998356014146501E-012  3.359717205963990E-014
          23  6.189101486906088E-004  3.148415903495220E-006
          24  2.949191866020628E-008  1.430356280187417E-010
          29  4.164035019016115E-010  2.213962551544884E-012
          31  1.907631385362012E-009  9.636025977974234E-012
          48  3.478044022108850E-011  1.709851098161565E-013
          60  1.369035672878647E-016  6.405688439764803E-019
          67  1.542245703040274E-006  8.389071352531653E-009
          69  7.793806003251875E-004  4.172943328047906E-006
          81  7.567827603516123E-012  3.832151915343069E-014
          83  1.590101739724645E-024  7.336176159756295E-027
          91  1.056355446803599E-011  5.385969341662403E-014
          96  9.276135110169933E-020  4.349761941897425E-022
         106  1.144193243387471E-006  6.228481470423289E-009
         107  1.914549914096536E-012  9.074446725569477E-015
         120  1.712300300314730E-008  9.265735885510092E-011
         125  1.481223717814421E-021  6.822663170787688E-024
         131  5.633603288366410E-029  2.601128935020201E-031
         132  2.629082821678857E-011  1.248325759250563E-013
          23
           2  9.471708071086499E-016  4.433641774440798E-018
           3  1.941373604147385E-011  1.002280979300394E-013
          13  1.451420248039857E-003  7.754238918547443E-006
          16  7.506389737565916E-008  3.744437813736092E-010
          20  3.488159231442858E-006  1.862571281751066E-008
          29  4.645417995997799E-011  2.441758392104660E-013
          30  1.669470710471734E-005  8.290456509696170E-008
          44  1.250828822819662E-021  5.860280628656477E-024
          47  2.262753311041319E-004  1.222460069757888E-006
          62  1.896555497472890E-020  8.776548668107674E-023
          81  3.015146064779955E-008  1.578725598958712E-010
          89  1.082001626286122E-007  5.281524415510647E-010
          91  3.079355114390868E-008  1.620579645179509E-010
          96  9.927960115867495E-010  5.008359328244943E-012
         102  2.997497313518626E-014  1.511148539586243E-016
         112  1.025274757325737E-013  4.784577175448315E-016
         116  2.502203494795052E-005  1.364307872851187E-007
         119  1.471159301620188E-012  7.598546373857623E-015
         120  2.973645779833844E-014  1.506166974053755E-016
         129  8.995696011270485E-020  4.161892306094218E-022
         130  1.079674902953078E-005  5.320673143398995E-008
         133  1.012287657822387E-012  4.734572517967802E-015
         134  2.749636265358022E-006  1.362741550644466E-008
          22
           3  1.840093061405177E-007  9.858498571734730E-010
          13  8.311418076964149E-005  4.400620200762428E-007
          14  2.212265152556797E-008  1.083334915856851E-010
          20  6.368478777751740E-010  3.296620554353290E-012
          29  1.399588535969503E-013  7.127075155828075E-016
          30  5.068278913113997E-011  2.434290225841870E-013
          36  5.358868256710241E-020  2.470413232666987E-022
          44  7.260896012270745E-009  3.770364085035757E-011
          47  1.461909611473373E-004  7.887598410848313E-007
          64  5.083462197791391E-014  2.362124816188810E-016
          81  2.608426110698812E-015  1.271903808987070E-017
          89  3.113230185389718E-005  1.535097675459614E-007
          91  5.653009381467496E-015  2.779556990053788E-017
         102  1.015510978753095E-009  5.374936782307225E-012
         109  3.851079803435954E-017  1.880534255176019E-019
         116  3.840135637259225E-006  2.076851349164563E-008
         119  8.310635518922713E-010  4.417873304121387E-012
         120  1.650514659231778E-019  7.916123374222960E-022
         128  2.039416755151583E-028  9.367815800491713E-031
         129  3.681813642178095E-012  1.721563388513332E-014
         130  7.459523168972719E-009  3.610321740218199E-011
         134  9.972678430292337E-005  4.964115760852217E-007
          11
          14  2.453421041640036E-015  1.146377367590198E-017
          19  1.691479028286900E-012  7.795743487679593E-015
          27  2.832455675463635E-009  1.309079418992109E-011
          36  2.198746599785572E-010  1.020419680692281E-012
          46  1.574231580392470E-011  7.264013862977927E-014
          64  3.046613172935661E-019  1.404255308679635E-021
          66  1.136558341227104E-019  5.239498068693684E-022
          70  4.165112465145439E-013  1.933481108684605E-015
          89  2.091331230777325E-028  9.611398931705045E-031
         101  9.779272941000652E-021  4.503450437943040E-023
         129  5.744679346393218E-024  2.647346346189351E-026
           0
          13
          11  1.078174141215882E-008  5.061591888773057E-011
          15  8.185726737603935E-015  3.792981953269348E-017
          23  4.831301893143735E-005  2.408282017284438E-007
          24  1.906889728840478E-006  9.212193883405820E-009
          42  2.838196977516378E-013  1.315923338353326E-015
          59  1.017797792583405E-015  4.702546041809041E-018
          69  1.200077386432557E-011  5.984550925581483E-014
          83  5.902673273774198E-007  2.771069668779705E-009
          94  5.079058575233929E-013  2.355057315450276E-015
         107  2.190791800443435E-012  1.030637384045388E-014
         125  4.994635542717262E-007  2.338186627807785E-009
         131  3.285768099691042E-011  1.531266740002157E-013
         132  5.455927571229865E-012  2.561483563530996E-014
          20
          11  1.050383070688767E-010  4.925544581977376E-013
          15  1.764991459776255E-012  8.242400702610017E-015
          23  6.687582390329762E-004  3.374844160313779E-006
          24  1.711282321357820E-005  8.350155245382019E-008
          29  7.093950103838697E-019  3.418935415307106E-021
          31  8.039158479377985E-026  3.704193924888884E-028
          42  2.369787900727143E-023  1.095105969912041E-025
          67  9.738288627227502E-012  5.009711586317530E-014
          69  4.897535769088302E-006  2.567598603254471E-008
          81  9.771840158502521E-016  4.742010746019911E-018
          83  5.815827120974669E-011  2.715647082126166E-013
          91  1.026263045814675E-015  5.009434241716030E-018
          96  3.010403714941721E-021  1.401670986305113E-023
         106  1.293389390602831E-011  6.665558829068212E-014
         107  3.875922628444070E-008  1.871049672291403E-010
         113  1.358205932630338E-016  6.358623223733962E-019
         120  2.686382263914442E-014  1.354642290797875E-016
         125  4.061172996019090E-012  1.885930088748685E-014
         131  1.544425997377858E-024  7.125441720596653E-027
         132  1.526643297187451E-014  7.120491664073130E-017
          24
           2  3.863043916246267E-013  1.825298467287169E-015
           3  7.483214118990253E-016  3.673885269850952E-018
          13  6.087930390203960E-004  3.228326327842101E-006
          16  3.908023791394489E-007  1.949602311412318E-009
          20  1.044571424945672E-006  5.541724141074164E-009
          29  1.421350839601836E-013  7.230255053398771E-016
          30  8.112350826227697E-005  4.027795002735323E-007
          47  3.732715338616941E-005  2.002517084880621E-007
          61  5.642158938221126E-017  2.610246102076925E-019
          62  4.282614405619735E-014  1.989411480231102E-016
          81  7.500477142263734E-009  3.896567273561425E-011
          89  3.117955803921534E-008  1.512458688046759E-010
          91  7.027468906422925E-009  3.669251899529074E-011
          93  7.199184313352925E-017  3.324876461850156E-019
          96  1.364810656444721E-009  6.868994634492593E-012
         102  2.189321481023279E-024  1.017773965829751E-026
         112  9.583705510454002E-011  4.502504984754642E-013
         116  3.134167041512563E-006  1.690835153662529E-008
         119  6.917259261631935E-018  3.366742087984589E-020
         120  2.108113228803660E-019  1.012445056171699E-021
         129  1.246856460895007E-019  5.756390083160149E-022
         130  4.417067240120608E-005  2.172548520616346E-007
         133  1.077510917882650E-010  5.055195795555674E-013
         134  1.182880482076769E-006  5.831924305691255E-009
          12
          11  1.488270388462156E-009  6.945092278306686E-012
          23  1.813938293921968E-011  8.687996498023800E-014
          24  7.202520367078959E-011  3.397162566682272E-013
          42  5.231693090106857E-012  2.422212631013047E-014
          59  4.803030363087474E-010  2.218480967370421E-012
          71  9.854716885966720E-014  4.539638918692365E-016
          80  2.352353898365802E-023  1.084244881137219E-025
          83  9.375141531593228E-007  4.379086902388627E-009
          92  4.645417946652926E-030  2.143124279590131E-032
          94  1.721696900462998E-019  7.928258205602094E-022
         125  5.648472860431807E-007  2.632715615427539E-009
         131  1.183476802096689E-014  5.467712769199275E-017
           3
          82  6.217334388569698E-017  2.868694117050225E-019
         103  3.123677730112056E-017  1.438168055219329E-019
         108  8.406716678773713E-016  3.885878252023736E-018
          14
           5  5.412974532972645E-016  2.509302428535376E-018
          12  1.217397320943769E-009  5.723544383047774E-012
          18  1.895854797907298E-016  8.940170891050873E-019
          54  9.317567928013217E-009  4.346490294321356E-011
          57  9.540446255000722E-005  4.731515945764006E-007
          68  2.796192186899526E-007  1.434907818230932E-009
          78  4.703423132118046E-006  2.234178832635740E-008
          86  2.291018678881764E-007  1.166678783807476E-009
          99  1.826599749352278E-026  8.447241304170594E-029
         100  1.005257200242035E-005  4.787093178394631E-008
         105  1.168965910786543E-008  5.708978395036533E-011
         110  3.899492295556626E-009  1.830560059673645E-011
         114  2.787356027460158E-008  1.409504552783953E-010
         128  1.711715234175524E-010  8.478016378286286E-013
          14
          11  2.492379199313836E-023  1.150590230145356E-025
          23  2.218126880174813E-011  1.063928864184655E-013
          24  1.577855962834755E-025  7.268217327491925E-028
          58  1.734982941737278E-019  7.986628597641419E-022
          59  3.221491868559407E-010  1.488499199590803E-012
          71  1.020646063004983E-027  4.702217069116001E-030
          80  8.381282250258008E-019  3.864810381246705E-021
          83  5.607670215592474E-009  2.610655586347339E-011
          90  2.104229378753208E-024  9.691818337623477E-027
          94  4.768926515508441E-009  2.222737554299960E-011
         121  1.540641755213739E-018  7.088680130934093E-021
         125  7.124013244050589E-007  3.321337452608009E-009
         131  3.733501800873089E-008  1.745820615447226E-010
         132  1.039152169906151E-011  4.868344005387214E-014
           3
           9  3.145218762356969E-026  1.454833610725694E-028
          37  2.127532867680104E-016  9.862463912574721E-019
         118  4.295010356050406E-016  1.984809802530089E-018
          22
           7  5.558750232986249E-014  2.718840931742900E-016
          20  2.817581821774508E-010  1.460579188486763E-012
          21  4.992790954643315E-022  2.309527601546027E-024
          23  9.936421800298225E-005  5.053642901007055E-007
          24  5.866867872068866E-008  2.857084630354474E-010
          29  2.334536376831058E-007  1.279088184439331E-009
          31  8.965288550568052E-012  4.447503835725351E-014
          48  1.526051316990554E-015  7.274517534169007E-018
          67  5.023764700355870E-006  2.754337327988326E-008
          69  4.778357218711136E-004  2.562853460681062E-006
          81  1.179877343590273E-007  6.235285493184343E-010
          91  1.356058408392059E-007  7.224512475693620E-010
          96  2.646353737446996E-010  1.332873255306090E-012
          99  8.588075767847747E-025  3.983821283524042E-027
         106  8.833868234704581E-006  4.851862975786006E-008
         107  8.032849692006815E-010  3.873305503842143E-012
         109  2.284117965200511E-026  1.057451008562830E-028
         113  8.142345351338086E-013  3.911255679380752E-015
         116  2.106504996874742E-017  1.026406487818223E-019
         119  1.153949533297481E-019  5.548867947169546E-022
         120  1.997985091270902E-006  1.102424140858283E-008
         132  2.860911810559591E-023  1.321556956919857E-025
           0
          12
           4  6.068919175542663E-009  2.812974613021755E-011
          18  2.597124110054404E-028  1.200805915972989E-030
          43  1.464916110006849E-009  6.754819442163461E-012
          54  2.394611073216150E-008  1.111969817637498E-010
          57  2.438559307636985E-012  1.157114817543768E-014
          76  1.121651102374987E-007  5.234443091851162E-010
          77  2.629537030574309E-011  1.212473590322135E-013
          88  1.528738252666499E-022  7.045012326725816E-025
         100  7.224433101991971E-013  3.359754627332801E-015
         110  6.458681330045793E-007  3.030642371246897E-009
         111  9.154930875921621E-013  4.222137043056247E-015
         115  8.238561051979938E-014  3.796021487724386E-016
           7
          11  8.231184190217596E-015  3.807903112881679E-017
          42  6.844313716041537E-015  3.163907758450416E-017
          59  5.991034517177588E-014  2.764611338681342E-016
          71  4.089363561820033E-013  1.884542098077755E-015
          83  4.675146496509472E-011  2.166450403632179E-013
          92  4.538497602943335E-017  2.095240791213103E-019
         125  9.428090074478612E-014  4.343923891837893E-016
          15
           4  1.321068027974144E-018  6.099386034136820E-021
           7  5.562977396025143E-010  2.782960433287922E-012
          18  4.825968872784632E-007  2.403638795338679E-009
          21  3.773266485243992E-011  1.804102176100124E-013
          31  1.808025179785174E-010  8.957707920145274E-013
          48  7.735957564031448E-009  3.830124366780896E-011
          53  5.793624390548126E-016  2.679309996358849E-018
          60  9.562642443879612E-009  4.626065491526763E-011
          72  7.322504439257457E-005  3.560757651940530E-007
          76  4.235215421839975E-019  1.960631063045995E-021
          88  4.618487183337848E-005  2.219053626807982E-007
          95  1.148116714483896E-015  5.322248204293228E-018
         104  1.613133782273126E-005  7.959418840801836E-008
         111  3.828164132994865E-027  1.766819133229192E-029
         114  1.504670895072552E-020  7.017427356805965E-023
          14
           2  9.284734112046485E-006  4.525615563608992E-008
           9  1.081277038436442E-006  5.088752195143780E-009
          16  4.235281639675497E-008  2.084447909218841E-010
          17  3.644228474006748E-005  1.760581865992016E-007
          30  1.055044420556804E-027  4.874863992083313E-030
          32  3.221414942540300E-007  1.519095061554691E-009
          33  1.661829857002750E-005  7.941427610653707E-008
          37  2.022802597956148E-006  9.525005898018348E-009
          75  2.534379185070073E-007  1.199967875791697E-009
          96  5.996431394993476E-010  2.982505092194478E-012
         107  7.911745791720860E-015  3.690864404893784E-017
         113  8.278083007618620E-007  4.066532783452320E-009
         118  8.227020900486149E-017  3.800014694374422E-019
         124  5.716806382984559E-014  2.650673573315220E-016
          11
          30  2.639602883071472E-009  1.263680825262380E-011
          38  7.593403751182482E-021  3.489131939341765E-023
          61  7.877611251601010E-009  3.667706633376182E-011
          62  9.055695121986179E-007  4.230774532354228E-009
          84  1.072140450738356E-009  4.939097931464574E-012
          93  4.713186056402541E-007  2.193817268404646E-009
         103  1.373228026220889E-011  6.314745110654484E-014
         108  1.125514707836849E-019  5.180304762840754E-022
         112  9.525923612527247E-008  4.465811872312673E-010
         130  9.579001514562322E-008  4.591688865754488E-010
         133  6.493718571102834E-007  3.042355913512534E-009
           1
          95  2.730332097067367E-028  1.264022844294737E-030
          11
           4  2.372123232842980E-008  1.100883778126494E-010
          25  6.827440626702497E-016  3.155237055652146E-018
          34  1.298828872332114E-016  5.991989417697849E-019
          43  2.192322569444771E-014  1.010338239137128E-016
          53  6.691493758786628E-014  3.091879994392949E-016
          76  1.973386282794487E-008  9.202027977111332E-011
          77  3.068298582990862E-026  1.415300884236240E-028
          88  1.068554595112032E-013  4.973255908319102E-016
          95  5.203423724133247E-026  2.409508740285500E-028
         110  5.326739636842419E-013  2.472110766041843E-015
         111  2.928714250240851E-009  1.353849257008594E-011
          10
           4  2.982026071037725E-009  1.377202927793246E-011
          25  1.583760296253253E-015  7.293284663367786E-018
          34  3.881726687931207E-016  1.784436389572979E-018
          43  1.882138076127529E-015  8.642178004099416E-018
          53  2.466657088065998E-015  1.135579157532825E-017
          76  1.582958182900703E-009  7.344679078710128E-012
          88  5.212552756819854E-020  2.397394068419773E-022
         110  6.676667083061347E-016  3.078831322510576E-018
         111  6.365931011925132E-010  2.930890009017517E-012
         123  1.055639439418684E-029  4.855850218089566E-032
          17
           7  8.364626989453147E-007  4.343468713555614E-009
          21  4.059890234284309E-006  2.018578183804504E-008
          23  7.914204647903065E-005  4.005667999128014E-007
          24  1.949417087577511E-017  9.075837358047594E-020
          29  7.868766973558168E-015  3.961894732503088E-017
          31  1.357571767756312E-005  7.049780158449004E-008
          48  4.450470754534364E-006  2.268086069935365E-008
          60  2.239714234291368E-007  1.104925949832210E-009
          67  2.376111243098669E-006  1.293727702451123E-008
          69  7.814999333215557E-004  4.180189125690509E-006
          94  3.265996865226754E-013  1.525935842639159E-015
          99  2.802759825239936E-014  1.395653603550625E-016
         104  3.471345002205487E-012  1.668115628693069E-014
         106  3.718061682118830E-007  2.011995150140120E-009
         120  2.176162041648568E-011  1.139849041033427E-013
         131  3.099003710535807E-013  1.449417748965861E-015
         132  6.649104386458172E-007  3.226763683115613E-009
           0
          21
           2  1.060866139771992E-021  4.904971554973439E-024
          15  1.579695288011469E-016  7.344777359595889E-019
          16  3.444479964398434E-017  1.620681487239923E-019
          17  2.957098922131923E-026  1.367764565381090E-028
          20  2.766862632344277E-007  1.476707602288822E-009
          23  3.019487897051658E-006  1.526474973350719E-008
          24  1.122894727501662E-007  5.487052521209955E-010
          29  1.562378097789082E-006  8.618306975135811E-009
          31  6.052791633740031E-029  2.791823303494417E-031
          47  5.958040693174689E-027  2.755356375605639E-029
          67  3.705895432810212E-007  2.018418429531584E-009
          69  2.114237969765220E-005  1.126224648483233E-007
          81  1.644374640306559E-005  8.843717305520902E-008
          91  1.670909876234500E-005  9.044396209436723E-008
          96  1.146943957948051E-006  5.954061375142822E-009
         106  1.948804268869930E-006  1.067973825673467E-008
         107  1.110079687200651E-007  5.428202571889589E-010
         113  4.845637494397253E-008  2.408113641165412E-010
         116  8.217876954027029E-012  4.257228529304278E-014
         119  2.397088353458568E-017  1.178394873785003E-019
         120  5.563453681212234E-006  3.077787921603253E-008
          25
           3  4.771614628781276E-003  2.665533563339230E-005
          13  2.683603631366443E-006  1.430328069827200E-008
          14  1.092673827460597E-010  5.331115656995788E-013
          20  7.769219119033752E-008  4.154692438491389E-010
          29  1.233758781522443E-005  6.904351420566410E-008
          44  7.302866259669585E-004  3.979511936466648E-006
          47  2.661209398351662E-004  1.463441902223992E-006
          63  2.836280782709347E-019  1.313172492322827E-021
          67  3.099756143132376E-010  1.649927370928034E-012
          68  1.087075680073212E-010  5.544108118135229E-013
          81  5.282450467730495E-010  2.757727993534292E-012
          86  2.548778230705807E-008  1.319686929876158E-010
          89  3.791322001739159E-017  1.763998392418530E-019
          91  1.082748661364855E-009  5.692741596804754E-012
          99  1.968173500792161E-009  1.041892615509529E-011
         102  2.343471962973449E-003  1.321275427955208E-005
         105  7.217764042107377E-015  3.427750971321000E-017
         106  1.003317467128232E-008  5.429097894907893E-011
         109  2.123442724018270E-004  1.191958651113664E-006
         114  1.229397773066070E-016  5.874316052794302E-019
         116  1.998017940179088E-004  1.110576221268010E-006
         119  1.833259821570989E-003  1.037847688587323E-005
         120  2.312401701276416E-006  1.289642397484633E-008
         128  6.887467497437989E-007  3.589469621915195E-009
         134  1.690293411778730E-014  8.013617334886350E-017
          12
           7  4.059264235655485E-022  1.881929533255501E-024
           8  3.755089208805885E-015  1.727713948079153E-017
          21  3.481180997672109E-008  1.682737413135323E-010
          31  1.547975956957778E-015  7.363544497883576E-018
          45  5.288996681376851E-022  2.439598281003194E-024
          48  2.701442674431129E-011  1.308321204305234E-013
          56  6.928803715511464E-011  3.195972838728277E-013
          60  2.344532566550124E-007  1.135562762501022E-009
          72  2.099291751877428E-008  1.001410322420003E-010
          88  6.935140630384052E-014  3.219639612454061E-016
         104  4.704692487245665E-009  2.270458064847337E-011
         132  8.006217090067599E-013  3.737245840692651E-015
          22
           3  7.872387198747966E-011  4.077362169648721E-013
          13  2.929807724597835E-005  1.544580894471035E-007
          14  3.964115216120294E-010  1.920273124759330E-012
          16  3.217591857299999E-026  1.487793259454621E-028
          20  9.045049004573038E-012  4.591550705320964E-014
          29  7.292087227703946E-027  3.373036333319095E-029
          30  4.431073141085697E-009  2.154768284587340E-011
          36  1.717681702681570E-014  7.977803258399820E-017
          44  1.487602844736155E-013  7.381020696953366E-016
          47  1.436648167184800E-005  7.683869227765676E-008
          64  1.683114215785029E-010  7.906990754166801E-013
          81  1.058817565977784E-021  4.943604444094366E-024
          82  6.008643924235125E-022  2.771960527950114E-024
          89  1.198514571315513E-004  5.911148375283730E-007
          91  4.287716538267450E-021  2.017886513294168E-023
         102  1.812895611768134E-015  9.004552399312439E-018
         116  1.149101354274818E-007  6.138261643205250E-010
         119  2.400450347353266E-015  1.198987270084439E-017
         129  2.526139686088834E-009  1.193700448644916E-011
         130  5.883408326767970E-007  2.873696014230238E-009
         133  2.482600826888679E-013  1.157197583137287E-015
         134  3.699667000394194E-004  1.844719322430339E-006
          13
          11  1.355028826856959E-008  6.346592915926869E-011
          15  2.375984241066869E-016  1.096671269835345E-018
          23  5.146123741783836E-006  2.548055365449891E-008
          24  3.787684799933875E-007  1.820540572502943E-009
          42  1.915143188178355E-012  8.871815219476424E-015
          59  8.375738435429496E-013  3.867585555227382E-015
          69  1.119673647181022E-016  5.345865956035002E-019
          83  1.523047471004030E-006  7.136362739281709E-009
          94  6.355040252690798E-013  2.941497749656093E-015
         107  6.178121608874862E-015  2.872322958999839E-017
         125  1.397452864401193E-006  6.532317150814969E-009
         131  4.977271597649894E-011  2.315758708244336E-013
         132  2.771982772566167E-013  1.292829661379534E-015
          23
           2  8.438725376144588E-006  4.181312811151323E-008
          13  2.080016160654423E-005  1.103318062936791E-007
          16  3.169315089026457E-004  1.614967746944113E-006
          17  1.092507586342083E-008  5.283231622065144E-011
          20  1.045906794917667E-003  5.683612953058255E-006
          29  4.933122544194107E-007  2.705002323985396E-009
          30  1.686436207478682E-007  8.318932895360577E-010
          33  8.770943963815817E-012  4.143330653244131E-014
          47  1.052823130056494E-006  5.638189737248845E-009
          67  2.339533459383805E-027  1.083137512853801E-029
          75  6.996487865623913E-028  3.234554869512984E-030
          81  1.027936099288824E-003  5.569472228996402E-006
          91  9.080126872468454E-004  4.941851656127935E-006
          96  1.852971765623243E-003  9.748873216219926E-006
         102  7.192591312495707E-024  3.360282869322247E-026
         106  1.479695112622207E-014  7.431243957057884E-017
         107  3.883680940685024E-017  1.807002112363410E-019
         112  4.149125756981247E-022  1.917341384151645E-024
         113  2.754186502646702E-006  1.378776958803151E-008
         116  9.856434029373243E-006  5.380138527748066E-008
         119  1.572128554367202E-014  7.961169912807460E-017
         120  7.570103565921723E-008  4.128227416115502E-010
         130  1.689948256827217E-013  8.008294846932500E-016
           9
          11  5.617907244922427E-007  2.638392499006443E-009
          15  1.393069771747422E-007  6.555499232571341E-010
          24  2.956022202433288E-008  1.411068263319861E-010
          42  1.782174327040320E-007  8.301924288276945E-010
          49  8.104179415904020E-009  3.751304846865121E-011
          83  8.471237458502548E-011  3.931031238075258E-013
         107  7.163582080722903E-010  3.397211630101484E-012
         122  2.114793450483934E-008  9.812245508712701E-011
         124  2.626247186933018E-012  1.216416161954415E-014
           1
          43  3.172849409244614E-024  1.461300145139754E-026
           4
          62  2.222207472280470E-014  1.026850035307279E-016
          84  1.314797660471712E-012  6.057841577591520E-015
          93  3.074541285594316E-014  1.417641079319399E-016
         133  2.259209934683244E-017  1.041759238728606E-019
           7
          15  3.949243382064200E-023  1.819930749078591E-025
          42  1.083068204077564E-020  5.002735986080913E-023
          49  1.617006218040090E-013  7.456798214668137E-016
          55  4.033231692192722E-020  1.852273198382790E-022
          87  6.958465661820373E-029  3.214209167706888E-031
         122  5.511030218965310E-014  2.540227608930818E-016
         124  8.533264114550146E-026  3.934243248782451E-028
          21
           2  1.207731480872013E-010  5.758445183551604E-013
           9  7.132647852525604E-008  3.348892775574296E-010
          11  5.780242192387641E-013  2.688406756231192E-015
          15  2.093117757152960E-006  9.923285441581915E-009
          16  3.676251961552801E-018  1.716072540258928E-020
          17  2.490005018273292E-007  1.195045863022041E-009
          24  3.143574009980180E-008  1.507934209957525E-010
          32  1.919684799423651E-006  9.069700131711262E-009
          33  1.425748869384619E-006  6.796094727310301E-009
          37  8.331751460824037E-010  3.895415979537477E-012
          42  1.134056748474899E-018  5.250062043631225E-021
          49  1.331524735347223E-014  6.157881372583681E-017
          50  4.045149478544982E-014  1.869874477644132E-016
          75  1.106816726409717E-005  5.263933814853506E-008
          81  1.164201583627209E-024  5.382581853154929E-027
          91  2.268221000920683E-029  1.047588134266947E-031
          96  1.090580129720469E-010  5.405413553690743E-013
         107  4.042534029080934E-005  1.963372158757309E-007
         113  1.018091908175662E-005  5.030999239264604E-008
         122  1.486086091543769E-009  6.911611133037014E-012
         124  1.223794481787101E-006  5.752822621213826E-009
