         122
  0.199224010364983     
  0.199458038804389     
  0.199327173511421     
  0.199898632324562     
  0.198900936451209     
  0.198122521772238     
  0.198737786049953     
  0.200222423560467     
  0.199968505704538     
  0.199075785682674     
  0.200660967635825     
  0.200426121928756     
  0.200304711821508     
  0.198933549238497     
  0.200339480308523     
  0.200052104002154     
  0.199512145099729     
  0.200569653079205     
  0.200060855133090     
  0.199930425791078     
  0.199844629933365     
  0.199082181906026     
  0.198861784381553     
  0.200056132494009     
  0.197581292799120     
  0.198920984334303     
  0.199545307718646     
  0.194116166743124     
  0.199960653179527     
  0.198972530629662     
  0.199865853404136     
  0.198639790097435     
  0.199461557065343     
  0.199707329456820     
  0.199411686922021     
  0.198508890154153     
  0.199068488390249     
  0.198302849460640     
  0.200791633283049     
  0.198644528721845     
  0.198813028338652     
  0.199068635378376     
  0.199039121586788     
  0.200632386645097     
  0.199317367639271     
  0.199975230010776     
  0.199167910578201     
  0.199733330071968     
  0.200015145425942     
  0.199618541999233     
  0.199434168493555     
  0.199501787656375     
  0.200057230146032     
  0.200227412178233     
  0.198638638070477     
  0.199547031963946     
  0.199484648028632     
  0.199220843122672     
  0.199447407288437     
  0.199995114962427     
  0.200984901478419     
  0.198772044356331     
  0.197936588780332     
  0.200036640632968     
  0.199648993663164     
  0.199495123260424     
  0.199203669619854     
  0.198863909205330     
  0.199781889611540     
  0.200284049581520     
  0.199586333161408     
  0.196359043380917     
  0.198903523422509     
  0.199465004413460     
  0.198879552081283     
  0.196059570603668     
  0.199502765186061     
  0.199107438925216     
  0.199592228052260     
  0.199145172490870     
  0.200034791812496     
  0.199925556904812     
  0.199513451077289     
  0.199796951263180     
  0.199106378898798     
  0.199081658679124     
  0.199049863402675     
  0.199762518711172     
  0.199792346867202     
  0.200276779621154     
  0.198907273772338     
  0.199759043884407     
  0.200900597043368     
  0.199885537897006     
  0.199730687683077     
  0.199702110078415     
  0.199346783375992     
  0.200379597919358     
  0.198726820360675     
  0.199732500392975     
  0.200274358854146     
  0.200238332105523     
  0.199423008874929     
  0.199375752138849     
  0.199770748652469     
  0.199487697323026     
  0.198754151298124     
  0.198644225997566     
  0.199989521808040     
  0.198463784958808     
  0.199265353602583     
  0.198682935130157     
  0.195946399767298     
  0.199894971272941     
  0.199716162042829     
  0.200046627285284     
  0.198335266333195     
  0.199874492588983     
  0.198469855432772     
  0.199824171099034     
  0.199756647891479     
  0.199537135722820     
