         139
  0.200314817535715     
  0.199079839464290     
  0.198581858775401     
  0.200284940815819     
  0.200200828913865     
  0.198742091109275     
  0.198928703378182     
  0.198252206078177     
  0.199979790656421     
  0.199196916056435     
  0.199274906744114     
  0.200188818291485     
  0.199310468802857     
  0.199068951032395     
  0.199036840130992     
  0.199081740641216     
  0.199297514436520     
  0.198880349039811     
  0.199290541826218     
  0.199088389037452     
  0.199674323098430     
  0.198901611014199     
  0.199604770661673     
  0.193236109590135     
  0.200085812013199     
  0.198787390434375     
  0.200413809644056     
  0.197629389441303     
  0.198917441898188     
  0.199645698712208     
  0.198796383715005     
  0.199287048396039     
  0.199625082926660     
  0.198877034791907     
  0.199052584361398     
  0.200130243245180     
  0.199208587943823     
  0.198298082374162     
  0.199348412732508     
  0.200368808658180     
  0.198537625703905     
  0.198881607000875     
  0.199368791991444     
  0.199312881144058     
  0.198196034682412     
  0.200038045955620     
  0.199058022772375     
  0.199534748926616     
  0.199759957064507     
  0.200603062372454     
  0.199747883510659     
  0.199546845263122     
  0.200314521150572     
  0.200218251297385     
  0.199916909274125     
  0.198519822267870     
  0.199529365449607     
  0.198832791579563     
  0.199490025146591     
  0.199291943013127     
  0.199905154373522     
  0.200094394379154     
  0.200545321322655     
  0.199339977814813     
  0.199440636222479     
  0.199850015979353     
  0.199417019076491     
  0.199186847028643     
  0.198776297796639     
  0.198705634046877     
  0.195794898371614     
  0.199977339302520     
  0.198223942195030     
  0.200072845567330     
  0.198721409775541     
  0.199623289364591     
  0.199657668938746     
  0.200201248370616     
  0.199764238322659     
  0.199226320404378     
  0.199094274933565     
  0.200001801152025     
  0.199579235801849     
  0.199515304140792     
  0.199302296806048     
  0.200531129946445     
  0.200291593730504     
  0.199213361938856     
  0.199493225483149     
  0.200134024915558     
  0.199073718937553     
  0.198622218060422     
  0.199514839850531     
  0.199654723846078     
  0.199263788506393     
  0.198935577081186     
  0.198624923127211     
  0.198930828031775     
  0.197598646749990     
  0.199145461403761     
  0.200121253642514     
  0.197874521738406     
  0.198847337468652     
  0.198886517306655     
  0.198290005012445     
  0.199285461654021     
  0.199658018081136     
  0.198695520598162     
  0.198942196637089     
  0.199497775006174     
  0.200181988974763     
  0.199940105972962     
  0.199892657324167     
  0.199522782452391     
  0.199481184216471     
  0.199029655012489     
  0.199870575479050     
  0.199979474084634     
  0.200266660947101     
  0.199325294288126     
  0.199172320844553     
  0.199692158773948     
  0.196403172715516     
  0.199334077321747     
  0.200114245152049     
  0.200024213151238     
  0.199471471570399     
  0.199150173879979     
  0.199324050811025     
  0.199979992113292     
  0.200433842964359     
  0.199452173904316     
  0.198478011448561     
  0.200170308751321     
  0.199256549946076     
  0.200593669176099     
  0.198689369504616     
  0.198959246959366     
  0.199912138000335     
