         112
  0.199744836826527     
  0.198833307454646     
  0.199632414136918     
  0.199274099920414     
  0.198543330728997     
  0.198550160691467     
  0.199138317810077     
  0.199152919515319     
  0.197643529679558     
  0.199277487259504     
  0.199412864827287     
  0.200216408197193     
  0.198971098059832     
  0.198196854164661     
  0.199928521264326     
  0.199909426060124     
  0.199277062683627     
  0.199054355229020     
  0.199037231751191     
  0.200048541209977     
  0.199244022792389     
  0.198537042273921     
  0.198392573681181     
  0.199425579968336     
  0.199434163925359     
  0.200118347524383     
  0.199332929220780     
  0.201155145186266     
  0.200348921187975     
  0.196110403927962     
  0.199236174028775     
  0.200460821581397     
  0.200020041092330     
  0.199556391741332     
  0.199871571154727     
  0.199400125792601     
  0.195659403987150     
  0.199005411894987     
  0.199104604653831     
  0.198735698324366     
  0.200361803746614     
  0.200487034413328     
  0.200261427848161     
  0.198194335837554     
  0.200540637949146     
  0.198657697382058     
  0.200230377018340     
  0.199235495713940     
  0.200299026652115     
  0.198486884380071     
  0.199429862626666     
  0.200165553022152     
  0.200147134734822     
  0.199239987166371     
  0.199612877090879     
  0.199390284489216     
  0.193887053434169     
  0.199635142458796     
  0.199360958135797     
  0.201166493502692     
  0.200425422566907     
  0.199482735674568     
  0.199942445832909     
  0.200643447541064     
  0.200914456533329     
  0.199721351853987     
  0.199022214938176     
  0.200294200467924     
  0.200356940377489     
  0.199618727909393     
  0.198674498422461     
  0.199073469196631     
  0.199785400380272     
  0.198729240376888     
  0.200128863875904     
  0.199523037979986     
  0.199126761394185     
  0.197648653149392     
  0.199074400383661     
  0.198727803651742     
  0.198792000320594     
  0.197469618159289     
  0.198446099697803     
  0.198441957007341     
  0.198905353042947     
  0.198879772674693     
  0.199066881566209     
  0.199001240243201     
  0.199598608789876     
  0.199846087284178     
  0.198468924339309     
  0.198937281356877     
  0.199664440442146     
  0.200315730856551     
  0.198948262015657     
  0.200028635901053     
  0.198721713903804     
  0.199680281285731     
  0.199668037843813     
  0.199340583694204     
  0.199071974639719     
  0.199074907217606     
  0.199521384966089     
  0.200810539799028     
  0.199787732771576     
  0.199136977087102     
  0.198856170372862     
  0.199921257422894     
  0.199571204894093     
  0.199113359619382     
  0.198433052415259     
  0.199471548456029     
