         118
  0.198121139875463     
  0.199854396851395     
  0.200954526716229     
  0.197768219564678     
  0.198092508624340     
  0.198993605666503     
  0.200235238732621     
  0.199483666965223     
  0.186692962206219     
  0.199138785605604     
  0.199220223814804     
  0.198865621578013     
  0.198607244368880     
  0.198638397594276     
  0.199322388739413     
  0.199289715469439     
  0.199330512213375     
  0.199684273530891     
  0.196299787132824     
  0.196013191730514     
  0.199406855590557     
  0.199731033040450     
  0.200258030537793     
  0.198024912197899     
  0.198962197656663     
  0.199162304515565     
  0.198687721505796     
  0.199130869549795     
  0.199633391599952     
  0.198711029778674     
  0.176304874582201     
  0.199050576241702     
  0.198655551623064     
  0.198370321237042     
  0.200011544526201     
  0.199571291810466     
  0.198095269798727     
  0.175347254223211     
  0.199824351406105     
  0.198931432954815     
  0.199536820515470     
  0.199484313779983     
  0.197896277881130     
  0.198527689281078     
  0.197652988028581     
  0.196538236362705     
  0.199780856597244     
  0.199462687714416     
  0.200011893384312     
  0.197561438896588     
  0.198793226987207     
  0.199804131468758     
  0.199082963061887     
  0.200172732399788     
  0.199345715294890     
  0.200116104537581     
  0.199435139342055     
  0.199123875369624     
  0.167547291032155     
  0.200022129910074     
  0.199427486992084     
  0.199748229740905     
  0.201669261296983     
  0.199678351597389     
  0.200015300010590     
  0.200079039045601     
  0.199976641143148     
  0.199303548834913     
  0.198083116599646     
  0.199051094364563     
  0.199359850836432     
  0.199396531695389     
  0.199751679060364     
  0.198508050892291     
  0.200201009307463     
  0.199054587878110     
  0.199625184976205     
  0.199230089942141     
  0.199039074199229     
  0.199250252622880     
  0.199716390181972     
  0.187888413517016     
  0.200258422904860     
  0.199898322701525     
  0.198890099443761     
  0.186446824220555     
  0.199616721771008     
  0.198387074017200     
  0.199740924005548     
  0.199943248042620     
  0.200261594354166     
  0.199734168227744     
  0.198053241208664     
  0.200778963246600     
  0.199684433309686     
  0.198706742005605     
  0.200177518914592     
  0.199116338386260     
  0.199229311405183     
  0.199255023412492     
  0.199194470682262     
  0.198887202796393     
  0.199736569392276     
  0.200887991768143     
  0.201257071430818     
  0.200007753800074     
  0.199857170659420     
  0.199172326549866     
  0.198227534264982     
  0.199487723536660     
  0.200251182668609     
  0.198350089960906     
  0.199810762202491     
  0.199916868088947     
  0.198447418118475     
  0.200068628411005     
  0.199853385148699     
  0.199819049287706     
