# h / Lmax	F_rep (kT / Lmax^2)	F_att (kT / Lmax^2)	F_plate (kT / Lmax^2)"))
0.03333333	35.16989	-0.9303722	34.23952
0.08376068	25.05286	-0.4538578	24.599
0.134188	19.87822	-0.2987982	19.57942
0.1846154	16.37524	-0.2242393	16.15101
0.2350427	13.72366	-0.1798952	13.54376
0.2854701	11.58947	-0.1509116	11.43856
0.3358974	9.818545	-0.1293062	9.689239
0.3863248	8.559692	-0.1131752	8.446516
0.4367521	7.455505	-0.1005381	7.354967
0.4871795	6.472104	-0.09232674	6.379777
0.5376068	5.58565	-0.0846834	5.500967
0.5880342	4.778732	-0.07744972	4.701282
0.6384615	4.038245	-0.07173588	3.966509
0.6888889	3.354078	-0.06636816	3.287709
0.7393162	2.718266	-0.06156039	2.656705
0.7897436	2.124423	-0.05718818	2.067234
0.8401709	1.567349	-0.05324509	1.514104
0.8905983	1.042756	-0.05003639	0.9927199
0.9410256	0.547064	-0.04703059	0.5000334
0.991453	0.07725369	-0.04444259	0.03281111
1.04188	0	-0.04205241	-0.04205241
1.092308	0	-0.03982022	-0.03982022
1.142735	0	-0.03740404	-0.03740404
1.193162	0	-0.03506323	-0.03506323
1.24359	0	-0.03287108	-0.03287108
1.294017	0	-0.03076638	-0.03076638
1.344444	0	-0.02867271	-0.02867271
1.394872	0	-0.02620946	-0.02620946
1.445299	0	-0.02403387	-0.02403387
1.495726	0	-0.02175139	-0.02175139
1.546154	0	-0.01952372	-0.01952372
1.596581	0	-0.0173845	-0.0173845
1.647009	0	-0.01540828	-0.01540828
1.697436	0	-0.01325739	-0.01325739
1.747863	0	-0.01117594	-0.01117594
1.798291	0	-0.008953043	-0.008953043
1.848718	0	-0.00647001	-0.00647001
1.899145	0	-0.004338839	-0.004338839
1.949573	0	-0.002338502	-0.002338502
2	0	0	0
