# h / Lmax	F_rep (kT / Lmax^2)	F_att (kT / Lmax^2)	F_plate (kT / Lmax^2)"))
0.03333333	35.21595	-0.9485409	34.26741
0.08376068	25.08048	-0.4598087	24.62067
0.134188	19.89642	-0.3058371	19.59058
0.1846154	16.38706	-0.2294315	16.15763
0.2350427	13.73064	-0.1836288	13.54701
0.2854701	11.59257	-0.1530751	11.4395
0.3358974	9.818545	-0.1312301	9.687315
0.3863248	8.559692	-0.1148262	8.444865
0.4367521	7.455505	-0.1020496	7.353455
0.4871795	6.472104	-0.09181419	6.38029
0.5376068	5.58565	-0.08342851	5.502221
0.5880342	4.778732	-0.07643121	4.7023
0.6384615	4.038245	-0.07050268	3.967742
0.6888889	3.354078	-0.06542677	3.288651
0.7393162	2.718266	-0.06103914	2.657227
0.7897436	2.124423	-0.05719835	2.067224
0.8401709	1.567349	-0.05380815	1.513541
0.8905983	1.042756	-0.0507936	0.9919626
0.9410256	0.547064	-0.04809554	0.4989685
0.991453	0.07725369	-0.04566659	0.03158711
1.04188	0	-0.04341809	-0.04341809
1.092308	0	-0.04117374	-0.04117374
1.142735	0	-0.03892498	-0.03892498
1.193162	0	-0.0366718	-0.0366718
1.24359	0	-0.03441416	-0.03441416
1.294017	0	-0.03215205	-0.03215205
1.344444	0	-0.02988545	-0.02988545
1.394872	0	-0.02761433	-0.02761433
1.445299	0	-0.02533867	-0.02533867
1.495726	0	-0.02305845	-0.02305845
1.546154	0	-0.02077365	-0.02077365
1.596581	0	-0.01848424	-0.01848424
1.647009	0	-0.01619019	-0.01619019
1.697436	0	-0.0138915	-0.0138915
1.747863	0	-0.01158812	-0.01158812
1.798291	0	-0.00928004	-0.00928004
1.848718	0	-0.006967233	-0.006967233
1.899145	0	-0.004649671	-0.004649671
1.949573	0	-0.002327311	-0.002327311
2	0	0	0
