-0.15 0.126300000000000 0.127148310000000
-0.3 0.139000000000000 0.137679000000000
-0.45 0.160900000000000 0.160211190000000
-0.6 0.190200000000000 0.192823960000000
-0.75 0.220500000000000 0.221079750000000
-0.9 0.245100000000000 0.245425990000000
-1.05 0.304300000000000 0.305701510000000
-1.2 0.342600000000000 0.343425240000000
-1.35 0.392600000000000 0.397265240000000
-1.5 0.459800000000000 0.469183960000000
-1.65 0.543700000000000 0.561490310000000
-1.8 0.629500000000000 0.635629750000000
-1.95 0.721600000000000 0.712893440000000
-2.1 0.821300000000000 0.810166310000000
-2.25 0.984600000000000 0.970562840000000
-2.4 1.13270000000000 1.12229071000000
-2.55 1.31070000000000 1.30316551000000
-2.7 1.56630000000000 1.56940431000000
-2.85 1.76880000000000 1.76074656000000
-3 2.05380000000000 2.04550556000000
-3.15 2.37940000000000 2.31025564000000
-3.3 2.76950000000000 2.68316975000000
-3.45 3.23530000000000 3.16273391000000
-3.6 3.71720000000000 3.64942416000000
-3.75 4.29690000000000 4.19275039000000
-3.9 5.04810000000000 4.96438639000000
-4.05 5.73670000000000 5.69897311000000
-4.2 6.70280000000000 6.50047216000000
-4.35 7.71310000000000 7.37318839000000
-4.5 8.94520000000000 8.51919696000000
-4.65 10.2450000000000 9.71897500000001
-4.8 11.9065000000000 11.0547577500000
-4.95 13.6685000000000 12.7966077500000
-5.1 15.6721000000000 14.4387815900000
-5.25 18.0737000000000 16.4994683100001
-5.4 20.6705000000000 18.8923297500000
-5.55 23.6757000000000 21.2555295100001
-5.7 26.9794000000000 23.6885756400001
-5.85 30.8018000000000 26.7567167600000
-6 35.0169000000000 29.1266143900000
-6.15 39.7148000000000 32.9346609600002
-6.3 45.0303000000000 36.7195819100004
-6.45 50.6964000000000 40.2232270400000
-6.6 56.9168000000000 43.8096777599999
-6.75 63.7639000000000 47.3517567900003
-6.9 71.1413000000000 51.2607343099999
-7.05 79.1238000000000 53.9948735599992
-7.2 87.7011000000000 57.9903587899998
-7.35 96.5768000000000 60.3777017599987
-7.5 105.994500000000 66.1976697499995
-7.65 115.815200000000 65.9310489599993
-7.8 126.265800000000 68.3773503600005
-7.95 136.541700000000 71.8144611100033
-8.1 147.370600000000 74.1244556400015
-8.25 158.628000000000 74.8560160000052
-8.4 169.802300000000 75.0494147099998
-8.55 181.100400000000 75.3005198399987
-8.7 192.367700000000 76.3992967099912
-8.85 203.658400000000 76.0113094400003
-9 214.873800000000 75.6318735600071
-9.15 225.539600000000 74.7268318400020
-9.3 236.691000000000 73.4473189999990
-9.45 246.964700000000 70.5842539099976
-9.6 257.577000000000 66.7544709999929
-9.75 267.274300000000 66.0348595100077
-9.9 277.366000000000 64.1146440000157
-10.05 286.488800000000 63.5474745599931
-10.2 295.678900000000 58.1765947899985
-10.35 304.323600000000 57.6270830400026
-10.5 312.603200000000 54.1621497599845
-10.65 320.666100000000 51.9432107900211
-10.8 328.344600000000 50.5548508399806
-10.95 335.441000000000 47.0109190000076
-11.1 342.489600000000 44.0176918400102
-11.25 349.148400000000 42.5169774400129
-11.4 355.362100000000 41.8173835899943
-11.55 361.320200000000 38.5940719599894
-11.7 366.911800000000 36.8066207599768
-11.85 372.177500000000 34.1549937500095
-12 377.247800000000 33.2821951599908
-12.15 381.970900000000 31.0274531900068
-12.3 386.485000000000 28.8399749999808
-12.45 390.677500000000 27.7288937499980
-12.6 394.726500000000 26.5258977500198
-12.75 398.541200000000 24.4959025600110
-12.9 402.150000000000 22.8633000000264
-13.05 405.447600000000 21.7810542399820
-13.2 408.610500000000 21.1969897499948
-13.35 411.668800000000 19.3907065600215
-13.5 414.406600000000 18.9346764399961
-13.65 417.247400000000 17.2835932399612
-13.8 419.585000000000 16.0235750000284
-13.95 421.986400000000 15.5638150399900
-14.1 424.339000000000 14.6328789999825
-14.25 426.427600000000 14.0209582400275
-14.4 428.573000000000 13.3688710000133
-14.55 430.508700000000 12.7665243100200
-14.7 432.356500000000 12.1810077500122
-14.85 434.089500000000 11.5426897500292
-15 435.958100000000 11.2123443900200
