-0.15 3.570000000000000E-002 3.582551000000000E-002
-0.3 4.290000000000000E-002 4.225959000000000E-002
-0.45 4.740000000000000E-002 4.695324000000000E-002
-0.6 5.350000000000000E-002 5.443775000000000E-002
-0.75 6.630000000000000E-002 6.710431000000000E-002
-0.9 6.950000000000001E-002 7.046975000000000E-002
-1.05 8.459999999999999E-002 8.424284000000000E-002
-1.2 9.730000000000000E-002 9.803271000000000E-002
-1.35 0.110900000000000 0.110601190000000
-1.5 0.131400000000000 0.132934040000000
-1.65 0.159500000000000 0.157659750000000
-1.8 0.192300000000000 0.194320710000000
-1.95 0.207500000000000 0.206643750000000
-2.1 0.252700000000000 0.251242710000000
-2.25 0.283700000000000 0.284014310000000
-2.4 0.332300000000000 0.330076710000000
-2.55 0.390200000000000 0.389743960000000
-2.7 0.451900000000000 0.452686390000000
-2.85 0.514300000000000 0.511395510000000
-3 0.605300000000000 0.606711910000000
-3.15 0.687500000000000 0.695443750000000
-3.3 0.816600000000000 0.797164440000000
-3.45 0.944800000000000 0.928152960000000
-3.6 1.09490000000000 1.07209399000000
-3.75 1.26740000000000 1.27129724000000
-3.9 1.47810000000000 1.44492039000000
-4.05 1.70950000000000 1.67930975000000
-4.2 1.97890000000000 1.93165479000000
-4.35 2.30740000000000 2.29750524000000
-4.5 2.66720000000000 2.59484416000000
-4.65 3.06100000000000 3.00107900000000
-4.8 3.61810000000000 3.54665239000000
-4.95 4.16090000000000 4.07681119000000
-5.1 4.80170000000000 4.58457710999999
-5.25 5.58970000000000 5.51495391000001
-5.4 6.40480000000000 6.09533696000000
-5.55 7.44810000000000 7.06590639000000
-5.7 8.57700000000000 8.34327100000000
-5.85 9.87670000000000 9.41689711000001
-6 11.5089000000000 10.8749207900000
-6.15 13.1929000000000 12.6940895900000
-6.3 15.2221000000000 14.1397715900000
-6.45 17.4153000000000 16.0972259100001
-6.6 19.9009000000000 18.3988791900000
-6.75 22.9312000000000 20.4102665600000
-6.9 26.1821000000000 23.3823395900000
-7.05 29.8029000000000 25.7424515899999
-7.2 33.8909000000000 28.5333971900000
-7.35 38.5101000000000 31.6032979899999
-7.5 43.4760000000000 35.5962240000001
-7.65 49.0419000000000 39.7453443900004
-7.8 55.1440000000000 41.4730640000002
-7.95 61.7808000000000 46.7943513599998
-8.1 68.9960000000000 49.7319840000009
-8.25 76.5962000000000 52.1851455599999
-8.4 84.9544000000000 56.7485206399988
-8.55 93.5659000000000 58.5076571900008
-8.7 102.904900000000 63.8280559899995
-8.85 112.676300000000 65.8803183100008
-9 122.605400000000 69.9792908399977
-9.15 132.896200000000 70.6904255600020
-9.3 143.633700000000 70.6963243099999
-9.45 154.387400000000 72.1137212399954
-9.6 165.457500000000 74.9351937499960
-9.75 176.636200000000 74.8696495599979
-9.9 187.629400000000 74.6276556399971
-10.05 198.923800000000 72.1143935599976
-10.2 209.810500000000 73.2555897500060
-10.35 220.847700000000 72.3299047100008
-10.5 231.418000000000 69.9656759999925
-10.65 241.882200000000 69.5255231599949
-10.8 252.038100000000 68.6682483900076
-10.95 261.902400000000 66.1116742399900
-11.1 271.618200000000 64.8306287599989
-11.25 280.991300000000 61.6122243099817
-11.4 289.869300000000 59.2568175100023
-11.55 298.509900000000 56.3597019899898
-11.7 306.812700000000 53.6732187099988
-11.85 314.863700000000 51.5041223099979
-12 322.319800000000 49.3535279600183
-12.15 329.622400000000 47.7356182399817
-12.3 336.640400000000 44.4292878400011
-12.45 343.180600000000 41.9827836399927
-12.6 349.353700000000 41.7983963099978
-12.75 355.356200000000 39.1599215599999
-12.9 360.821500000000 36.9080377499922
-13.05 366.430100000000 34.7477139900147
-13.2 371.391500000000 32.7702277499775
-13.35 376.073900000000 30.6760387900285
-13.5 380.641900000000 29.3710643899976
-13.65 384.948200000000 28.4999167600181
-13.8 389.028300000000 26.6082991099975
-13.95 392.743400000000 24.8249564399885
-14.1 396.504700000000 23.3825779100007
-14.25 399.914800000000 21.8603409599746
-14.4 403.144000000000 21.3002639999904
-14.55 406.182800000000 19.9663841600122
-14.7 409.030600000000 18.7552636400214
-14.85 411.938500000000 17.3127177500282
-15 414.492000000000 16.2405359999975
