-0.15 6.200000000000000E-002 6.075600000000000E-002
-0.3 7.060000000000000E-002 7.021564000000001E-002
-0.45 8.140000000000000E-002 7.937403999999999E-002
-0.6 8.850000000000000E-002 8.886775000000000E-002
-0.75 0.115000000000000 0.114775000000000
-0.9 0.114300000000000 0.117835510000000
-1.05 0.146400000000000 0.142967040000000
-1.2 0.168300000000000 0.168175110000000
-1.35 0.191200000000000 0.194842560000000
-1.5 0.220700000000000 0.221591510000000
-1.65 0.261700000000000 0.261613110000000
-1.8 0.308400000000000 0.311089440000000
-1.95 0.353900000000000 0.351054790000000
-2.1 0.416800000000000 0.422077760000000
-2.25 0.472600000000000 0.464449240000000
-2.4 0.552000000000000 0.548696000000000
-2.55 0.628500000000000 0.642687750000000
-2.7 0.760200000000000 0.751895960000000
-2.85 0.858700000000000 0.854334310000000
-3 0.991600000000000 0.979129440000000
-3.15 1.16970000000000 1.16010191000000
-3.3 1.35330000000000 1.31007911000000
-3.45 1.57570000000000 1.53606951000000
-3.6 1.82770000000000 1.84581271000000
-3.75 2.13110000000000 2.05151279000000
-3.9 2.46920000000000 2.41605136000000
-4.05 2.85070000000000 2.83220951000000
-4.2 3.31780000000000 3.19000316000000
-4.35 3.81950000000000 3.76391975000000
-4.5 4.43580000000000 4.27767836000000
-4.65 5.09380000000000 4.97920156000000
-4.8 5.94880000000000 5.66277856000000
-4.95 6.85120000000000 6.76305855999999
-5.1 7.91070000000000 7.43332551000000
-5.25 9.16190000000000 8.96788839000001
-5.4 10.5376000000000 10.2035862400000
-5.55 12.1592000000000 11.4904553600000
-5.7 13.9335000000000 13.1862777500000
-5.85 16.0528000000000 14.8318121600000
-6 18.5292000000000 16.9877473600000
-6.15 21.1863000000000 18.9853923100000
-6.3 24.3075000000000 21.5955437499999
-6.45 27.7048000000000 24.5750569600001
-6.6 31.4273000000000 27.5093147100000
-6.75 35.8468000000000 30.1293297599998
-6.9 40.6492000000000 33.5043393599999
-7.05 45.9511000000000 36.8279087900000
-7.2 51.6241000000000 39.7865991900003
-7.35 58.1079000000000 43.9540575900000
-7.5 64.8968000000000 47.2621497599994
-7.65 72.2689000000000 51.3639927899994
-7.8 80.2813000000000 53.4533703099996
-7.95 88.9255000000000 59.0321497500008
-8.1 97.7033000000000 62.1492691100011
-8.25 107.188500000000 63.3801677499978
-8.4 117.095500000000 66.0969797500002
-8.55 127.195700000000 67.7648015099985
-8.7 137.652500000000 72.2181437499967
-8.85 148.606100000000 71.3983427900021
-9 159.487900000000 72.1796535899994
-9.15 170.690500000000 74.7039097500056
-9.3 181.881300000000 73.8724103099958
-9.45 192.954800000000 74.6835569600007
-9.6 204.061500000000 74.2669177499993
-9.75 215.250500000000 75.4401497500075
-9.9 226.010000000000 69.5837000000029
-10.05 236.652500000000 71.1139437499951
-10.2 247.055200000000 69.3379529599915
-10.35 257.139100000000 66.7489511900058
-10.5 267.089100000000 65.9591611900105
-10.65 276.386700000000 60.5111631099862
-10.8 285.696900000000 62.1472303899936
-10.95 294.588100000000 59.1508383899927
-11.1 303.346600000000 56.2944684399845
-11.25 311.449200000000 55.7580193599861
-11.4 319.248600000000 51.8123980399978
-11.55 326.865900000000 49.2713171899959
-11.7 333.680000000000 46.6215999999986
-11.85 340.616300000000 44.0522743099718
-12 347.081300000000 42.2628903099976
-12.15 353.111800000000 39.7705007599870
-12.3 359.031500000000 38.3595077499922
-12.45 364.544700000000 35.3302019100229
-12.6 369.890800000000 34.1796753599774
-12.75 374.673300000000 31.9051671100024
-12.9 379.413400000000 30.1755004400038
-13.05 383.847200000000 28.5468521600123
-13.2 387.893600000000 27.2866790400003
-13.35 392.070500000000 25.6241297500092
-13.5 395.853400000000 23.9007084399927
-13.65 399.327700000000 23.1543127099867
-13.8 402.686100000000 21.7055667899840
-13.95 405.811500000000 20.1275677499943
-14.1 408.741600000000 19.3720294400118
-14.25 411.566900000000 18.1985243900272
-14.4 414.221800000000 17.4218047600298
-14.55 416.754400000000 15.9098806400143
-14.7 419.051800000000 15.0145167599840
-14.85 421.235900000000 14.7730511899863
-15 423.649700000000 13.6179899100098
