-0.15 1.500000000000000E-002 1.497500000000000E-002
-0.3 1.870000000000000E-002 1.855031000000000E-002
-0.45 2.140000000000000E-002 2.114204000000000E-002
-0.6 2.380000000000000E-002 2.423356000000000E-002
-0.75 2.880000000000000E-002 2.797056000000000E-002
-0.9 3.130000000000000E-002 3.192031000000000E-002
-1.05 4.070000000000000E-002 4.044351000000000E-002
-1.2 4.170000000000000E-002 4.216111000000000E-002
-1.35 5.310000000000000E-002 5.408039000000000E-002
-1.5 5.580000000000000E-002 5.428636000000000E-002
-1.65 7.010000000000000E-002 6.938599000000001E-002
-1.8 8.950000000000000E-002 9.148975000000001E-002
-1.95 9.250000000000000E-002 9.214375000000000E-002
-2.1 0.112500000000000 0.111243750000000
-2.25 0.134000000000000 0.134844000000000
-2.4 0.149900000000000 0.150229990000000
-2.55 0.173600000000000 0.175063040000000
-2.7 0.212200000000000 0.210371160000000
-2.85 0.231700000000000 0.230615110000000
-3 0.278100000000000 0.278360390000000
-3.15 0.305600000000000 0.301608640000000
-3.3 0.363700000000000 0.355622310000000
-3.45 0.439100000000000 0.439691190000000
-3.6 0.505200000000000 0.509572960000000
-3.75 0.568400000000000 0.575321440000000
-3.9 0.669000000000000 0.656039000000000
-4.05 0.779700000000000 0.782367910000000
-4.2 0.909000000000000 0.890919000000000
-4.35 1.04020000000000 1.02878396000000
-4.5 1.22270000000000 1.19750471000000
-4.65 1.42810000000000 1.39943039000000
-4.8 1.63650000000000 1.62676775000000
-4.95 1.91710000000000 1.95422759000000
-5.1 2.20130000000000 2.15517831000000
-5.25 2.56740000000000 2.54245724000000
-5.4 2.96540000000000 2.91340284000000
-5.55 3.45410000000000 3.36369319000000
-5.7 3.98540000000000 3.84058684000000
-5.85 4.59830000000000 4.50493711000000
-6 5.33850000000000 5.18311775000000
-6.15 6.17270000000000 6.17167471000000
-6.3 7.19350000000000 6.99325775000000
-6.45 8.27150000000000 7.98778775000001
-6.6 9.51410000000000 9.27460119000001
-6.75 11.0852000000000 10.4489409600000
-6.9 12.7529000000000 12.1502415900000
-7.05 14.6662000000000 13.5817775600000
-7.2 16.8105000000000 15.5175897500000
-7.35 19.3482000000000 17.6199567600000
-7.5 22.1076000000000 19.6362222399999
-7.65 25.2250000000000 22.7281750000000
-7.8 28.7897000000000 25.3192739100000
-7.95 32.7433000000000 28.8852051100002
-8.1 37.1151000000000 31.1150519900002
-8.25 42.0827000000000 33.9988607099999
-8.4 47.5535000000000 37.7547377500000
-8.55 53.3756000000000 41.3833246400004
-8.7 59.9345000000000 43.9804097500000
-8.85 66.9609000000000 49.1743711900008
-9 74.4117000000000 50.9168031100007
-9.15 82.5425000000000 56.1187937499990
-9.3 91.1855000000000 58.6958897499990
-9.45 100.306400000000 62.1433190400003
-9.6 109.809900000000 64.5245619899997
-9.75 119.779900000000 67.3636559900006
-9.9 129.872500000000 70.7372437500017
-10.05 140.583200000000 70.1090777600002
-10.2 151.168300000000 71.1079751100006
-10.35 162.004300000000 72.0216815099993
-10.5 173.065600000000 73.4836966400035
-10.65 183.927900000000 72.8191015900011
-10.8 195.210500000000 73.2467897500028
-10.95 206.019900000000 71.7375039899925
-11.1 217.101800000000 72.9764367600001
-11.25 227.611800000000 70.4329007600099
-11.4 238.134200000000 68.3943903600011
-11.55 248.395200000000 67.3608169600047
-11.7 258.263700000000 66.2483623100270
-11.85 268.073000000000 64.9840710000135
-12 277.335700000000 60.3084055100189
-12.15 286.422500000000 61.5165937499842
-12.3 295.076300000000 56.1832783099962
-12.45 303.532500000000 55.2359437499836
-12.6 311.438200000000 53.0895807600027
-12.75 318.942600000000 50.9741052399768
-12.9 326.332000000000 46.4253759999992
-13.05 333.366700000000 44.6584311100160
-13.2 339.983800000000 42.5489375600300
-13.35 346.361300000000 41.1153623099672
-13.5 352.193100000000 37.7046123899781
-13.65 357.855700000000 36.7114775099908
-13.8 363.236600000000 35.4456204399758
-13.95 368.403300000000 33.9354491099948
-14.1 373.386700000000 31.1847631099808
-14.25 378.069700000000 30.1042419100122
-14.4 382.322700000000 28.3389647100121
-14.55 386.489100000000 27.4798811899964
-14.7 390.278700000000 25.8510263099743
-14.85 394.106600000000 23.9484364399686
-15 397.407700000000 22.1872807100008
