23.7171 23.7171
   18.8984788314135        7.93701167620181        3.24324969167746        5.61388016960190     
   16.3421705564931        14.9236785492105        12.7559982214908        19.1964255106180     
   21.9254573176276        13.8582400847309        19.4619879412052        20.9455834336599     
   2.73756692177311        11.5470331450579        6.38771480942544        1.51531541979489     
   10.6753439810931        5.17466415713735        5.90737730989811        6.37213647547355     
   5.34250351418934        20.6350146501873        11.5152135695262        18.1067739492315     
   7.35144427270620        20.9787676951087        1.72793427188258        23.4236014460545     
   11.1675049857064        9.58117503502112        6.38386174601730        7.68121194109182     
   1.29044266744028        6.50679581202472        1.35521399197373        19.2176491617774     
   5.47589922666439       0.379526745702180        6.68121194972165        18.8485536737776     
   1.09416753242266        3.88422007604776        21.9432653688063        5.01692248349981     
   22.5528077021646        15.1591140098736        16.0146629940995        11.4255619995098     
   6.97191752700402        19.8845987490367        6.59648059810499        1.48033607724819     
   7.28328490965869        10.7454673328565        1.36693926251748        15.3836475333430     
   9.84842724391735        23.2519768713714        13.6467505788146        12.6211671500231     
   9.30840047762765        16.8133418360435        5.20087445882414        17.4816129976108     
   14.0658001995662        17.7528928321304        6.55961642181399        15.0872704910359     
   23.0179294171439        5.85071353224595        3.39349443042714        6.22468754068568     
   13.8756756909605        5.81879713582126        12.8319661868449        18.6378196554342     
   13.2474906638790        11.4446365020633        9.99676735783225        11.9901516892665     
   3.99771371167139        9.37630118041085        7.42206303812890        23.5063009631782     
   3.48960192815707        3.56584975851521        10.2801548033899        7.48484563977853     
   2.62116369750289        13.7551777068097        18.2865647325475        7.66520745290701     
   13.6416282367331        2.36111019043956        3.60429346724896        19.6616327372957     
   10.3098245187960        3.19763343831838        5.34712054706635       0.351254922886727     
   23.2094129570693        21.5201082653302        2.33155849127593        8.38585680836824     
   1.63660352123183        22.7835752479655        11.4775303008332        18.1591790024625     
  0.291968489838694        4.07353680144594        9.92889988050321        5.15328573485328     
   4.81815543217268        12.1185741855779        9.90070651052991        19.9047771520738     
   14.5751515751182        2.06914028695155        9.16221305113713        9.73273285679253     
   6.23628771735005        22.0965780061457       0.193834812213073        14.1676469987075     
   11.0908373578421        6.94495527656268        6.14388133920208        22.9407437572311     
   23.2845618206310        16.5472875306155        1.74479603039131        17.9653441902494     
   1.91249048369300        16.6997980299545        19.4783514681464        22.7265029820019     
   21.5902987419607        12.5511109512976        10.6770613396495        18.1599797080332     
   21.7449640445027       0.156648389609232        14.9139674472384        13.9714813886461     
   13.2535882737462       0.506277850535702        1.18443041656187        3.49058565905800     
   22.2568264065445        8.91708981841063        11.7010002175196        8.02677489634340     
   23.1279134310217        3.29369784321996        11.4904146417452        16.7809137736876     
   1.40621263315729        18.1600716234100        15.9877658090884        11.0255013508330     
   12.6732089235500        13.1402975202759        2.65028644330609        6.66956365263870     
   18.4512662012828        22.4675343428026        21.8501536735508        21.7008141659084     
   18.8106152366868        11.5501675133363        13.8760276520795       0.840297802102595     
   9.11652888626865        14.1829236171279        5.03143656488085        9.89371980914325     
  0.660377674569790        8.20018119288381        13.5067004758368        2.90488470795869     
   13.5731451198210        9.04354273714139        15.1474665933365        5.99406478595215     
   22.2073853064222        12.4799184320567        16.4736652205135        16.8799631768019     
   10.2510835947496        8.89438922298166        18.9452689655921        6.55334757257193     
   9.76707249954545        13.0598822069142        7.88196286612740        8.08373116793976     
   20.3537090405626        3.93183860872892        11.8685719744296        14.6655508435511     
   15.4830870379388        22.1502086933384        6.95335148961553        18.7400204281820     
  0.513261499257470        12.4069336965788        7.06373542539672        17.8425913978732     
   18.2755452840439        20.7139313941179        1.80811437696240        9.92661027353707     
   11.8179749014113        8.38112772372419       0.205247123760846        23.2067121471752     
   21.0772373893173        18.5014355092209        13.7564700546049        6.27561537732804     
   23.3568776464447        15.8309637073177        1.94196028724322        14.4603023061410     
   7.10195931421461        1.07296989037172        7.46373934244032        4.98355037357712     
   5.72892599003656        12.7671560501341       0.788118634419356        15.9006296969807     
   2.44458157672628        13.6119706662540        11.0649120708214        2.46287093109674     
   10.7450050110395        2.65220032003831        18.9387967501837        22.4185935127559     
   8.31008133918318        16.0568525188453        21.5729403576242        18.9278033065066     
   9.74490556654133        5.08595728262878        23.1961893561465        19.2386055559572     
   4.44975758052698        16.4799871375392        8.76224582968447        7.12770860230362     
   13.3891720575419        3.02224906994349        5.57741391426343        16.4215403408342     
   21.0757228804482        9.16221167207770        15.5434051012149        17.4177251014123     
   17.9821164598510        12.9801282624964        11.8110867342308        16.8411781848431     
   5.28783226923969        18.6982296383971        5.15140001678998        3.38439679164238     
  0.582693894463635        10.8209408227778        5.77846425473421        7.42751740807711     
   15.1867293180306        11.1921534546502        15.6381662311921        1.97630858551364     
   18.4080424191448        2.43955517547986        2.19301570897174        10.6430760861000     
   10.2547820576704        17.6925823540471        8.11588769313779        1.77955745657090     
   6.78996300520082        18.2891858433516        9.83477814871715        14.6481610622220     
   2.84827709375984        8.44344616707738        18.2254239306900        18.9856090985046     
   6.60721012676723        4.03097781757695        3.99890538451399        21.3098392593600     
   20.6146420610297        8.34387636089036       0.990003755320694        7.46798465482366     
   9.96459483841812        19.5494436350633        6.92450661046715        6.64416928793668     
   6.22380424009347        20.7950388793680        10.5231484337778       0.789552287600883     
   22.1631866443104        8.32459100493344        2.36679208024417        7.72365445175489     
   7.01593345869653        2.21964192698392        11.5812532291040        8.46246066472676     
   9.52927124739920        5.58489117326650        3.20935168326378        18.9430457654665     
   12.2900510560963        1.32794148854451        16.9834493035658        19.6038314257197     
   7.74495149778488        10.0201709740148        22.1791459457404        3.43481760467290     
  0.638913066826970        8.50498640962241        15.2972026683114        7.52320298403508     
   20.8352437421166       0.579638093499238        6.48006065452449        9.26160850601450     
   20.7128610710324        1.58072886015695        8.14643421078176        16.8823579964154     
   1.02428342412747        8.46674601750056        19.4032486992287        12.4629836972927     
   11.7104129625971        4.33218041751209        7.72184079755130        11.4573958012886     
   6.16422263762793        8.99588754988732        5.29678794932498        7.74866890544420     
   15.8892656356771        20.5116734470253        2.83421755736937        23.5184607728345     
   16.5030619109552        18.1325140422220        18.7397648532359        3.96481914304020     
   11.7169735211451        9.40856322447985       0.397765305337560        14.0481390253967     
   4.22970997710212        15.6807826928960        19.6018865127449        17.4403174304075     
   17.2949975067258        16.3323068963670        3.75702024086177        11.0596290823017     
   20.4727594131481        4.76617615913588        14.9657475102789        11.8638823926993     
  0.208481529131744        3.21667452665027        9.11100012696192        19.7614405319727     
  0.170755014588208        21.3768546290739        7.68013577093417        12.7161702191119     
   6.95079594835989        9.20008028169879        12.2509829126383        4.93713889843480     
   1.01303545045185        15.5100262646585        23.5575459807722        9.76018165947328     
   19.6352428776519        9.38150953435779        14.7579486081005        22.5257461696634     
   11.2726777178000        3.75314070868404        10.0286086118441        12.0234364119270     
   8.41555385082392        7.29853023534909        23.0679170538393        5.00349051022285     
   14.5063454802304        10.1041754976246        8.87148818762142        2.68756160726780     
   3.19765523967585       0.784526430874864       0.227546500711251        5.58632184459548     
   17.4316038014534        1.00368078442808        18.5540540569001       0.888693471851857     
   9.53106738002725        6.18385429468194        12.0703870008327        22.2981996689522     
   10.4881512869251        10.0386369072306        4.44228676724866        17.1864809413776     
   7.41187165274652        21.4845628553218        22.1792235819875        16.6502020957408     
   8.32248977189916        23.3331227970502        10.2903885186692        21.9623734263698     
   16.8761169187959        17.0897533644790        6.75816414568428        7.12419684895869     
   19.6641395324823        16.3982910125289        1.90385054750992        14.3154035395333     
   9.91504316932775        13.0248359622367        13.8251121608136        15.5400341096186     
   17.1154979224461        14.0915959610990        21.0351885046407        15.2826289802184     
   14.7306806402176        11.5695196859941        7.86381862880484        2.82508993492726     
   19.0147538096625        6.21762346095477        18.4674529954013       0.927184921729166     
   2.78452095769692        2.35907131061211        15.1926351654659        22.9774782201538     
   8.09461843283887        21.1006357892171        22.7958606125827        19.5650491304826     
   3.69741829472366        10.2403150045398        12.8979272390844       0.347398944152713     
   14.7564266118340        5.99697611461082        21.7748102844868        16.2038683676357     
   17.3471434373511        7.87209997762110        12.0158680846729        13.6442626958429     
   8.77443739147338        15.1782968491208        18.1200540512486        2.86947322359304     
   20.5046434294368        8.72902645961164        22.7058653841808        10.9616087218316     
  0.222518455217764        12.3261983977437        9.15159791673981        1.44499507923402     
   12.2362214456029        13.4527715751030        10.0284526018420        1.35863214632259     
   6.02739873857301        5.77445765939306        10.8132015626552        7.05227045089594     
   5.02094503960739        19.3529785320182        10.5708730054389        3.61580868035149     
   19.0387658163704        9.15089811054778        16.7614204912767        15.7733716609379     
   14.7301843563944        3.70808142000425        15.6535949332849       0.390735716392778     
   4.58663992319954        17.0045325813733        5.53578782273900        8.40067317430799     
   3.08532192140577        22.4396858050593        17.9721809409042        9.42213579938842     
   2.31931590491944        1.18781773619352        10.4224658462624        1.51648262815695     
   11.7335124582340        16.2676566106125        2.17019841748155        9.36072773944733     
   20.3161785976618        6.83158220562833        7.33928327823897        5.35090581467549     
   13.5423666202009        15.6916689617702        14.1371123051279        21.9376358852619     
   12.0360818989378        20.4054525700622        19.8921586696423        1.06138848241970     
   19.9708397157774        8.89731918485838        12.6212737125794        19.0021234942605     
   10.3447455294999        12.8688344236064        12.2019285473512        5.34142254486528     
   15.0451584745225        20.0139168948350        1.10880852141253        20.4565526132187     
   11.4188579991541        20.2039352624791        12.0542597839785        16.8660758536750     
  0.673530782945125       0.646510487247685        8.79568976026263        20.8288273638494     
   15.7392650041027        8.98659315725877        23.1527046427744        12.7242286984412     
   23.4840030396490        8.22378698826393        19.4722964452550        10.2064337339979     
   9.69823504225224        20.8466680058544        15.0902011835018        5.90581648844158     
   6.05856390361443        20.2470124415367        12.1016798229713       0.984254754314317     
   3.19507101089019        10.5057002202269        1.84782604998059        1.77587467017322     
   3.54396277709076        18.3050465836333        2.88987185817173        8.72714612722875     
   19.2093525625661        5.79152214636857        22.1684484748107        10.8764026484606     
   12.9783028194222        4.67982421117317        17.6964217750818        7.31656187582614     
   15.1102884586190        1.63731544328828        6.36305364262372        7.45446801363085     
  0.267040343596539        7.26870962211448        1.22527717451066        7.00493297923252     
   22.2323453860677        19.1125103479585        18.2483627605051        19.1299196139002     
   1.90664592015316        18.0380048263874        19.1525038445409        7.50186895271808     
   11.9406429404516        7.27627676030087        15.1635154955782        16.3451384743062     
   17.5828910578143        2.77317687737069        22.2836007475323        11.8811580312853     
   20.7893822185823        13.4137710891873        22.5782832762563        16.0080511044033     
   16.7078621696463        13.4029171506509        8.59723728655515        8.43843081805090     
   19.4591670950477        22.0402281293763        6.36720472921987        20.2687349239945     
   12.2099734173165        1.33014265674105        3.14445132648825        22.6217316661629     
   22.2548243761514        11.5342096652532        6.72508326387799        9.97793233143700     
   19.2597629284380        14.2803034600542        2.01486440988844        8.73670529114769     
   19.4592395618412        14.8760452993866        23.6736516100934        9.28296642687600     
   5.17365250439316        17.8602528085635        22.3364049551182        6.42356499451314     
   5.17886363499348        2.58098715388574        21.3475994380722        20.3121833139012     
   21.0510267042806        19.8735887386986        17.5785834859629       0.285325297395457     
   4.39457156758792        6.35534603025970       0.301518269364856        12.3474328933648     
   16.6787743609030        16.9463753421243        5.41978109598729        14.8752203915354     
   23.3027494094933        10.4814737317987        23.3883248990486        8.98144815751114     
   22.5354064741335        1.18147844766054        9.98897064810402        1.00378389852585     
   11.9495882928692        2.99533774439240        6.47237763288742        20.6409570012032     
   10.5695515588326        21.0552822645651        8.59713532845179        14.0134532356421     
   3.21309170627806        18.1228563237412        23.0148343708390        5.87505384682807     
   13.6834366165106        6.37682236964241        8.49592409478406        6.27808506308365     
   2.24746714492823        7.26838202552061        9.37487166340649        9.68371378667213     
   4.41254873674293        11.2151418311500        4.11391680127595        16.2249583900925     
   5.57276450957744       0.747870599464173       0.194292569803772        11.2660853377967     
   3.30116953331197        16.6427321141729        22.6305215417797        9.89953643436617     
   15.7150498751281        12.5500918141638        6.78987456709722        5.68076127702430     
   12.9355660170464        3.07565142268112        20.9469387569873        7.36466352130399     
   9.32183361710605        15.2704307367432        23.1924338153910        2.89383780592559     
   15.5795569225792        21.9966744004543        22.1502541106023        18.9951182194558     
   2.49711167324700        15.1431355687088        16.5467290484998        11.7907501087564     
   11.7478373829194        1.06317519159370        19.7366823222047        11.4663823237638     
   17.4354740610245        10.0529787272674        11.5118549339921        12.8511322285245     
   21.5095290346883        15.0449140397617        9.15618723458160        11.3450797854499     
   8.25865701186304        21.5520566757187        11.7260514916272        15.0990814582842     
   5.52657678166239       0.487145365766001        9.29912188207781        9.83893098487421     
   11.1692976334853        6.88447855684576        5.20164784940053       6.469861712924101E-002
   13.9128807072007        19.2536984099313        4.63759945027126        2.16725902803671     
   16.9483286952585        22.6007810937821        1.67292394911789        7.64948296547467     
   14.6250504778425        1.13203333256097        9.09148861745236        6.70748033517867     
   12.7220586019317        4.60372798046024        9.55879104994114        13.4261575091663     
   6.64289568788027        9.57919488792349        1.64963750295382       0.747440953772524     
   10.0372643009244        17.8795185412647        22.2112675142219        14.2230061535388     
   9.30915131309115        12.6108013084017        14.9285419411050       0.517621525082889     
   7.36913380733500        12.5635167928578       0.925482995345364        9.15531545125281     
   20.4626305229285        15.5399806058205        18.5855810502643        15.4960369804244     
  0.111255879880704        20.9516941731252        9.04116952485825        12.5006731001716     
   17.7964788950225        12.8336629513457        16.2114206380517        5.87895848985894     
   18.2143822814545        17.7682626613840        6.71522912014816        5.18183662868053     
   12.0745571399659        18.5314224133792        2.42786742728405        8.02329947338188     
   18.2525694423400        18.0662330977539        18.7636230918371        2.44008491745532     
   2.69436786154450        3.46542346585459        13.4037444215837        13.0681695531403     
   5.29693346650148        2.69912473078524        1.01786863782705        17.4541500083345     
   23.4473443836192        10.1392950898012        13.7713343069470        16.1923140682752     
   14.7489574019506        12.4713277812332        17.3641595670078        4.16396799085348     
   9.37543240918067        18.8011766161106        8.69081741894955        17.9690637527855     
   8.11327293888951        3.31727569580330        2.57130902356188        8.79302535044748     
   13.9401386666620        17.8070910566739        9.23977501708092        4.37735072054145     
   10.2128568503908        18.3029503782464        6.76590347139222        14.8828395711233     
   20.1300686878160        19.9162564231392        4.97830895649956        6.95253763754497     
   20.6589663452767        2.25847093084236        12.9868074328171        21.1151645194613     
   14.7895806172849        22.3882065146454        17.5250764341769        12.9907533826366     
   11.9141165157503        6.37540793687726        19.3358699723676        19.5233165039811     
   11.6816663221703        3.01750902573964        11.8417104976197        10.5693742863645     
   11.5417489220961        6.38883244884676        17.4922486751063        19.2640695987557     
   13.7546593372894        8.23458868731956        9.17209245251846        18.8279271399253     
   17.6414559058877        14.4338220087462        2.41743314645255        3.62291443070567     
   8.40074816843820        8.63354576370669        21.9781068354212        3.81866093011816     
   3.67952782843077        12.4510520309895       0.507942832442276        17.1058819438792     
   20.9649443134241        18.3338608573014        8.21879465326466        12.3083660372940     
   2.90820174474013        2.70930462041599        13.6735877449881        18.7561267663134     
   1.30360730629986        10.9867429602462        15.7833105086392        10.6091310730113     
   23.0246950485863        11.5256188503568        13.8261656955093        13.6664266857176     
   5.69144213437289        7.32993845740683        3.22198006910780        11.7524504214789     
   16.4098834545353        13.1434555687539        13.6159103457816        3.27971483472062     
   9.43932546306731        12.6424173092792        18.2694679675471        9.08638596818616     
   19.2953632873333        10.0165211658807        1.92113590985987        5.14021500688248     
   11.8772517375460        1.54741749717885        12.5035942602693        16.0567631054642     
   10.3822763256577        15.9473555630235        4.73977972732312        11.7452893622084     
   19.3920209684922        19.1697853062115        21.7988636485760        22.9659547475603     
   14.8624645437071        2.76117782944682        21.2762472403174        22.2570351073975     
   17.2090684863945        16.9674963407870        6.52417719168940        11.0046209059608     
  0.125576567472452        18.8711552085242        2.67228116229957        7.58106635291577     
   9.11607249444984        8.05544759713501        13.9636591528718        9.53258450012551     
   17.1318799848707        15.8217775819017        17.4522574077130        9.07300819990881     
  0.520865759967944        10.0537128117617        14.2177972956602        9.00229559468850     
   6.80701694657212        9.34639784457612        11.7436627401919        4.80477628603522     
   1.38729090449282        16.4466291671698        21.1682689917806        20.5039236103006     
   13.7889623420614        12.0641368483028        17.3870841539617        19.5545036127239     
   23.4867732362244        6.66815669264219        9.15888145318725        12.0814155083449     
  0.685249404051595        2.03281382619094        20.6654337974124        15.4030240459471     
   12.1738274980158        10.2840381618880        18.3803922692870        23.5605127278519     
  0.138858840280608        8.66114702687520        23.3793472318470        7.85644248862286     
   23.0715756646526        4.27280166915397        5.76524353218420        2.12353134101357     
   3.50492418017347        11.9252765943729        17.5436714261098        19.8922563808769     
   14.8256247956999        7.31368102798963        1.30243896456438        6.31617056251140     
   20.1295477348976        22.2449896460175        18.5419010427495        21.5764512061879     
  0.248549489993617        19.1755119525388        22.2052358884101        22.2580723496382     
   16.5422778122910        12.2486992919776        17.0631752556862        13.0316400322241     
  0.826584604985770        4.02425076551103        7.90589232599626        3.63539545260347     
   8.04651081398538        19.1000973684326        19.0026976628222        2.82907971154137     
   2.57692550372230        6.48709500935454        11.9878989323403        22.1273782365151     
   16.1052955557373        14.1984788320321        14.9065055901460        2.57375354336569     
   4.86555212156103        16.5985864488165        19.3761547632194        10.2701734172979     
   10.0551828029364        19.8605023225910        18.6528970191711        21.8422330284288     
   10.3452043593044        22.8757986439500        5.33213736898125        7.97633927573473     
   15.1650229515196        9.04491456549615        8.73252283187500        7.89328269237028     
   6.43352176748201        19.8589892364009        13.8627644902622        16.7952394538846     
   16.9465969117873        22.7505558805125        6.93016490076194        17.5583292978414     
   19.5377361424156        10.1650646813345        11.4828706571998        20.1245089270357     
   13.9132921528863        2.91390541080369        1.85765615163718        14.9120681276668     
   11.3117484787919        3.33806108788511        11.4909066574906        20.2105686185349     
   4.99995685653581        18.8487209989606        12.3251139048393        6.03562512708378     
   3.51961635667832        8.54723934395967        22.6677963625954        5.30433279639402     
   13.6085358239022        17.7505976103274        10.4366962822270        5.23321539300208     
  0.689015143454986        6.64544832465614        5.44724553011603        21.1738125644403     
   5.36605139527726        13.0224681732522        20.2704233552432        4.47537043179049     
   17.2782508684645        2.64904594443012        6.25768985083915        14.7633230884189     
   22.0716085318797        13.4826681900340        14.8683999267496        9.48230177184062     
   14.2142467697768        14.9860884754952        18.1924245171556        22.7637415319055     
   10.9594884658227        19.3960876647984        19.3904731938081        14.0819140526031     
   10.9234455397717        16.1483001412300        19.6820423446261        2.98138663363544     
   14.0970629197821        2.06297829378015        21.2237804096883        8.80199723798236     
   21.5992617900168        15.4426989910091        15.8928743845867        18.7983793301435     
   5.92330697700033        23.1027052702519        11.8870132931142        11.9756199485030     
   12.1512670623473        17.1039266854784        9.39042727917321        6.87086573366952     
   19.2338894748136        13.4727806877980       0.592092450015335        2.19490075948893     
   11.5378402695197        3.99703307888268        7.70642098247377        17.3080593544622     
   20.7102348206544        6.54618881896655        14.3529132623695        8.20990337431771     
   8.12648110221877        3.90485872148939        13.6979736250978        11.0919583476697     
   1.92627389811765        2.39246903594820        18.2960539386520        21.3398066861335     
   5.60507682973146        8.97744558325959        1.18052390485550        16.8899921085717     
   15.3290293396749        11.5465053760311        13.2172341023456        7.61594682083696     
   9.14536981992222        22.1090548355019        10.0837142963402        16.1275340359574     
   11.7327892373948        14.9342580656424        21.1800211537977        18.7097678583227     
   20.2970743125384        18.4765889015672        6.08202539061150        1.00824263768016     
   3.53431906261575        14.3767797985534        2.16851848904525       0.159784118686520     
   14.3879187640891        12.3974698570719        6.18785463288343        10.8079653043109     
   20.5695404381077        8.01218631341531        12.2089900510162        5.44742833179171     
   18.4856900213688        7.72113607141280        9.92392876400438        9.93967940307397     
   23.0524193803229        18.0818176275346        10.3720544358375        6.50077639365727     
   12.2848879991231        23.7079988801983       0.634597058819788        14.8014124600265     
   19.5302815775536        15.0414590045812        15.9459376723220        13.5048282691997     
   20.0231997229051       0.112580444299487        23.4041768255768        10.1733682454911     
   20.5786415579094        12.1990033222124        21.1246761773404        13.2185892458204     
   3.44422960313833        11.4150349348583        20.1362004948046        10.2526011638478     
   22.9398375223741        21.2202760696253       0.198686190346322        9.09319880266757     
  8.588326326139355E-002   20.2637678634107        11.1331078129994        18.3823119652218     
   8.11524522904598        15.8187214822071        5.69333650847416        13.3061406652041     
   22.5200236532799       2.669718103809347E-002   14.3109766092599        22.7573604324918     
  0.314872280849357        4.08375809316638        2.74236421211857        7.52525273734627     
   11.3426081209313        12.6121112815784        6.83005841595123        19.6587231409385     
   22.9131389276867        20.9054023751266        1.15842575785455        6.35083459054900     
   19.7192251700950        8.92115974247941        3.60785366200378        11.5522535492706     
   19.2202339474675        16.6226811408710        9.75171195388630        12.1477134937002     
   1.61462127815329        4.02457201094308        7.96014201871095        19.1495053568387     
   15.1108125383699        8.58062273204952        14.9072092491987        21.4906393698106     
   18.4370255664109        10.9974885897758        18.3994435086017        11.6985811222276     
   18.8885669167436        5.79458842310733        5.72602040101587        15.1607253413503     
   11.1386010243962        14.2012327624192        5.83431429219313        16.8699086270196     
   8.22274394404237        21.4512128104781        21.7702308316587        6.42169167903504     
   19.5371328550460        16.6030695728976        16.5165152637113        13.3151896509962     
  0.909579775950772       0.357877374357833        21.7544006221791        23.4375085381519     
   20.7029113422835        15.1774557347299        11.9777504159173        18.8991644448670     
   2.28549593019671        4.88500723350723        16.1279307500196        17.1234247191713     
   10.7807222363890        17.2154200064864        6.11390575404121        4.89215679745294     
   16.7623882093125        19.1657168802814        2.87106497314243        14.0108609290154     
   14.6521242078894        5.82234592285926        23.1101905445400        7.20128389695502     
   7.41125976946441        7.31258916504534        16.8622424110768        20.5664421513602     
   1.53719446200210       0.525330113191147        21.6839894869019        19.5060739003269     
   20.1802485936881        21.1908474640428        8.92664543941531       0.261180894445115     
   3.46813307134368        15.6782241308349        9.26456360268103        6.92526731055101     
   16.2370566824720        22.7025668729439        7.08209107281551        5.08421407595076     
   17.1783767438466        2.35421285151558        22.8490082364456        21.6538202942740     
   15.4501342249802        14.7926324825733        9.93697368687648        13.4843496648953     
   2.55172758905815        7.06405336934456        16.5997739973019        20.3741642502320     
   17.8260343285232        5.74071182541334        10.9899251451413        14.0413072075686     
   12.3925991751210        13.1264951281275        19.4973125241364        14.0425933132492     
   9.17300189947815        4.87653113077140        10.4250268225835        17.8113889308094     
   11.4376635047839        13.6787136763945        8.80770102887698        2.15650635648830     
   2.32363909685269        5.61962916944584        19.6114803736273        3.05932284231181     
   21.3922964582868        19.3434884509113        22.5054836528431        11.5664618077057     
   4.14732065212870        3.41707272856065        8.83341878865303        18.1469268339413     
   6.77296859202589        15.4512986698407        16.4379896818246        15.2542082467567     
   13.5466120349175       0.729209064993378        22.5756636012285        8.97797014215640     
   8.02059077622327        6.90574367071933        14.3778741949357        9.43561667466374     
   10.5894390133627        15.7901171345283        4.35727071322127        4.20075782743397     
   20.6630859796441        11.3228976746880        13.5275135106867        20.9056876127700     
   20.9586755677600        16.5447323015487        23.1149007003400        13.7896547070707     
   14.6999514574976        18.5053126901967        12.2372304407413        1.72669332242071     
   2.22371436022949        3.48763349723333        1.66997598845851        9.58016802816712     
   15.1929570610253        15.9228922132218       0.588218074215639        20.9154848202732     
   15.8012249095167        13.5664027742988        2.63057597715124        2.53078183897547     
   17.1754524824107        19.8470406136628        3.94734548251958        20.3174681249051     
   5.03578335453829       0.743507392031995        2.19941588006680        11.1590787299195     
   1.13354868319874        1.32986020778593        9.70644860176579        21.4964478399011     
   6.09377233291741        22.1689487290457        5.06960644990413        7.38075073445100     
   14.4494496689933        14.7893421163737        13.1462393442962        11.2090362185074     
   14.4713647017308        7.47262902773210        4.85122813725010        21.1782753890713     
   18.7236023397157        5.39758953102015        20.2836933344193        7.17122878060889     
   13.9635412381646        9.98924127665192        14.7074782479101        6.30784917902006     
   17.3780196554666        6.32335645442091        12.2452717990451        1.21275309183255     
  0.696182801897255        8.20540607723179        21.6154776692952        16.3903724865409     
   4.46020697869204        21.1284224609070        6.83839016527610        22.6808630058129     
   8.14800683366052        6.77644622583484        3.63847504541755        23.2798977197761     
   10.5181948488346       0.937382552328115        3.89332084787837       0.332838615332787     
   16.5522187772576        1.84123302934208        15.7437138284479        2.66937413360251     
   10.6015734296318        19.5222601919370        12.6824740792690        21.0365308303049     
   23.4758988359198        15.3702872999742        21.2826376403131       0.646657244443704     
   2.61897394934996        10.5268490312752        4.16901603167360        9.99838892654386     
   12.3428466417235        7.01764597626570        6.31904280146336        1.99725866581363     
   18.8650075488603        22.0355086029782        3.24666218978534        19.8809211700099     
   6.02536833233300        13.2154863876186        5.74532490190401        20.0674299184898     
   3.58392603971679       0.657252643076684        10.6852154134554        17.7898686405195     
   1.44039023294167        9.34491896764124        1.40171647030327        18.6184323425397     
   13.1205861480821        6.94292157790913        7.81868469953445        23.0302735130884     
   11.6855925849975        5.57725432967471        12.2462741609438       0.595542195510368     
   9.52008858121909        8.91492104124677        8.34532984724564        12.0622364704754     
   22.7995467544239        1.52989238897176        6.43214997516624        7.82115575754598     
   21.7237717100421        14.8542640618576        10.0896718042957        9.44453737962456     
   16.2425691916949        10.2624707995681        13.0565785861785        12.1862809537241     
   11.5906937591103        8.93624845421773        23.7146289419885        12.9406002951434     
   20.5484285231399        13.0517851379798        2.80173536766996        11.2560621956825     
   22.9747163680017        21.0413258684872        19.8761474798722        12.0647061148376     
   13.8632968865568        4.69856245218254        17.2086496800228        5.01941897622670     
   8.67198657206225        15.5966462802066        22.5507096086132        13.2854884861031     
   18.9183419095584        20.1162739130112       0.991871057691585        18.6947298600520     
   6.89212989327843       0.264261882155482        18.6952099657618        14.1069906865302     
   4.95178082928403        17.8505418147721        13.2333468815669        10.2641897243416     
   2.85844245499047        14.1491959752087        1.18141761982020        17.0865961490759     
   13.5990335907520        23.4638816228985        3.10165899349265        15.5031706810105     
   14.5385433436408        12.7382038252161        12.2865184706223        12.1040708662828     
   4.76914593434969        6.51723890860991        7.62237490861573        15.5930708665593     
   7.14534827037992        9.44281853851464        3.19203787110197        1.82047080225859     
   15.9306770040679        13.0813958804224        1.12927460163474        2.64181481572588     
   20.0583035463806        7.00384629117948        9.30544533961155        13.8945582779739     
   4.15621505223737        7.53320461883057        1.28118819123406        14.3738960793757     
   1.45714746321845        16.3970002788355        9.64470365489639        2.79862411302198     
   21.4823996431702        2.36102244272322        17.4449152169925        14.3118826753253     
   23.3292436515493        7.98566966164686        12.5352403780769        15.8928671473622     
   23.2507753115831        15.3160948236029        22.0477490749634        8.91399818508405     
   17.6972796900080        7.39170122598081        18.7106626642863        1.35931648624766     
   19.8876453905905        7.99952789359816        9.10541963022254        16.0432455907630     
   9.85815122596627        22.4168205888275       0.730704056163027        7.80506003508638     
   14.0906970035401        6.19047705213271        16.0855987307449        5.20646163145342     
   15.3297157579512        21.8446170220313        20.2090947873139        15.1621616775498     
  0.833954722755588        1.22539782006278        14.2426890398771        16.5454994543392     
   11.5068012242260        15.7790854680296        13.5042010328329        4.86732028528441     
   21.7601269549099        7.16557175719325        17.6603565390234        1.80055655088592     
   8.63275340590348        10.9100179509522        7.90230460182384        18.0179590022535     
   22.0287101218611        8.14745009722280        11.2182770318111        11.2632036787807     
   8.16414258710862        13.2118636161278        18.4085382364280        7.25985707572601     
   13.6410367718034        2.91378628455232        19.9418286239742        5.32722100887875     
   3.35935112700319        7.61494288092099        2.24099735405213        10.1758820488564     
   8.54826192513280        17.2416349853899        10.4004994632974        5.57582651326237     
   5.71896570770184        7.55066682394901        2.57508359294509        15.7769616482014     
   14.4137672409401        23.3162881720900        1.04239498295472       0.862702801834053     
   14.6396076017188        7.49289790842596        12.8327103095163        4.68477348278092     
   6.09036994785438        12.2171190436122        4.16486697577284        4.28482461227471     
   3.76016295491319        16.6924352792022        1.37829313856876        21.0602703256908     
   1.05536260305752        11.1512650375355        5.71572598051644        1.41095953748954     
   17.2189466640897        3.79050245538650        22.0073575670211        14.3986685096326     
   21.4384319617379        22.2609241553832        3.69922324361462        18.8640768213176     
   3.48834115053397        13.9910512443363        11.4217507720268        6.39451450211053     
   2.29986607881856        14.4957856682249        13.4832984661402       0.585599955010766     
   5.21633879953002        13.2040927150189        6.23131490360182        9.63851955366400     
   10.7814113587212        8.85139754506760        23.0383100647566        11.6447610713493     
   2.72315958221540        22.2912636558565        21.4217576120103        8.16735219238148     
   8.23433924671899        11.4795113830126        17.7778036899506        19.5428667565610     
   18.3540421918170        11.2678902484716        23.4940882870281        8.68985689010023     
   3.72570100931276        6.26144642150595        5.31594486010940        6.52489626506014     
   17.4539260028681        18.5671491095526        10.4055467333915        9.86152985298656     
   23.2306196966003        5.12569653575485        14.3484517610070        6.32881621123992     
   20.1788131607095        4.83733765298840        14.8968599333008        21.4789054589900     
   13.3842887235171        11.9659916864123        7.91627242331474        5.19441358190468     
   13.2283456560622        14.8061770877621        17.1652720757882        17.5100955431501     
   22.6054619426750        16.5942562843395        7.55413798747007        22.3257224280961     
   5.48793290280647        5.33880345349036        5.21113315148679        16.4133577771984     
   8.42444119518888        6.23733317943049        20.5554562178569        22.4917768101205     
   3.58455546272061        23.0665033365326        16.2882375052048        16.2677708938539     
   8.04548527002674        3.54154907757409        15.2200146461164        8.35605736404774     
   6.99101106298240        11.2216202113922        18.3905952656677        1.22185803794533     
   23.2560586061424        8.54876960066346        15.0034656799668        7.10570778197970     
   1.94638382523238        22.0648909768586        20.5721757874390        21.7398610978814     
   20.9199195701474        6.69837457328805        19.3335967662623        7.48830971650438     
   18.7528858620571        21.1201195113002        9.18252830957573        19.4126951064149     
   9.69769287951878        6.33872809377740        17.1972521345857        12.7395591841361     
  0.292635076045024        16.1858343493351        10.9022855491633        15.7564283147203     
   2.13593768119289        22.5681753074954        19.3078705735520        13.6255542337447     
   19.3247543178057        21.7722559008136        7.83261518965360        10.8375755487181     
   4.73408522081231        4.56243689209516        3.57716845154202        11.8975391429524     
   19.9018091409125        1.79536377984525        19.2740726621817        11.5800799167613     
   11.6425369787052        1.60464287296509        6.35967517221827        9.16239073259410     
   19.4472981839499        20.0011237947733        22.7218449925616        20.1994542388892     
  0.340572487698321        10.9256383287902        7.72779065679072        7.26587906152643     
   17.7201114448406        2.32495630321444        22.3873244570595        11.8328305561565     
   8.45006001238971        4.22186299074752        7.09481279900346        4.16974848616168     
   8.97617081212224        7.79235233500467        12.0081936006553        12.9098540460524     
   9.31757926184140        16.8716814469261        18.2439446160617        2.06757651994132     
   15.2254351932023        11.0249529826510        18.5520965063999        8.19126063823394     
   16.2653201526936        1.60805765329949        18.5350351970890        12.7390344454647     
  0.848428584265198        10.8166211100121        20.3197479371182        16.9978326361073     
   21.1422056160893        11.6736414244046        22.6206507471202        9.35181187542340     
   7.36811174517343        6.94392233709015        22.9862591551906        16.3072061089342     
   22.2180567381800        19.4465758308367        1.24611056630508        3.16402435917180     
   3.55179235514846        3.65684123747761        9.20028463097647        8.92210148304334     
   9.32139640195417        3.10710091511952        2.22782908815471        11.4929224655103     
   5.11895275342849        7.26482875486364        17.1557221642971        7.79754800513086     
   17.4853643786117        2.35224502245038        13.6985492640769        7.12398278726869     
   4.26101083005390        1.82496958366166        11.4933366896803        22.8685839446372     
   14.9532265696670        1.96121003857565        17.1656625611742        13.1825750950949     
   1.19954591904876        23.1129304074237        2.07630184370778        21.1458633797137     
   7.49642540464319        11.8709729318032        3.07634514351753        18.0443584906867     
   3.15774130120353        6.06528283581489        3.97314706920213        5.72124616142307     
   18.0895339711880        18.5729182041579        16.2697844707138        4.04763623010184     
   16.1071378982507        22.3843268688088        17.1660767853442        18.8954354617857     
   8.88794373385212        7.58877606738762        11.4444163997511        20.6298892107318     
   6.34372630124157        7.00579109552368        21.7457641999566        3.97978659436946     
   8.82919853583438        2.98302778430176        7.89800826808248        6.59994209093560     
   19.2860652338159        23.4386551209240        7.06035644482101        7.69258054781713     
   11.0837414620150        9.74371966832349        12.2899978763444        19.8667279620194     
   13.1241087002996        3.09826163499291        10.5661346944086        11.8350790169647     
   9.16638861292812        20.2221346053726        3.75183443828470        8.33988992073811     
   20.3171066329181        17.5987823952241        1.87903482428795        17.1307504863115     
   5.73093548719215        17.5337377577243        19.7800292511178        2.84810623900158     
   22.7810306284433        3.12154707435660        22.4375651104336        5.81354572352917     
   17.2020590667910        4.01278276748203        18.8763459763835       8.669871090158511E-002
   19.3074709425753        4.03433100654961        7.71802704175775        13.1146124928818     
   6.04484012492220        3.02007412493232        21.6553887147555        13.1806439443546     
   16.3043224517867        22.0084114526487        1.79233611338637        9.41272203090443     
   1.69660448064254        11.4888976328021        6.66541675823595        4.90981752424605     
   19.7609550898617        10.5343246225699        9.25692116607901        4.02120819649348     
   18.9107476141422        2.31617828683949        9.46362253182980        17.1383819526656     
   7.81857189612387        7.99047591668794        2.80820951751169        3.85768991315349     
   19.2276155023523        7.82642651079010        17.6341791046127        3.71701999887545     
   13.9881441649472        14.1898381428755        8.37105416072073        6.60451251339273     
   17.4232285639546        15.9783821304498        2.80772543143314        10.9927370059840     
   11.9345271654222        20.2632804576226        5.53990116720356        19.3672526221234     
   4.72090805761735        8.61004972288489        2.85911001843706        14.3306551075832     
   15.5572897656741        19.7730473376164        15.5325710978784        22.0348873323006     
   22.6814336310804        3.10551703952343        21.9840250688400       0.857909980438391     
   5.37809444206236        22.3496469635521        17.7574990531376        14.7890400018650     
   21.3672798126889        17.0140470857201        4.48993668548322        12.7258105234947     
   8.82900871224950        14.8851860155603        4.68199118676517        1.60975356898586     
   6.08836109406520        10.9598684965467        11.7871686029227        9.84071700845063     
   22.2603426799540        10.9440386253669        2.80675916073433        17.3528961455354     
   7.79624761552010        20.7342559454582        20.3742714998541        12.7878399638664     
   18.1353245318664       8.930428359815186E-002   7.91678063103761        11.9822808411307     
   10.4232411873220        9.21779805655066        10.8541405399478        16.0686390236406     
   11.8118513531420        20.4669600700446        15.6112498092495        17.4100715242989     
   5.99905539681773       0.536625895575292        23.5219877617920        22.7036764685029     
   13.0425432097540        22.8492858585756        10.4552201370937        1.74164492263665     
   11.0463875454755        14.7352005486405        2.96419856190586        12.9829522020744     
   17.5986972226418        10.7638596601948        8.93020416253475        1.52705929038768     
   11.2910553287464        21.8885105110751        9.11249420366180        13.1044390480854     
   20.7937508045015        2.86826284740280        2.62829619352574        8.47986736176418     
   18.9522957366229        12.9626705668288        21.9949270577550        13.5911808511917     
   14.8711326986789        2.05553364042482        21.0678796753590        22.8304487291109     
   8.17812328442341        19.5000033983683        18.2014312001417        14.7051237306701     
   4.63602524216360        19.6098255478666        19.0561233113430        4.17627820137938     
   9.23552027467231        13.7103858130024        9.99914547455089        18.6201078479437     
   1.29374599248387        21.9493361915899        11.6402724628556        13.1408426367718     
   23.0595687751070        3.72715029215653        17.8186474427263        3.59203537664084     
   1.16074688567648       0.761787647940950        2.44777182741523        11.1901762662553     
   9.94588709283354        20.1575346232613        5.06058714972051        20.6035748742945     
  0.908873536357751        18.4490786621901        15.4640879347022        1.72850637396415     
   8.47373262673136        3.76449730651954        22.5260692082956        13.5595206982232     
   4.85331136922255        21.0404612415828        14.7537961749118        21.3938547020697     
   4.61048869926748        18.9705176654252        16.0901410687621        4.78306475469592     
   21.1133481655076        19.6255748650691        12.6053497155427        20.1534786776942     
   12.6225244376014        15.5470445103445        7.38383103400152        4.51343380553240     
   5.65545587093258        21.0528304966825        10.6810217663569        12.8402552447722     
   12.5652563480130        14.8590728689181        2.37258911695209        6.17568825057239     
   13.0233668588780        15.3850053706502        10.2403609557301        10.7128329357127     
   7.27475820258495        6.40526131741221        3.24988441034064        2.41047563774383     
   6.25427529658948        6.60220800619103        6.42966146497027        9.91311772196412     
   20.9546190669512        8.27228489411024        20.3880966846395        1.26354939519176     
   22.9672945535204        14.7985552000931        8.27054471496377        6.41059377980189     
   5.96304834182193        17.6215523883176        16.1765713949880        9.50469015228361     
   4.75108055111849        16.1348108171299        8.97681156053830        2.44228680709965     
   16.1933030024919       0.442211561940953        20.5563892168894        9.95100424275587     
   12.3498214946225        1.85112604142322        20.6420698990373       0.936306161425818     
   4.81980824982133        15.7960818916183        17.9458098775398        4.42425876465301     
   22.5250815779301        2.44873229182120        22.0366404722079        9.48562388076455     
   4.11192088674939        12.8017441384963        15.2402652335621        15.2759802747438     
   12.6720972458508        17.3268292391998        4.55255138223597        4.12274492124242     
   13.7445692970214        20.0473906751916        11.0707653361249        18.4278375955444     
   23.2651759424769        12.8961287955724        5.36608821064423        20.1008533655405     
   11.2100775969722        2.05151259459697        13.8230635426481        17.0705934285281     
   2.47768948908921        2.90065634934428        3.60880287666351        4.11953425647100     
   14.9328920911770        1.59166512787473        18.8565104543723        1.45291673209572     
   10.6205846512539        14.8491383364612        11.1990579537078       0.513942044578914     
   10.8439129476771        5.11449858401457        6.95123107965388        23.2884271411721     
   21.6735094009529        2.27554414431855        3.91317147854851        8.90179541183269     
   20.0780392605110        14.9246996469199        13.3091200844198        10.1193609352249     
   21.0802909050746        4.94424553474210        4.03747432184209       0.206361364273168     
   12.6573479468584        5.23072586736372        9.95471504253961        11.8608952340266     
   19.4129835906847        17.4859474313866        1.07969560483358        20.1935663090875     
   5.89966599928568        16.1742506371561        6.74486971538072        13.3337106849832     
   16.4427835335891        6.57965913998456        15.7693762445219        7.82209839334979     
   2.59209182912443        9.02503223398486        16.8326537753323        3.37449121984422     
   4.90604026791852        12.2185605875036        14.4208636368589        8.15408370610190     
   6.07768739322456        2.63863403823929        2.13261664918982        18.7453414586942     
   10.3879499430505        12.5799057498187        21.4223043849894        5.77270267222858     
   17.3982054117820        10.0965618302822        22.3078845956295        11.2010940357933     
   13.8041494953499        19.9088077832848        20.7411347858277        10.1168925947111     
   13.7292846656564        15.3439268222028        11.0599496894544        4.78370521056540     
   18.5265770239870        22.1315110921538        3.21976818741625        11.1300475066249     
   9.88597819629049        12.6264479589336        15.7328226408294        7.68539035559047     
   18.7611231208477        17.7704287258318        16.6385977607746        2.55293307116301     
   18.9837943196283       0.210583633991748        11.1778356753553        19.1853713949640     
   1.17770012276693        1.14768466243708        13.0557444302372        17.1953948339365     
   19.6759545261753        20.0772325025745        8.50701520464211        17.3229681215608     
   18.3159919763459        20.9538095557375        7.75149679245230        21.7914030763876     
   8.73829212020409        16.6675920191090        22.2545278068929        22.8954737372990     
   22.4009892046238        23.1715353358366        23.0327282255645        18.5185348650614     
   21.7470833502414        15.1893901001383        13.1035311853184        20.6479421744217     
   8.22720669000859        2.46379404416396        13.8773692792889        17.8797651947226     
   20.2215177766894        22.0472477386838        13.7055789259314        4.21943552259310     
   3.12660187620755        12.7266014520796        10.8206546180306        7.91403379709875     
   6.27449807604013        20.1631742424197        4.37476261217033        9.18989339771833     
  0.353741465940006        20.0449334596290        18.8132927029714        7.69788024703079     
   9.02048189816180        8.91489202409821        5.18949738821961        16.2731795622514     
   11.7811324475889        2.11005257822395        4.68747446792123        22.7835724917512     
  0.176582903411011        13.0267658405220        6.00769867890060        22.7470381343735     
   17.9288084384600       0.945467590841378        18.2645736421299        3.22655932917752     
   4.16444549781618        19.9865899253593        5.30829012041918        3.18219471881772     
   11.0440756254180        2.11612360751969        19.7833531549486        13.1504066049009     
   8.07501289367110        4.75044652628203        1.96293805904209        10.9648894418322     
   15.5116425222296        14.7830769528059        1.50527833545419        3.00021792315320     
   21.7775592958913        4.95175153320157        16.5743906603504        20.7841000753314     
   13.1783619121780        9.15092506861179        7.29968420029772        1.72127958007401     
   13.0984685450102        21.9261306294680        2.30807078361665        10.3249026448180     
   6.09232267856711        12.6548602816924        22.7163530796172        5.85072099095385     
   22.6411878250593        15.3690779812718       0.241657065318764        8.65681724456621     
   17.3026118927616        8.69075286058951        14.8974742769869        4.00096484353597     
   9.12269760054962        6.02766370814226        10.7236696693965        20.5424415963633     
   21.5263839309062        15.5654117622009        22.3599655420822        10.5409038894378     
   4.40771427077141        12.8034316152691        22.0242059400807        23.3183329754215     
  6.465755677553441E-002   14.8455763507862        2.17391148325392        7.20785403522235     
   7.07577464920910        10.9613622968511        13.4178531758809        10.3497113044855     
   4.49917886384319        8.62609389016465        15.2962413015654        1.82705336028205     
   17.9942212497634        22.6689890589332        3.51581422052487        7.12458700683306     
   10.5650216340551        11.0662328983577        12.0102542375967        18.9617625878724     
   19.4987189669574        18.5263103655056        20.1971511661493        19.8025173412473     
   1.11276849784238        4.28055330308172        18.7664230627715        18.9146997976257     
   19.7266403372021        15.1797419162443        18.1731891743592        13.8696587246869     
   9.68996708468826        7.51332397867295        19.2108225466688        6.77773029751050     
   13.7136665330324        2.94234730808175        8.31821442289918        12.6684978324739     
   19.1023783041615        1.37626440002012        21.8576940992604        23.4680400412036     
   11.9853935746352        4.81264383247322        13.4194208686388        11.4843029183481     
   21.8875211897606        8.89527499892021        6.09792381664835        20.7741042847159     
   18.3503745235326        3.19434692795981        18.4222491331555       0.450237856048066     
   4.87732325221504        9.34290278891233        7.72651962832071       0.679805067212829     
   4.81839153411220        8.30907137089978        11.2612101381833        17.9633472856690     
   15.9080299625524        20.2160411478051        21.4074562432124        15.7415189992336     
   2.64249078572284        23.7113522983610        12.7396158014260       0.223091366515519     
   13.5784498188608        16.7043436227185        11.8516765309793        23.0837466278542     
   21.8514319620782       0.551856142236976        2.68072872027262        11.4277220546221     
   4.88306954020470        19.4815529700515        7.50342684815587        12.5452271225842     
   11.8311464977444        10.1747379951722        11.8945620966797        15.2826171517471     
   15.3561738203154        15.3329716076004        9.97973418859030        8.23809215107774     
   6.87803781567136        11.8802058006166       0.194387265192503        12.0456292698358     
   3.40371041003931        1.34816838875378        20.2861593792323        13.1040124392639     
   6.51846035447786        17.3909169129163        18.1597365691949        11.2333333757802     
   16.7199637395880        16.0778411463629        19.1748961646707        15.9761677433519     
   10.4829766953413        3.65627622704504        22.5076496574158        20.8399805825522     
   21.6823554937498        22.3301064543630        22.4634993991607        12.7802945727577     
   14.5172952556592        1.39722769162605        7.93531810819129        13.2550796124200     
   23.4645327693449        3.38291148135467        23.1632773830308        14.3576116264539     
   7.90545248646552        2.87362165725712        5.37944058278788        3.29801526758896     
   15.3227360479620        16.3304083770179        5.91981655225072        16.5299889466718     
   7.10006380033729        19.4679237405795        8.15003803096193        15.4605385861150     
   18.8087338364927        7.00737040640102        19.1654841315718        6.86047802050696     
   21.9039868786413        18.0142624776394        15.1224277478702        5.10504016780877     
   3.99660902876543        8.29127764486200        7.70273879691579        18.9092260812328     
  0.898080666415176        4.68673336496653        22.2360625622809        11.8926861060695     
   21.0255721566732        12.3337993482525       0.814774970792635        8.82725014975602     
   22.5258861554753        18.5698416605150        12.9579105360798        16.9415760238341     
   14.1219990578768        9.69889824972780        7.27279802550229        6.04570163606500     
   9.57018753038880        19.2054763221642        6.29517759811415        15.8642282180796     
   9.14386595460109        17.8863771733359        14.4782613594324        11.6364266420812     
   14.9162824166874        18.8336458345777        16.1903595125666        5.59750709430601     
   1.82009583450907        3.18993198000206        8.66764675271303        18.0660887903236     
   4.63950756849010        3.65355924382764        1.32148389399868       0.751216511267446     
   19.0054532232991        7.87880241521873        1.67528951754696        21.0951548833520     
   6.38025413673742        14.5659673400247        11.9461888077905        14.5427443240809     
   5.49030671077345        22.5980239500368        13.7270448481650        9.96113571088488     
   7.03748000146865        12.4533902841910        18.8123046292146        17.3684182865155     
   10.9712270808350        21.4167238555793        17.8420010149828        4.33904252850931     
   5.75858361845333        20.3331778287097        15.0774467694645        5.65601046840349     
   6.55206152545878        20.6246739207344        8.02397123103149        3.25315245471987     
   8.68063028115813        8.80738372157141        7.60714486563191        23.1823975546164     
   8.87422746841447        16.0459624245780        8.07103296611216        1.93716447985338     
   10.1299060807343        3.77276000303286        15.5591507608454        9.76127342088355     
   2.16384335926361        12.5424949735155        18.3767034603663        19.9851095623972     
   13.4297197802260        10.2032717479754        13.1402808759618        13.8139597075580     
   2.77930010877660        18.4608291478215        21.9797978101479        8.59354899435352     
   19.8552338939933        19.0947625276961        11.3391338895854        10.0421152650053     
   22.3880557204391        13.2666609021521        17.9741718449048        3.67446666970544     
   15.3861755192635        7.63462610903954        6.96560035284260        22.1392381176488     
   6.78617941791822        13.8715392530764        8.33458678171169        2.01093630384304     
  0.163058878073943        18.5341962287119        9.46581420625635        6.84835794106613     
   18.8617739997371        11.6746483162539        23.5576582788498       0.258962212641828     
   5.98369464091688        18.9317036496221        9.32819758574240       0.576301058748985     
   3.85385949172712        18.1219869024150        11.1258139038387        3.83390697720629     
   3.71152578936023        1.65093146812266        6.70663814020077        12.8110405319064     
   11.5715757682961        10.0176797613493        7.75828430931339        14.6022224000044     
   5.75817056200961        14.8226704393517        5.63190581540073       0.141719800865355     
   17.2108425316144       0.103072547957832        10.7466177469434        16.2177779033284     
   19.6831134659182        13.1735316739632        18.4430737720887        18.6614952433483     
   12.7482876387261       0.911144370800613        10.9840926893240        16.8043892302629     
   3.60845182775307        5.68491658855510        14.2059602368723        18.0850653461684     
   22.1151426806836        20.9864907089739        12.8138876523158        3.61812829703107     
   4.84702619120900        11.2142171979493        12.5446165851379        9.65285956399302     
   11.5259245294100        1.70502845362493        16.3786524007750        3.40388883736330     
   22.4137227569443        8.32650548275419        14.8249440614083        6.11687865821038     
   1.53407044077678        13.1023198413906        1.33123312533097       0.425735415838494     
   1.90342337412814        6.98829383161076        10.8020713995090        3.26011987111076     
   13.7886371979294        19.4524202681971        6.69700899410543        2.28689517170011     
   15.4618063498184        9.31079382382117        12.1188797556501        22.5678881644840     
   4.53762928414989        11.6334912556955        13.1185325296643        20.4239784296085     
   2.96130107509790        16.5817991329358        12.5380488897082        17.7150974889110     
   15.9403752033063        8.56468914359142        2.48044354719765        11.0243028861742     
   13.9870307047833        4.02699134286354        14.0951915562512        14.4391709814026     
   20.9239366513442        3.51204365124151        12.6990100915451        23.5235516245025     
   6.89711579257762        19.0408631190379        1.09457686947585        8.47269519458351     
  0.510637941286348        14.4266531907020        22.3964615482617        7.72496692441412     
   23.1663574238564        9.68468192670889        12.7315958515564        16.6205206194352     
   20.6166120842684        8.05404978865575        17.7248469389648        12.3449413379125     
   23.2774761004320        4.57773391900716        6.37022321818773        1.70757371619683     
   11.2392547246353        6.61253015332381        19.7955894721100        5.79870327188831     
   22.5601660039219        19.4804856049566        12.4667341179140        2.10247056274646     
   19.6500040222792        3.18739846606666        20.6888864184156        11.6464774523042     
   16.5538258568833        10.8416159227870        6.93289257966811        4.15378508787179     
   1.13612647931176        12.1211457663766        15.6223763762184        15.3731535058476     
   20.0900762207160        11.7410066484746        18.4408457658836        18.4917797228794     
  0.397637388198986        5.47640367401205        15.6418043842382        13.8934268956699     
   10.4390188238960        23.1075079705913        20.8106806120664        7.37872338321357     
   7.90899596015528        2.78976107786767        2.19710669553617        19.7217730680660     
   11.0774207692219       0.402595685241734        16.7565656839982        7.06020447580535     
   1.74571709507110        4.21214980622129        8.24365157935547        13.1760468103114     
   17.3003151428483       0.663584465603383        22.4361726978176        1.73521403888124     
   23.7121417029573        3.73068657894095        8.58159849478349        5.64977531631447     
   6.22686901767469        5.80719282774304        7.63463380175501        8.65965068539600     
   7.24541008090257        2.79471937491042       0.461892656654930        11.1401731596332     
   7.34673419028093        17.8928266675670        11.1067903676837        23.1426692604010     
   19.6556228536787        20.6838383116694        23.3010994803102        12.7141527400072     
   14.5055957679379        17.0339502753225        11.2959995381844        14.3455222575482     
   5.81931362174089        7.79216231161288        9.15602923438247        6.06577442235500     
   9.26012929235597        15.0186956461558        18.6375796480985        21.0807497335623     
   13.9285583919308        20.6925043395202        9.83346898545738        1.98414251160139     
   23.2716718786680        8.63269737521107        5.04101453167937        4.50508961230252     
   4.63692720752290        6.75527991973859        2.22034974674787        2.88068375454980     
   17.5301914284177        17.4793783966544        9.31185561293368        9.30450631221953     
   20.9037162465298        3.15523510408998        4.65093820843063        3.84542467560713     
   2.50484937261739        21.2056042177382        15.7568958935487        11.7688927069793     
   20.1662799952764        23.5058880929904       0.528961259588536        21.0503028895214     
   20.1164353609288        6.12784800259368        1.19558985607224        12.4652937187538     
   7.14842157613541        10.3060985108129        14.1685556261193        2.35172108131194     
   17.7414033354273        21.0800416220763        11.9786513097629        8.10891504249797     
   14.7758682439361        19.7239121143053        15.9027444896768        13.3939676358385     
   15.9158494481552        3.46420088231092        13.4051733985874        23.5073413972164     
   22.8033369595508        8.73001843540495        16.1371448034412        5.14755839984462     
  0.392523246623501        13.9290971407892        11.5187222202337        22.7772189065170     
   3.68421928017517        11.2198601376128        14.3783142289029        9.93167486422137     
   9.01138348637299        20.6875183754528        6.83109290991830        20.3072928222643     
  0.846769689497649        16.0396914204808        16.8426255831598        22.7327534069356     
   4.69598789689310        18.1699173959379        3.47349853436608        16.6762470736487     
   2.11581858409793        7.88324733225798        19.5469519811770        12.0220328166848     
   8.06993041249342        9.23310783024674        12.5030673996487        19.3037203721510     
   9.23140188423725        9.10404013986553        21.4191657416048        14.1018228830444     
   1.12813474046569        12.6175865493101        18.5261600932335        7.80422542261553     
   15.3307618592509        6.80828812259419        21.2560037973595        1.31358766533080     
   19.3090477570276        17.0417812418229        13.0887742376724        21.8671869804153     
   13.2153306211385        16.2695854730071        11.7427251449121        14.4831276056760     
   1.26164087624991        13.6411600732192        11.1894797343179        6.21494472082928     
   15.9067206424143        19.6058081050777        23.2690773475402        2.35909632448293     
   8.57564926745862        11.3559456730602        4.04303107390810        20.3318456882976     
   1.68960037238243        14.6186674801799        15.0410590765302        1.76160890414123     
   23.4203382383006        8.46613197436430        10.7296764995401        17.8241559065072     
   1.85938494807836        14.5799836869753        15.1279794566145        23.1591685291458     
   10.3600719824207        13.9379218349186        9.42786941652739        19.2023668076398     
   7.44058725440070        17.7464231569993        5.44492144103306        10.9482168678684     
   17.7127641668340       0.995872276990130        4.60096113111294        10.9039762717702     
   11.4687785374638        7.17807881212984        19.5557908552410        20.0337874631082     
   5.67391366765193        14.4704663938810        23.4985596316717        13.2231933617449     
  0.863512671088227        3.11120514951148        4.22400318484435        3.60337767390480     
   3.18199317029088        8.26400675361734        13.1111819534192        19.4209071759681     
   16.6872194468704        16.8829090722618        15.9388266656388        6.72421368302403     
   14.6015590173225        21.5309791066992       0.997583457208145        21.5098929047016     
   3.20477037019719        14.2079593652595       0.134883679272919        4.09495938382002     
   12.5081045953902        23.5860073765585        16.7743445349984        12.2256084908875     
   3.04963356438898        23.6235333656650        6.43120886649338        3.46849258098256     
   12.6911338050314        19.4730021582272        9.01622115594988        2.64656122732042     
   16.8183120703119        13.8332755078728        3.71321676110205       0.293004816530650     
   14.6951256516575        8.83984388801851        21.2461894625763        12.4936717487518     
   7.44886821197001        21.1067458812983        21.2054210383032       0.381741209068656     
   22.3919290875174        8.89088172490096        16.4813383048184        14.6965190283112     
   17.9268882627211        16.1746637400456        17.6546357040923        5.98017154267938     
   15.3014865100838        20.7981730707098        8.63447853323190        9.88232150885270     
   7.92742893176160        19.6234858315023        12.7337977327909        6.35546769878904     
   22.2375604979626        17.2554573779347        15.2660165062476        3.85919180187055     
   10.3677951412602        13.1793169495366        11.3230981158012        11.3650434762778     
   2.76844184236571        10.3704212269384        10.1258706060294        23.1476011084143     
  0.671429471137170        5.80686859878545        13.7954439022217        18.3741734268782     
   2.12216814689788        18.0297298146948        20.9865350569541        23.4735509028233     
   21.2741062911739        18.9520549467158        13.3032952107272        16.2771237965673     
   16.4306904855278        15.1332878173875        20.6089430793693        6.58975674491644     
   16.0551639129161        15.6223092447134        11.5666457993285        21.7788468519012     
   7.53348548200055        17.6568293277613        17.5658453958127        2.53865661539563     
   9.25524165374971        13.4688046858694        7.20568574365598        6.80752621390039     
   10.2169589021844        10.4962429190449        22.9247867914036        5.90770550701058     
   3.61727696341263        9.69681329296613        10.7646385953316        9.07143805291132     
   2.96188579965843        4.91632891520302        13.8014168654689        7.38206995351288     
   5.55891958022185        12.0050322813008        5.65894029231792        11.0142082565696     
   21.5537721890344        14.6949435281028        8.49440592925211        12.4543397499267     
   4.33891132489737        7.90988369199820        23.5407157901431        1.14858592158247     
   21.9290266208836        12.6595707300105        11.9105771211846        21.1303981641092     
   12.6394320216605        5.35790055441944        22.0273974317556        9.24782226276822     
   18.7691006940109        6.70440229431939        12.6528295302372        19.1885914186789     
   16.6164474365620        23.0826988459910        8.24564071455945        12.7039094111647     
   16.1958702209657        19.6429414204426        22.9636836664839        23.5186088060402     
   21.3516076169287        15.0105362554362        4.35212295781485        16.6200437933737     
   22.5634263612433        20.1807990953955        22.9237662963706        21.8838130839759     
   16.7135891875685        7.72339152384146        22.2258872120661        4.89569789130405     
   3.75856443857475        7.85807451942677        19.7498857368635        19.9819237086590     
   20.1527469275172        6.36910824477316        10.0789262169342        14.1951221990986     
   8.47247728347489        15.8843769818679        18.0679857751798        3.76872306917676     
   13.4935330975019        18.5748879142696        8.08729924915584        6.54111616279020     
   16.1943181164701        11.7083218119206        8.72864409727198        3.81582730879609     
  0.829212205700679        17.9469584263396        18.4571641428893        20.5254972284989     
   8.90077511065581        15.3808564029566        13.2087681604239        11.2532781977377     
   8.44442511559661        5.53989603907248        6.26309890813809        19.4550580562093     
   14.2426174434860        6.98360045756273        21.2595871330316        14.2770549087528     
   21.8297752808959        10.1304613850237        20.5511196377688       0.278017254652108     
   10.6544220773977        21.1828029547853        12.9906860410627        6.27333876211514     
   17.5627103344886        19.8342831454436        4.18010782048716        23.6914761770808     
   22.4874123119828        4.72643432555898        12.9307494921225        21.9796921566750     
   10.9787207471620        11.6942842909345        23.7068587323736        15.2749488220728     
   18.1254342980424        8.21328673193062        21.2852095423016        1.34630400298100     
   17.1033409553370        22.8688392242124        22.2885274810938       0.288257108629157     
   22.6772363728138        3.05736724309360        21.4328358053405        8.70522921981358     
   9.34942218890868        2.73094219010667        2.83380381750616        1.40294869598699     
   23.3356730877704        5.76629795274517        12.6424909698440       0.546854937685197     
   7.92135350406840        2.34486210202585        15.0016295125600        12.4411450045667     
   15.3944921079357        8.59471364416020        19.8822608463146        12.4209116194877     
   11.3370415889425        14.9474857201440        21.7416725434086        9.00372759606911     
   20.3323728571386        11.3799751351579        8.99169080077385        12.5400669598497     
  0.754707131099164        15.1109991875149        14.1299921980185        3.37837473892909     
   8.38818595397712        9.15102509560654        3.63876337377492        15.2722627232620     
   20.2584769552612        1.59015497092668        2.46156113906104        22.0282528065482     
  0.283491506771510       0.206527690183077        16.5038861073855        8.78214824571274     
   2.18601649333593        18.4061087648828        6.46940982014655        6.54216504335875     
   18.7422178862120        11.0964822147371        10.6805379942257        19.7532808524642     
  0.548178027266767        12.9249826941789        5.34784395230576        20.6260649187825     
   13.6991757754450        14.1259057957453        20.8136969167668        4.59172331538702     
   9.16199474052413        1.04197553001060        6.42538028659683        16.6804088542424     
   11.0756088125926        10.2244505010887        19.5949197749536        11.6855499152966     
   11.7772092839413        9.24411402435865        1.87768509111021       0.116784756761927     
   17.7002423562014       2.087198849517167E-002   17.7172291399833       0.158361077510586     
   14.0408275261780        1.14777199658828        17.3793926233599        18.7483798276723     
   4.45506175108637        20.1427634395439        20.6969121600049        10.5915927617544     
   9.14112133837964        10.7182480038326        6.26701920908624        23.0181148172332     
   9.92783540235496        5.76938875000237       0.846539947281293        14.7057377552917     
   15.3515444307481       0.102991272329690        15.0031909157065        17.5668655476757     
   6.98199293871946        13.8101351724909        18.4162143227501        23.0289197165800     
   8.27143736252633        9.51332756584017        2.67365486806820        3.74518749831654     
   4.35207047875667        13.1607705008245        3.13004661232923        15.8924784390044     
   19.0480847522394        2.44680922765692        6.95519807885695        20.3444599491650     
  0.414507836514789        1.41731685759638        20.8184524489647        11.5756911429624     
   2.19077392992365        4.77200510644094        22.8278124767021        10.6116660551694     
   4.53518371106254        13.3956259223268        21.7888543735850        2.21046726761522     
   6.85412050492995        7.32255222226720        14.8150637251058        4.63447502161444     
   23.2971639586664        8.62558537611259        16.2354791435105        17.8207240654193     
   5.65245741626333        19.3097887227270        4.74473081124172        5.52939481040992     
   16.8090556142476        1.83725289892996        16.1839760137010        19.0573105858026     
   17.2822871401617        22.8366476901776        5.00708699763345        5.86693383027837     
   8.94249498833558        20.3036703080792        16.2594581495258        9.74358984026492     
   5.01686619235067        13.7573636684561        19.4748531393032        23.3444866103317     
  0.460514854839492        23.4001903877770        10.3685453132321        1.56126450224421     
   9.06588710818414        14.2929211167270        18.7182395573275        9.77164167110677     
   3.05169053214213        1.37673663044115        16.5565894033693        8.68876527257050     
   17.5991967523847        13.7707605819935        3.44582108173992        10.8657942729509     
   18.3666724579593        17.2519797759371        6.48781506476970        16.9041004368956     
   3.64012814826020        19.8752669160714        10.7860878667327        19.8986641149424     
   10.4068542728460        5.03351651616840        23.2198496266319        18.7905494374745     
   15.5310059185978        10.6527929684668        1.81413770678255        22.7026538043741     
   6.89352220242141        14.6869809439458        20.3750238747776        9.18601423228927     
   12.5656788225670        21.9568532497464        8.37237164426541        9.05165515251901     
   7.71387948949251        10.3584561598663        7.50226126039559        20.2461765621180     
   12.6702457906651        7.30958809350438        1.60007222079407        11.5262924706770     
   12.1671010230997        21.0367370266759        14.1681930604636        11.2882867634296     
   5.17254975873144        21.6996457641524        5.28506114466451        21.1025801699307     
   23.3010341089170        2.51987992084615        8.84872999045122        18.7349211718257     
   15.2460403822418        16.7843020773656        20.8011834671865        3.76659400785451     
   9.73133372534014        10.7745206373000        10.1167796768155        11.3974451580175     
   10.1503658698189        15.7806462976133        6.58225104896837        14.4422075898412     
   19.0998975320847        11.3054033013357        10.4015976389597        1.17150708661405     
   18.1151291214315        11.5492784806841        17.6047145729977        14.5203291209624     
   7.52038781130377        7.13708097511211        18.1236224006100        8.33332211921663     
   3.94063708090605        22.3862729559341        19.6296763805724        9.87897802120751     
   21.8991538310067        3.25413141234689        19.3135491422039        16.9909227574075     
   3.01328348105750        11.8400078030579        21.9660289297517        18.5296312092688     
   20.4307231625012        13.1233494703291       0.522618204102919        5.57505653076087     
   14.8609962954353        8.53599499962662       0.613791815590205        16.2714001912106     
   19.3974785945966        10.4234563989615        23.3110897776919        7.81070250146439     
   14.5343876105770        7.52527666049889        14.0546184361623        9.26518620561730     
   13.3631588313801        7.57375281775032        3.04214895099325        17.3969315660662     
   16.3069256684466        21.0227201924809        14.1553250146380        4.47501135945718     
   12.9054465020023        23.4772892252997        14.9745319984856        2.53290616611829     
   7.28724347768494        15.9461679175307        6.93396024952400        2.11607376292326     
   22.0918584021157        21.2351098969592        18.8360770045854        16.5532690893295     
   14.7741969716280       0.238033182813955        11.5217108563946        2.33122595609330     
   21.1340909138494        9.19899441563464       0.926073774420675        22.2779531478314     
   18.7889143578381        6.24852180720354        21.3191545116593        16.6704005030625     
   12.6674119055391        2.34319831145026        12.6433060423923        1.60683239169762     
   21.8053490620503        20.8743521460432        8.37310568804324        4.51401783761468     
   15.8433351812628        8.56769799142013        2.16567650152291        3.90996304693714     
   12.4309986601778        2.14978412076365        9.91487846469702        17.6752188544007     
  0.259737354156831        17.0727578207225        20.1291559368060        20.1122752326592     
   10.2212163664180        17.5346231470258        17.4091914647221        6.75552062471619     
   10.5176277847754        2.08345954364411        18.6851871879916        5.19477645489162     
   4.73258982767849        10.6531343659759        11.9779304553840        10.8219263728925     
   22.0258106205877        21.7671687929954        19.1272544631574        8.94187444529624     
   10.3475377028843        21.1342942930852        4.72010200980541        5.69728698536738     
   13.3237029881809        18.7640472001348        9.30722815026413       0.985019355852482     
   12.1711475734226        7.18708544414144        8.46731560577656        2.03541861491078     
   13.1004334916903        12.4768565554632        12.9878987889749        19.6046468909782     
   9.68564121389442        22.1990867925534        10.9929096858822        2.35460935346666     
   14.8387251764463        8.66673530130512        17.0918358482466        19.6710756563214     
   21.5877797337718        11.4486516655414        8.83255370517792        18.4214772994851     
   14.8417147819782        3.92532202368846        6.95261738314814        7.61028350760587     
   3.50441085846815        9.31640429672033        12.5133399494552        16.9199634960835     
   1.65178041249953        21.3522403598357        18.2835214894897        12.6520280941807     
   5.76031919020596        18.6946759340852        3.38262617827637        13.5583694040115     
   5.52231946607665        7.01495488880559       0.171872352163071        1.38755416683164     
  0.235539373936078        5.68833106168614        19.8976256109972        15.0388511212088     
   19.8641388478930        22.1201011439625        17.1113465654874        7.43840974179347     
   20.2065559696626        9.08086492278425        11.1257843689742        20.7394378850863     
   19.6805479371641        1.48810151194272        3.24466895463163        19.2577815286933     
   7.35731663259414        22.2052185507733        19.6613150228336        2.43258362138792     
   20.1585545432924        11.0515055379922        3.14953305342742        21.8599837985507     
   22.4645364483440        22.0481144290920       0.639842668654547        19.0946346847259     
   21.3760188834703        1.96154660067010        14.6787615304501        4.28887668836605     
   9.15505043167035        10.3334270607909        12.9829005704235        20.0995938027825     
   21.3495335080721        3.82918121482308        7.86713285625643        4.57901858459391     
   5.39577003192405        13.0501681191030        15.3724383344675        13.1667830509644     
   9.82512606885218        13.4190706162708        6.76703925064496        13.9928495286449     
   18.6353552335210        16.6523429835186        19.7779240840606        3.72219635025836     
   8.32585076436733        15.8535205318179        1.51197847948573        21.2389360240718     
   19.4530784017502        15.4151704136206        22.7071496281293       0.321668305072507     
   4.69719052455345        19.2204304504557        4.14493650599807        3.06703869145886     
   13.2593495001061        17.3141883037035        17.8506008967464        14.1767320091858     
   18.1270542415822        8.72188009171737        6.44536953192313        9.84791302264687     
   23.1320247830652        3.39299348341250        16.7108839789524        9.58869545351192     
   14.7287610470146        21.4435648765864        11.0523450566506        14.7935650784993     
   10.7311983100328        16.0002456305554        12.8592366054824        7.32788291247074     
   1.30419562749163        4.49166798979186        18.2733410524861        15.7317936348082     
   15.5328832098705        6.58298999367061        3.05703440459780        1.31749540370340     
   2.12680861102685        7.41768305057642        22.8345866194524        15.2916719701607     
   18.6403553796240        11.5772102735420       0.979090344144199        6.53165963526480     
   8.14577105334394        19.3167562655595        9.73484965294721        15.6760784590469     
   3.31351384580710        21.0769888372820        21.2846646353217        6.34879115467722     
   13.4440853539496        20.0629969364479        11.7416800035720        5.99694256821172     
   19.9332269443109        3.26947473421419        11.0980545319016        3.74993076838173     
   4.76691836009548        17.6906976966268        16.4857940511259        3.54999055293938     
   22.2944584431761        15.3610819155818        18.6992463622832        19.1507036897139     
   4.87629490548043        14.5498379054640        5.98491888456548        22.9073844079211     
   9.33991473553094        22.4996303941059        17.7346726687330        11.3666433787447     
   21.8001020247185        15.1867006173182        16.3080749002088       1.202368364623161E-002
   5.38338903884692        17.6466585850339        11.9077701239805        9.73235668599944     
   5.98438655234022        19.6076956719084        5.11914925873180        10.9590142390813     
   7.10775641220861        9.97769287673486        18.6872226786369        7.24293356573342     
   10.9467363204465        8.56544993947448        19.9696607849167        17.7882351491893     
   13.4493190636226        15.3918739818973        6.77565701600237        16.3965207001078     
   11.8224077343343        4.23996429687168        9.06514133447536        3.75946289872951     
   20.5350376857231        4.19733810776204        17.8366335611419        2.95669966999707     
   14.3096125704429        7.78528652392475        12.4397271449747        1.89387290460592     
   2.86779211533694        13.1597551910117        14.9277597799074        13.1233985909422     
   6.74939679903514        17.9729373690316        17.0129611149197        5.34850659056525     
   5.66403253969782        12.5240818665604        4.88178411139645        1.46876092020038     
   22.3797525433225        21.2076660841872        19.6588413298839        10.4636003701605     
   2.56209890304222        22.2504055680642        12.4881269705767        21.7920141449513     
   1.78552929023320        9.12263398060221        10.9709662247743        5.95213016107273     
   5.37722461750040        10.5976562879695        4.46415799609757       0.635271620365494     
   8.21609123097093        16.1874066651491        18.9380455563190        18.0946403657910     
   20.2584971454463        7.14685583541066        22.6467525366744        20.7217029241028     
   11.7820948417037        12.9915748532163        19.0235697095184        15.2426548138415     
   10.0917908242438        1.99190700896861        18.1105851911364        22.8623616082769     
   18.3557720411732        21.0576377252492        13.9663618870222        10.6456590379050     
   16.1027483506348       0.505864050076373        12.9386017686068        6.24178642922909     
   6.22418280835300        21.5487332103265        19.7927839480421        4.12827706511946     
   22.9179594201971        14.7612074847759        12.0010920851200        7.78309974184672     
   11.2762307916273        6.76739204486328        12.7817832802893        19.1669708657994     
   12.2601562002680        2.79104758877152        13.9823067123676        10.8612681095075     
   3.59456455639735        9.78140693362189        6.18326214517545        21.5809757576158     
   9.33535489212219        11.9628064361591        17.4887309028074        15.9765783032121     
   3.43313380593216        17.9541686539292        8.93151583853459        21.6621149199440     
   13.1365510729259        5.42585117900435        14.1372163275043        14.0114688390393     
   23.0305229418189        3.33425682528180        20.5223035634278        10.2354550272648     
   18.0230875463388        13.3715951021963        16.0372903787743        20.4411503683539     
   21.8858119637437        10.4679825781536        15.8888918924868        1.05867078053861     
   6.00109806684038        17.6568188898202        7.25327587554264        23.6563865107885     
   13.7786372900865        19.7854552765362        12.2074640565313        5.77322161380788     
   2.66856849477225        23.1418531121640        13.0785455469657        6.75819154984736     
   5.37370405199871        13.2727181215460        20.5830170526393        21.7450895570841     
   21.9547308561533        10.7030266074241        10.2640673513171        7.36260482138826     
   22.4610588515797        5.09427852615491        9.13069892899012        4.19275372789931     
   16.4454785316451        19.4191866200176        9.22528490480921        13.3923177458221     
   3.07561068266244        21.0414964249565        4.84485923514308        20.3596212711684     
   21.2913885549680        6.69637458051887        8.88579040541705        21.2500066450382     
   9.67161601833183        10.1971074388835        7.19069789316788        16.9002303219410     
  0.913234431196876        13.1287366388067        13.6215460801487        22.1939130023219     
   15.7646828574115        19.1397610941738        11.5977922839520        20.7191544210821     
   6.24836967911225        18.5059507751714        16.0421545828682        23.4878716656734     
   13.6639726302064        5.27681215389563        6.36804481917187        8.76182898721646     
   2.15162746079425       0.448003487757299        11.8837359843349        5.20785206216998     
   14.8827652431605        20.2502333950278        7.41992481384514        10.5321840891198     
   19.3535222773012        10.9771091780125        4.85971567928289        10.3101770179869     
   15.3166793696542        4.25699585101330        6.38994022178199        13.2992296072370     
   9.71523628408443        22.8695284978701        5.50996908009901        18.6281545727412     
   2.68686345219390        13.6772313705921        19.7749678011849        2.37188735178516     
   21.6117316097809        14.4498657900235        22.3016049634487        23.4149815684217     
   15.7303353316410        17.5633685291846        12.5088688274546        14.4743162879349     
   5.67628949305984        13.0824775682315        2.48782832749773        11.7256706408890     
  0.866812165981350        12.2437591057230        6.69205865336033       0.790359366133045     
   15.8689677548998        17.1932375911610        14.7527513785148        16.1403262452435     
   13.3214858839624        12.8104192046107        8.04929574664664        19.3969286984248     
   9.36797109040866        22.2979980351237        21.5112455973156        8.66222877625757     
   22.2541977404801        4.24188123157292        20.0856411685618        6.42502054128828     
   16.5829702884491        3.71450506417356        6.80799821542359        13.9315250435733     
   2.28591271720832        13.7066599515936        21.7469284634534        4.42181678392193     
   11.6270851096776       0.610267302711868        8.32773083722648        9.33232802981990     
   9.60698081978880        10.5245050737531        17.8348707030733        21.3671002349714     
   19.3784097251657        10.6709129254461        17.0894273997444       0.334497939031087     
   21.6439304377682        18.3520004117841        10.7533131387419        12.3072484245657     
   6.05846380104667        8.05319392535848        9.15799798045220        20.5591962301797     
   15.3320983781129        15.7798295138254        21.4124291107730        17.3856022315307     
   16.9921832842442        18.2689020880159        19.7375809990115       0.174328635718379     
   1.55378689443032        18.9095052819909        20.9927744728936        23.6717697105490     
   3.59857879769103        17.3958282275526        23.4209251682136        4.31401552637026     
   3.37502693610299        16.7982135173538        10.5789845030235        15.0315739516720     
   10.8660571054064        4.45461371401813        9.20332685625385        20.8553710619660     
   21.6533687369109        12.4048025777224        17.0984121707534        6.80661772850721     
  0.193969766890359        7.40284498260943        4.70600704733949        14.6881017794645     
   20.8162717667629        20.9732365450800       0.137401997278305        6.57335612614626     
   14.9108762199686        17.2018584606623        16.6143060260571        23.3251084790308     
   19.6892805398442        19.6990403369416        19.6079813099097        14.8941705407444     
   13.6099205603264        13.2608374940495        2.62996931645827        4.24106362225959     
   4.45151027624863        16.4326206242289        17.4904036917227        10.9157350049482     
