-0.64 0.0001707
-1.28 0.0003416
-1.92 0.0006258
-2.56 0.0011974
-3.2 0.0022064
-3.84 0.0041895
-4.48 0.0078815
-5.12 0.0143681
-5.76 0.026054
-6.4 0.0453806
-7.04 0.074804
-7.68 0.115572
-8.32 0.164813
-8.96 0.21813
-9.6 0.269653
-10.24 0.315914
-10.88 0.355249
-11.52 0.387108
-12.16 0.412072
-12.8 0.431272
-13.44 0.445836
-14.08 0.456625
-14.72 0.464817
-15.36 0.470914
-16 0.475624
-16.64 0.47911
-17.28 0.481919
-17.92 0.484215
-18.56 0.485949
-19.2 0.487428
-19.84 0.488847
-20.48 0.489196
-21.12 0.490683
-21.76 0.49148
-22.4 0.490815
-23.04 0.49193
-23.68 0.491205
-24.32 0.490462
-24.96 0.4902
-25.6 0.488318
-26.24 0.488262
-26.88 0.485752
-27.52 0.483509
-28.16 0.481065
-28.8 0.478996
-29.44 0.476122
-30.08 0.470929
-30.72 0.464913
-31.36 0.457524
-32 0.447942
-32.64 0.43546
-33.28 0.420075
-33.92 0.401108
-34.56 0.379309
-35.2 0.354108
-35.84 0.326733
-36.48 0.297776
-37.12 0.268167
-37.76 0.239263
-38.4 0.211582
-39.04 0.186143
-39.68 0.163135
-40.32 0.143078
-40.96 0.125272
-41.6 0.110276
-42.24 0.0973947
-42.88 0.0866459
-43.52 0.0775934
-44.16 0.0700619
-44.8 0.0640811
-45.44 0.0587103
-46.08 0.0545467
-46.72 0.0508447
-47.36 0.0478159
-48 0.0450259
-48.64 0.0431543
-49.28 0.0417786
-49.92 0.0401631
-50.56 0.0378736
-51.2 0.0376678
-51.84 0.0358971
-52.48 0.0353481
-53.12 0.0355955
-53.76 0.0354408
-54.4 0.0344304
-55.04 0.0334651
-55.68 0.0345624
-56.32 0.0336256
-56.96 0.034
-57.6 0.033
-58.24 0.0333206
-58.88 0.0335499
-59.52 0.034
-60.16 0.033
-60.8 0.0333053
-61.44 0.033
-62.08 0.034
-62.72 0.0348175
-63.36 0.0341415
-64 0.032

