-0.53 0.0001555
-1.06 0.0002677
-1.59 0.0004544
-2.12 0.0007649
-2.65 0.0012918
-3.18 0.0022111
-3.71 0.00371
-4.24 0.0061729
-4.77 0.0103757
-5.3 0.016987
-5.83 0.0276199
-6.36 0.0437587
-6.89 0.0662857
-7.42 0.0959882
-7.95 0.132176
-8.48 0.171337
-9.01 0.21106
-9.54 0.247481
-10.07 0.27815
-10.6 0.302221
-11.13 0.318591
-11.66 0.327669
-12.19 0.329696
-12.72 0.325811
-13.25 0.316284
-13.78 0.302408
-14.31 0.28556
-14.84 0.266289
-15.37 0.245839
-15.9 0.224822
-16.43 0.204303
-16.96 0.184796
-17.49 0.166242
-18.02 0.149411
-18.55 0.13422
-19.08 0.12054
-19.61 0.108681
-20.14 0.0981819
-20.67 0.089019
-21.2 0.0813212
-21.73 0.0744751
-22.26 0.0686093
-22.79 0.0633657
-23.32 0.0590691
-23.85 0.0553068
-24.38 0.0524322
-24.91 0.0498508
-25.44 0.0471343
-25.97 0.0457065
-26.5 0.0432132
-27.03 0.0423847
-27.56 0.0404876
-28.09 0.0385026
-28.62 0.037872
-29.15 0.0366901
-29.68 0.0369413
-30.21 0.0364131
-30.74 0.034459
-31.27 0.0341312
-31.8 0.0354687
-32.33 0.0343056
-32.86 0.0339752
-33.39 0.0341161
-33.92 0.032441
-34.45 0.0333107
-34.98 0.0338164
-35.51 0.0318555
-36.04 0.0330101
-36.57 0.0338114
-37.1 0.0341205
-37.63 0.0328089
-38.16 0.0326755
-38.69 0.033459
-39.22 0.0331887
-39.75 0.032842
-40.28 0.0333273
-40.81 0.0319621
-41.34 0.0318271
-41.87 0.0344724
-42.4 0.0337299
-42.93 0.0328133
-43.46 0.0316591
-43.99 0.0316801
-44.52 0.032198
-45.05 0.0333243
-45.58 0.0338242
-46.11 0.0323898
-46.64 0.0318256
-47.17 0.0355827
-47.7 0.0341389
-48.23 0.0328441
-48.76 0.0328353
-49.29 0.032167
-49.82 0.0334384
-50.35 0.0319717
-50.88 0.031938
-51.41 0.0335455
-51.94 0.032451
-52.47 0.0338072
-53 0.03477

