-0.58 0.0001652
-1.16 0.0003004
-1.74 0.0005122
-2.32 0.0009234
-2.9 0.0016576
-3.48 0.0029411
-4.06 0.0051961
-4.64 0.0091742
-5.22 0.015791
-5.8 0.0269663
-6.38 0.0446768
-6.96 0.0706924
-7.54 0.105769
-8.12 0.148558
-8.7 0.196127
-9.28 0.244067
-9.86 0.289138
-10.44 0.329014
-11.02 0.362301
-11.6 0.390088
-12.18 0.412059
-12.76 0.429016
-13.34 0.442115
-13.92 0.451964
-14.5 0.459498
-15.08 0.464708
-15.66 0.468066
-16.24 0.469694
-16.82 0.470147
-17.4 0.469199
-17.98 0.46709
-18.56 0.463341
-19.14 0.457747
-19.72 0.450584
-20.3 0.440947
-20.88 0.42895
-21.46 0.414384
-22.04 0.396963
-22.62 0.376682
-23.2 0.35402
-23.78 0.329207
-24.36 0.303096
-24.94 0.276467
-25.52 0.249932
-26.1 0.224383
-26.68 0.200273
-27.26 0.177985
-27.84 0.157919
-28.42 0.139933
-29 0.124242
-29.58 0.110621
-30.16 0.0987637
-30.74 0.0888007
-31.32 0.0802713
-31.9 0.0728985
-32.48 0.066777
-33.06 0.0615477
-33.64 0.0574289
-34.22 0.0535139
-34.8 0.0504721
-35.38 0.047911
-35.96 0.0457521
-36.54 0.0432819
-37.12 0.04205
-37.7 0.0401194
-38.28 0.039349
-38.86 0.0380214
-39.44 0.0371694
-40.02 0.0360479
-40.6 0.0344112
-41.18 0.0348239
-41.76 0.0345834
-42.34 0.0328131
-42.92 0.0336717
-43.5 0.0340057
-44.08 0.0330551
-44.66 0.0332751
-45.24 0.032603
-45.82 0.0336679
-46.4 0.0343243
-46.98 0.0345749
-47.56 0.034225
-48.14 0.0319987
-48.72 0.0341685
-49.3 0.0329979
-49.88 0.0339992
-50.46 0.0319978
-51.04 0.0342745
-51.62 0.0341946
-52.2 0.0329991
-52.78 0.0329988
-53.36 0.0322637
-53.94 0.0337105
-54.52 0.0336514
-55.1 0.0345097
-55.68 0.0329991
-56.26 0.0346843
-56.84 0.0329997
-57.42 0.0331688
-58 0.0329989

