-0.58 7e-07
-1.16 4e-07
-1.74 0
-2.32 8e-07
-2.9 1.6e-06
-3.48 1.7e-06
-4.06 4.2e-06
-4.64 6.1e-06
-5.22 1.16e-05
-5.8 1.48e-05
-6.38 2.78e-05
-6.96 6.49e-05
-7.54 0.0001002
-8.12 0.0001382
-8.7 0.0002229
-9.28 0.0003436
-9.86 0.0004997
-10.44 0.0007073
-11.02 0.0010064
-11.6 0.0014647
-12.18 0.0021001
-12.76 0.0029071
-13.34 0.0042045
-13.92 0.0060314
-14.5 0.0085797
-15.08 0.0123455
-15.66 0.0173146
-16.24 0.024001
-16.82 0.0319854
-17.4 0.0410238
-17.98 0.0510714
-18.56 0.0630842
-19.14 0.077331
-19.72 0.0937948
-20.3 0.114548
-20.88 0.139569
-21.46 0.169469
-22.04 0.204815
-22.62 0.245718
-23.2 0.291318
-23.78 0.341123
-24.36 0.393478
-24.94 0.446815
-25.52 0.499973
-26.1 0.551113
-26.68 0.599371
-27.26 0.643972
-27.84 0.684118
-28.42 0.720099
-29 0.751491
-29.58 0.778739
-30.16 0.802458
-30.74 0.822389
-31.32 0.839449
-31.9 0.854195
-32.48 0.866443
-33.06 0.8769
-33.64 0.88514
-34.22 0.89297
-34.8 0.899053
-35.38 0.904175
-35.96 0.908494
-36.54 0.913434
-37.12 0.915898
-37.7 0.91976
-38.28 0.921301
-38.86 0.923955
-39.44 0.92566
-40.02 0.927903
-40.6 0.931176
-41.18 0.930351
-41.76 0.930832
-42.34 0.934373
-42.92 0.932655
-43.5 0.931988
-44.08 0.933889
-44.66 0.933449
-45.24 0.934793
-45.82 0.932661
-46.4 0.931349
-46.98 0.930848
-47.56 0.931549
-48.14 0.936001
-48.72 0.931662
-49.3 0.934002
-49.88 0.932001
-50.46 0.936002
-51.04 0.931449
-51.62 0.931609
-52.2 0.934001
-52.78 0.934001
-53.36 0.935471
-53.94 0.932577
-54.52 0.932695
-55.1 0.93098
-55.68 0.934001
-56.26 0.93063
-56.84 0.934
-57.42 0.933661
-58 0.934001

