-0.25 3.4409657e-08
-0.5 4.4181586e-08
-0.75 5.6728157e-08
-1 7.2836896e-08
-1.25 9.3518657e-08
-1.5 1.2007083e-07
-1.75 1.5415832e-07
-2 1.9791738e-07
-2.25 2.540884e-07
-2.5 3.2618586e-07
-2.75 4.1871548e-07
-3 5.374512e-07
-3.25 6.8978805e-07
-3.5 8.8519049e-07
-3.75 1.1357604e-06
-4 1.456954e-06
-4.25 1.8684822e-06
-4.5 2.3954341e-06
-4.75 3.0696683e-06
-5 3.9315162e-06
-5.25 5.0318421e-06
-5.5 6.4344882e-06
-5.75 8.2191144e-06
-6 1.0484398e-05
-6.25 1.33515e-05
-6.5 1.6967634e-05
-6.75 2.1509468e-05
-7 2.7186056e-05
-7.25 3.424094e-05
-7.5 4.2953183e-05
-7.75 5.363728e-05
-8 6.66422e-05
-8.25 8.2350185e-05
-8.5 0.00010117615
-8.75 0.0001235686
-9 0.00015001274
-9.25 0.00018103614
-9.5 0.00021721699
-9.75 0.0002591945
-10 0.00030768118
-10.25 0.00036347667
-10.5 0.00042748276
-10.75 0.00050071982
-11 0.00058434452
-11.25 0.00067966925
-11.5 0.00078818347
-11.75 0.00091157734
-12 0.001051768
-12.25 0.0012109292
-12.5 0.0013915239
-12.75 0.0015963417
-13 0.0018285401
-13.25 0.002091691
-13.5 0.0023898334
-13.75 0.0027275311
-14 0.0031099382
-14.25 0.0035428721
-14.5 0.0040328942
-14.75 0.0045873995
-15 0.005214716
-15.25 0.0059242143
-15.5 0.0067264269
-15.75 0.0076331796
-16 0.0086577337
-16.25 0.0098149384
-16.5 0.011121395
-16.75 0.012595629
-17 0.014258273
-17.25 0.016132249
-17.5 0.018242958
-17.75 0.020618461
-18 0.023289657
-18.25 0.026290432
-18.5 0.029657785
-18.75 0.033431915
-19 0.037656241
-19.25 0.042377352
-19.5 0.047644865
-19.75 0.053511156
-20 0.060030954
-20.25 0.067260776
-20.5 0.075258172
-20.75 0.084080767
-21 0.093785099
-21.25 0.10442525
-21.5 0.11605126
-21.75 0.12870744
-22 0.14243046
-22.25 0.15724753
-22.5 0.17317449
-22.75 0.19021415
-23 0.20835481
-23.25 0.22756915
-23.5 0.24781359
-23.75 0.26902819
-24 0.29113711
-24.25 0.31404964
-24.5 0.33766182
-24.75 0.3618586
-25 0.38651625
-25.25 0.41150521
-25.5 0.43669296
-25.75 0.4619469
-26 0.48713711
-26.25 0.51213887
-26.5 0.53683479
-26.75 0.56111663
-27 0.5848866
-27.25 0.60805833
-27.5 0.6305574
-27.75 0.65232146
-28 0.67330008
-28.25 0.69345433
-28.5 0.7127561
-28.75 0.73118735
-29 0.74873914
-29.25 0.76541069
-29.5 0.7812084
-29.75 0.79614483
-30 0.81023779
-30.25 0.82350939
-30.5 0.83598525
-30.75 0.84769373
-31 0.8586652
-31.25 0.86893149
-31.5 0.87852534
-31.75 0.8874799
-32 0.89582842
-32.25 0.90360384
-32.5 0.91083858
-32.75 0.91756428
-33 0.92381166
-33.25 0.92961037
-33.5 0.9349889
-33.75 0.93997451
-34 0.94459315
-34.25 0.94886953
-34.5 0.95282701
-34.75 0.95648768
-35 0.95987236
-35.25 0.96300063
-35.5 0.96589088
-35.75 0.96856031
-36 0.97102504
-36.25 0.97330014
-36.5 0.97539963
-36.75 0.97733662
-37 0.97912328
-37.25 0.98077095
-37.5 0.98229016
-37.75 0.98369068
-38 0.98498158
-38.25 0.98617127
-38.5 0.98726752
-38.75 0.98827757
-39 0.98920808
-39.25 0.99006522
-39.5 0.9908547
-39.75 0.9915818
-40 0.9922514
-40.25 0.99286799
-40.5 0.99343573
-40.75 0.99395847
-41 0.99443973
-41.25 0.99488278
-41.5 0.99529065
-41.75 0.9956661
-42 0.99601169
-42.25 0.9963298
-42.5 0.99662259
-42.75 0.99689207
-43 0.9971401
-43.25 0.99736836
-43.5 0.99757843
-43.75 0.99777176
-44 0.99794968
-44.25 0.99811341
-44.5 0.99826408
-44.75 0.99840273
-45 0.99853031
-45.25 0.99864772
-45.5 0.99875575
-45.75 0.99885516
-46 0.99894663
-46.25 0.9990308
-46.5 0.99910825
-46.75 0.99917951
-47 0.99924508
-47.25 0.99930541
-47.5 0.99936092
-47.75 0.999412
-48 0.999459
-48.25 0.99950224
-48.5 0.99954203
-48.75 0.99957863
-49 0.99961231
-49.25 0.9996433
-49.5 0.99967182
-49.75 0.99969805

