         103         102
          14
           1  6.317519700301031E-021  2.921758548210881E-023
           2  9.580277469751577E-014  4.446562415672345E-016
           6  5.911088784651909E-008  2.769042554302283E-010
          18  6.608704873802277E-010  3.074837285281636E-012
          25  1.949944759280542E-012  9.063222491588711E-015
          29  2.881134054702428E-009  1.342092334221822E-011
          33  1.702831254379526E-009  7.944372761138605E-012
          37  1.887732528926811E-007  8.822470214323407E-010
          45  2.547065301208326E-008  1.186559383969569E-010
          59  7.661064933936930E-010  3.565916727755154E-012
          60  2.284202126118465E-009  1.065827656685070E-011
          63  8.964846210637954E-010  4.194859305329529E-012
          85  3.940773784412472E-009  1.833865434302610E-011
          90  2.061878080808671E-010  9.635344492598904E-013
          11
           9  1.395627628645750E-021  6.439325377300862E-024
          12  6.795299367748936E-012  3.183807032642633E-014
          13  6.376853601821414E-008  3.030774486995047E-010
          36  6.820854236871376E-026  3.139710508267890E-028
          49  2.114607017115362E-019  9.745696781344374E-022
          56  6.491826752040566E-006  3.103438474286179E-008
          67  4.468389997700102E-021  2.063522831357131E-023
          70  2.727494880198245E-014  1.263850327566342E-016
          89  4.522725568547308E-013  2.097985731907629E-015
          92  4.296452179447480E-007  2.048189703882754E-009
          96  1.125261698378789E-012  5.225834491074477E-015
          15
           5  2.562122686621516E-009  1.290302001465098E-011
           9  3.674146829800473E-016  1.749802787905215E-018
          12  6.120643642868080E-016  2.917850600053360E-018
          13  1.095152007331585E-015  5.231016317033289E-018
          21  2.563923520079695E-008  1.304477139284524E-010
          30  3.936857369793502E-005  2.057684016936749E-007
          36  4.398711056858624E-006  2.254898622298379E-008
          38  4.617241038743928E-007  2.390808516106960E-009
          41  2.097275627676177E-004  1.090057782098914E-006
          52  1.376944343916972E-010  6.917752724539760E-013
          54  2.925304667089959E-027  1.353917757833165E-029
          56  6.420643399118088E-012  3.150378113539187E-014
          67  6.712341849105455E-004  3.522332200244795E-006
          83  2.266316230405684E-005  1.176670077706478E-007
          92  8.173011302696370E-011  4.044509402178572E-013
          22
           5  7.668979053366056E-018  3.553440844883587E-020
           7  1.485119139137081E-005  7.131804471876911E-008
           9  1.555883398337874E-025  7.187652351565693E-028
          20  7.868968693743398E-005  3.777930070762126E-007
          23  5.268137985047365E-010  2.483432012502782E-012
          24  4.262470662877528E-008  2.032912044705519E-010
          26  6.989036753844092E-027  3.227111635027399E-029
          32  3.965108249012615E-007  1.890005786105906E-009
          54  2.546591019687773E-008  1.216513265313029E-010
          65  1.161498295985699E-007  5.554660796262341E-010
          69  1.495432995056709E-010  7.028535645688786E-013
          72  1.465005005978610E-012  6.818857399596947E-015
          73  2.047927234725164E-006  9.771606071975337E-009
          75  1.803625865630702E-006  8.682493559663429E-009
          77  5.905646293997544E-008  2.814025469304394E-010
          86  4.050513035225473E-007  1.925402824721402E-009
          88  9.554685971651999E-013  4.456692987280154E-015
          93  3.565100193648778E-021  1.646801220468873E-023
          94  3.043893463384345E-018  1.408941261924516E-020
          95  1.578015553181707E-016  7.324890407350094E-019
          97  7.311404616732358E-025  3.370417694761073E-027
          98  2.580880235244499E-015  1.202037107492820E-017
          10
          14  3.624319126289321E-018  1.671475633340190E-020
          18  7.787239928534781E-010  3.600866577745322E-012
          27  5.900188063661888E-020  2.715218496751717E-022
          33  3.378370630136387E-010  1.565229265834886E-012
          44  3.381461947253497E-018  1.561837917585655E-020
          59  3.556309450135694E-008  1.647718724825144E-010
          60  3.312150030362676E-017  1.531362580040193E-019
          68  6.300050914737090E-013  2.911362476836279E-015
          85  3.317178972561873E-016  1.528638266137916E-018
          90  1.442841070789360E-008  6.716522161779366E-011
           8
          11  1.422734378774952E-005  6.984147381616413E-008
          17  1.930755546393523E-006  9.420991223566990E-009
          38  6.101635296697195E-020  2.825270024841173E-022
          44  6.797399457561352E-009  3.269230452813403E-011
          52  4.100763137935728E-015  1.931471949451855E-017
          68  5.673899390340900E-010  2.712302956279024E-012
          81  4.042769568509443E-007  1.967732465480478E-009
          97  8.778731944519986E-024  4.038128744657503E-026
          15
          11  4.377983902462969E-006  2.217368346913634E-008
          17  5.691349024070627E-005  2.890621800005357E-007
          21  2.144562180075516E-006  1.092507569576596E-008
          30  3.050849006704584E-014  1.470278826882648E-016
          38  8.986753446744766E-007  4.605678471455536E-009
          41  8.891678185586413E-019  4.156848176329186E-021
          44  1.653882062898480E-013  7.936479051795308E-016
          52  8.749418008123910E-008  4.453413289591619E-010
          63  4.930149496977673E-010  2.431410170554101E-012
          68  4.023310841216306E-012  1.947635796222779E-014
          81  1.216197909729707E-023  5.633077320243274E-026
          83  2.915131336169482E-011  1.436510762603417E-013
          90  7.967623952330229E-017  3.762047069460855E-019
          97  4.791766579527169E-015  2.287830285689210E-017
          98  5.086228402190434E-023  2.353131017444072E-025
          10
           8  3.478856262985133E-009  1.617629625646936E-011
          32  2.947004406883895E-019  1.354935790877068E-021
          48  6.109170236628243E-029  2.811427523832941E-031
          57  3.984735754628236E-008  1.849525373375874E-010
          69  3.617815350884788E-011  1.674166214739353E-013
          76  2.424419700894677E-012  1.116221828519011E-014
          77  1.316600731302753E-012  6.101339138473949E-015
          87  2.059527823879250E-007  9.584450721790705E-010
          94  2.314765254607552E-008  1.076561431571940E-010
          95  1.387071012730740E-008  6.457500971691677E-011
          19
           5  8.300470385454325E-008  4.261981532636309E-010
           7  1.676922673261727E-008  8.516985783574106E-011
           9  2.014599690247948E-015  9.673870257982447E-018
          20  1.250505543344870E-020  5.818752261210623E-023
          21  1.281598118022607E-013  6.259524431500702E-016
          30  1.353681906349486E-003  7.187837118814019E-006
          32  3.312370842988233E-011  1.640978999704582E-013
          38  5.581544528458253E-004  2.967047803229969E-006
          41  1.710222567474380E-013  8.365651262475025E-016
          52  1.200276945270894E-003  6.390473875608383E-006
          54  7.640910800425533E-009  3.888293926216540E-011
          65  2.817631553061206E-007  1.447772619186676E-009
          67  2.348463098195455E-005  1.234030787993600E-007
          69  4.936748933372630E-016  2.352882224387793E-018
          75  1.049728606464491E-006  5.426199983750150E-009
          77  1.248913626937693E-019  5.846440749634411E-022
          83  2.155822628797493E-013  1.057769939138043E-015
          97  1.224998744715710E-004  6.425975995019901E-007
          98  1.382692739558053E-004  7.260625046804579E-007
           5
          15  8.794246242222111E-022  4.047143821634321E-024
          22  1.340913059038019E-023  6.193514202163485E-026
          34  2.261836636693036E-020  1.039758067085732E-022
          84  3.178083469700088E-018  1.468663479116711E-020
          91  9.790743474185168E-029  4.511432408268533E-031
           1
         101  1.063972035315415E-022  4.919376429437147E-025
           9
           1  6.816140393631093E-030  3.141533699537049E-032
           2  1.341653514638183E-012  6.198343022303512E-015
           6  2.096237380142127E-023  9.687887923275441E-026
          10  2.601588758425063E-014  1.200747049936338E-016
          25  3.278376408237478E-018  1.515171143970447E-020
          29  1.069058111671863E-017  4.925705937325700E-020
          37  2.659169620631142E-017  1.226705130536467E-019
          45  1.079578893792530E-014  4.970810224336960E-017
          50  1.184573420977178E-019  5.468994278832625E-022
          10
          19  2.155557418156410E-020  9.947218422578415E-023
          28  2.865509397021343E-015  1.321108709727832E-017
          64  8.527969215109285E-013  3.933852097076712E-015
          74  3.446697928173549E-015  1.591187333142030E-017
          79  1.378915456008529E-023  6.364359724299014E-026
          80  6.409409900540262E-011  2.957095702853705E-013
          81  3.757078131614708E-016  1.738386383148808E-018
          82  5.468806802541743E-019  2.520702639666245E-021
         100  1.416662571070783E-016  6.547911634822384E-019
         101  4.702475913627396E-017  2.171117877090028E-019
           2
          64  3.082957423005035E-027  1.422377741667154E-029
          79  1.572292918465053E-024  7.261315310417588E-027
           8
          12  1.910956187538533E-024  8.809173609080161E-027
          13  4.005279851779252E-011  1.862338695342054E-013
          49  5.829553121734640E-027  2.683335033372041E-029
          56  1.097277593792828E-009  5.115787446503059E-012
          70  1.004765414646526E-009  4.656827475573507E-012
          89  1.587497137345365E-011  7.324414579686444E-014
          92  5.832265510585000E-011  2.710630443227726E-013
          96  1.376750562100237E-010  6.363694110747451E-013
           2
          91  9.067442569540066E-026  4.179805163797517E-028
          96  3.118978197559445E-024  1.435216970312969E-026
           1
          46  9.140560260772879E-018  4.224461095869286E-020
          10
           8  5.304879456550988E-008  2.476784562933808E-010
          57  4.792070275257740E-013  2.218291646803328E-015
          69  7.096541242507809E-021  3.270835373616146E-023
          76  3.103640678535926E-020  1.429338915430947E-022
          80  2.238475658932676E-014  1.033685901484168E-016
          81  1.660230925684817E-018  7.688606962028184E-021
          87  6.509749577491982E-009  3.031374856802552E-011
          94  9.739440559405376E-021  4.507032734694556E-023
          95  1.459333591120538E-024  6.761275538605130E-027
         101  4.124577365186055E-010  1.915951472667652E-012
           6
          13  1.338615672530554E-013  6.215941399112678E-016
          56  5.372312804014333E-013  2.496208243991536E-015
          70  2.333392080177958E-009  1.083170225358337E-011
          89  1.476009689008845E-012  6.819261132130316E-015
          92  5.432911585536246E-014  2.518991283399676E-016
          96  1.320692026332497E-010  6.114427320175687E-013
           9
          15  1.217234374853154E-013  5.611497385724448E-016
          23  6.780522704512306E-010  3.142178740899051E-012
          24  7.519152486921253E-013  3.496161395290028E-015
          72  1.747298700305911E-011  8.053796943552139E-014
          73  9.040597530829719E-012  4.185141432425213E-014
          84  2.062374120687825E-013  9.548671857783485E-016
          86  1.473394038887123E-016  6.788248145861005E-019
          88  7.240192219010934E-018  3.345010230607565E-020
          93  8.650397532798098E-012  3.999265278448795E-014
           6
          16  1.724068009696465E-017  7.993627428553076E-020
          23  8.133405385335626E-023  3.766633171720154E-025
          26  2.708259612670607E-013  1.252170180265356E-015
          72  3.003677723325350E-015  1.384552936615604E-017
          88  2.286285900875647E-011  1.057279788373360E-013
          93  8.755977561524313E-023  4.048917663537008E-025
           5
          61  9.431366628460004E-019  4.362813925973313E-021
          64  3.208413577548003E-012  1.485742322672712E-014
          79  4.371718919698782E-014  2.026318938503550E-016
          80  8.484657617041431E-012  3.927139969174956E-014
         101  3.168244400984216E-012  1.469318462460764E-014
           3
           3  1.505992062754496E-011  6.964623388255129E-014
          42  1.680745639257675E-009  7.763485582328942E-012
          51  9.379739714517954E-010  4.342861498051649E-012
          12
           6  7.164479507905423E-013  3.452444715748717E-015
          17  2.978099140784043E-012  1.441858357903778E-014
          21  1.664424162163893E-003  8.578373824917048E-006
          29  2.193997452456674E-014  1.044127923476341E-016
          30  5.828829947947173E-014  2.811894413482150E-016
          36  3.879710239171713E-009  1.924936643787577E-011
          38  6.269147023717255E-009  3.157155142831740E-011
          41  1.434191943226292E-005  7.319010800269311E-008
          52  4.939213146509568E-016  2.353058151529576E-018
          63  2.091834684482282E-006  1.053567423245600E-008
          67  1.708548022398578E-017  8.055919332163249E-020
          83  2.762860365606428E-004  1.421902027197263E-006
          10
          11  3.864559685664354E-007  1.917494684132881E-009
          17  1.378032616306148E-007  6.808955741654097E-010
          21  6.764679809075270E-026  3.112683911143049E-028
          38  1.497336430215472E-009  7.425786619849489E-012
          44  8.289015332583785E-015  3.913278664397276E-017
          52  6.180967753541092E-008  3.096376296194944E-010
          68  3.344095272067671E-017  1.561055885154488E-019
          81  1.872137637021364E-006  9.308959124917500E-009
          97  2.725498625126714E-009  1.343057640258366E-011
          98  1.661089676700377E-011  8.056638019777750E-014
          12
           5  9.174723107747631E-012  4.542435374285881E-014
          21  5.013803859917193E-006  2.600965344908755E-008
          30  8.309083738087556E-005  4.370645225688454E-007
          36  3.810246021289306E-006  1.962276079911663E-008
          38  1.261393103817482E-005  6.615868641713136E-008
          41  6.895430586896370E-004  3.618316065345119E-006
          52  1.682579574060521E-008  8.650140686376509E-011
          56  2.230844154591188E-019  1.045893836358833E-021
          67  2.955957241027609E-004  1.556701616616456E-006
          83  2.587464934523383E-004  1.358051650887756E-006
          92  7.879995942855955E-018  3.716875840212500E-020
          97  2.249405384760178E-030  1.034593645848771E-032
          22
           5  2.026754412126731E-007  1.000666064414614E-009
           7  7.611142719210581E-004  3.797241738576230E-006
           9  7.505241301087807E-010  3.642299999051271E-012
          12  3.264540652902694E-017  1.526407584066480E-019
          20  6.656940120878885E-005  3.296997514881761E-007
          23  6.506121060546128E-022  3.019561840763164E-024
          24  7.302836981975635E-009  3.561598462207387E-011
          30  4.475264086731384E-011  2.175930384391096E-013
          32  8.368584557273655E-006  4.130694391773336E-008
          34  3.603613306546427E-017  1.677383998977579E-019
          38  2.337937735027111E-022  1.084509182082272E-024
          52  2.282544354953892E-012  1.101449698493403E-014
          54  5.611314454911654E-005  2.801003277165518E-007
          65  5.356009678014259E-005  2.666279431395115E-007
          67  4.245130559101940E-015  2.009607208406112E-017
          69  8.087958338076513E-009  3.930960702141854E-011
          73  5.894270537706217E-008  2.876491828693423E-010
          75  8.193947411102013E-004  4.112561596876723E-006
          77  1.593964997916610E-007  7.823384666099686E-010
          86  8.757388527478933E-007  4.296863053293295E-009
          97  3.645109140067544E-008  1.797460942902556E-010
          98  6.866412030509942E-007  3.410932719079946E-009
           7
           2  1.215423481570684E-011  5.640175998846992E-014
           6  1.330730302921049E-014  6.161791335369289E-017
          29  6.162072470973909E-011  2.858415490598606E-013
          43  2.681964252363849E-007  1.253413999016988E-009
          45  1.483664756781584E-016  6.833095040930305E-019
          47  1.822379750784739E-006  8.543670178237675E-009
          99  7.077851510260240E-018  3.267106417970802E-020
           4
          22  1.682476225135162E-014  7.779960543839239E-017
          34  1.937477981167953E-022  8.916465290317561E-025
          91  2.683662142803136E-014  1.238037854390644E-016
         102  1.078998304165736E-030  4.989820658317952E-033
          11
           1  1.441820010583657E-018  6.659933108418482E-021
           2  6.883404445896381E-014  3.186716669008283E-016
           6  6.488922300928403E-021  3.005490914514632E-023
          10  2.279135879141217E-014  1.054232581171121E-016
          25  1.127517131800702E-014  5.222489268272581E-017
          29  2.228778422292489E-018  1.029138431161689E-020
          37  7.839783850978508E-015  3.625008984040092E-017
          45  5.196580448576477E-014  2.398167063938565E-016
          50  2.404203821060619E-018  1.112420893307166E-020
          60  3.180763860815236E-022  1.474025335753961E-024
          85  1.262560246707718E-022  5.831422225432142E-025
          15
           7  3.196703213929438E-021  1.473627398081531E-023
           9  3.769691592926990E-014  1.749158803118684E-016
          12  1.437202499624368E-022  6.644511148289128E-025
          15  3.775391740929717E-009  1.753022429839388E-011
          20  3.207158739790440E-012  1.488125188121245E-014
          23  5.810694645001250E-010  2.706914593178095E-012
          24  9.764465669664026E-007  4.597288160590471E-009
          34  1.660799693066092E-008  7.730618412461087E-011
          54  2.144592024705765E-012  1.000054835226185E-014
          72  2.985827033795062E-016  1.376089355084187E-018
          73  8.417625914977320E-008  3.936772581274730E-010
          75  6.879703867968903E-030  3.182213430763586E-032
          84  1.744518929818787E-007  8.158371327590180E-010
          86  2.621474919137716E-007  1.223903435408319E-009
          93  8.758546625097749E-019  4.048075563151305E-021
           9
           9  2.604527806974737E-018  1.203640787138191E-020
          12  2.678676847302009E-017  1.238060889222788E-019
          15  8.239353444477578E-014  3.795948561164866E-016
          22  2.721221137001253E-016  1.257745554259828E-018
          24  5.964966511881796E-016  2.768801276743508E-018
          34  5.204114140156588E-009  2.406764876041404E-011
          84  5.716929509473580E-011  2.649049239530309E-013
          86  1.366944258241220E-019  6.289101228876785E-022
          91  5.915336991999051E-014  2.728594626538044E-016
          15
           7  2.240703554443362E-011  1.044274726283105E-013
           9  2.096612997284947E-025  9.702957969886482E-028
          15  6.748383276392097E-012  3.128478015553304E-014
          20  7.656402325491588E-008  3.592898504542793E-010
          23  1.396995182910013E-007  6.550967320095682E-010
          24  1.305433005670545E-006  6.167534402889669E-009
          34  6.634239673330331E-013  3.071184272038456E-015
          54  1.145242241773545E-011  5.359743227018622E-014
          72  6.683474919312264E-010  3.106536323099177E-012
          73  3.261361009953118E-006  1.534884232154612E-008
          75  1.389264290283150E-013  6.475113148355600E-016
          84  1.294982155014087E-009  6.052935580977964E-012
          86  6.638344284176939E-007  3.112226517522761E-009
          88  1.473832648039898E-013  6.833914659234545E-016
          93  1.038919567665966E-011  4.829846160377811E-014
          12
           2  7.817522657177269E-008  3.630596213639860E-010
           6  2.151332608636237E-008  1.000654953319714E-010
          10  8.064394520975008E-014  3.720631143314754E-016
          25  1.594862324240265E-016  7.362556439952664E-019
          29  1.448244955793640E-007  6.721635310922558E-010
          37  2.339538278259086E-009  1.083670294856246E-011
          43  4.072331322040555E-015  1.878326052355568E-017
          45  4.613289218527128E-008  2.136315748258934E-010
          47  9.716921891664917E-010  4.507560099251471E-012
          60  1.947411754331744E-027  8.993509678680885E-030
          63  2.238208037949492E-015  1.034239615452006E-017
          85  8.436478249165887E-026  3.883035495184939E-028
           7
          14  4.289113759196669E-016  1.981732834159871E-018
          18  6.148481784098813E-011  2.841461443888243E-013
          33  3.396067371952872E-011  1.572922179822038E-013
          59  3.099725059753157E-012  1.432234036872566E-014
          60  3.718118527420752E-016  1.722201865357926E-018
          85  1.320546774063496E-015  6.096267161530294E-018
          90  5.133058938636490E-014  2.381811489999701E-016
          15
           6  3.799459817452239E-011  1.778450850416690E-013
          11  5.585794341829343E-009  2.642608990449516E-011
          17  1.632504048850443E-007  7.739630872593295E-010
          18  1.979873949928201E-010  9.253320776161072E-013
          29  8.094524414138045E-017  3.733787741194985E-019
          33  1.353440739099659E-010  6.334532477413188E-013
          37  3.017500727362139E-012  1.404622850941354E-014
          44  5.197539867280169E-010  2.440082797280780E-012
          45  2.055631224981284E-016  9.477320176458092E-019
          59  7.362125044150846E-006  3.487069498468942E-008
          60  2.369586911517664E-017  1.096532789808089E-019
          63  2.506226809882240E-007  1.190671721285536E-009
          68  8.277094947372482E-008  3.907921058741649E-010
          85  6.113491310215456E-016  2.823203666248194E-018
          90  1.928020848202741E-005  9.190118794220990E-008
           9
          11  2.648792706206062E-006  1.266587695423076E-008
          17  5.325873862599396E-006  2.543659722417792E-008
          18  4.163421055752998E-015  1.927532049347083E-017
          33  3.749040000093367E-016  1.736975848093637E-018
          44  1.224532589159591E-006  5.817772923958750E-009
          59  1.302269694218311E-006  6.170593704685655E-009
          63  3.034944892572438E-010  1.429745987515935E-012
          68  1.040955506054442E-005  4.955873604710691E-008
          90  7.099726092416365E-006  3.387895028838409E-008
          14
           6  9.344349658978127E-011  4.487743031490995E-013
          11  7.416533065822953E-007  3.652010933038828E-009
          17  4.749548916807440E-005  2.354731952560988E-007
          21  1.101742008096589E-006  5.463925492094264E-009
          29  1.030101061588575E-014  4.831883650151071E-017
          37  5.303417143925674E-018  2.462781046704052E-020
          38  3.466507396427750E-017  1.624338496593357E-019
          44  4.546655917512013E-012  2.165045250971057E-014
          45  5.006948960588021E-023  2.306224194371628E-025
          59  4.142788440420417E-009  1.999459780491643E-011
          63  4.621788096923219E-005  2.289784882609718E-007
          68  1.748343917727339E-009  8.444529315140595E-012
          83  1.936835932990257E-012  9.288141160802594E-015
          90  1.413368893988819E-007  6.910520638613705E-010
          14
           8  1.252010121402063E-005  5.951598204019041E-008
          32  8.641286387872268E-021  3.969328315962929E-023
          57  2.878399408711630E-017  1.327991633827889E-019
          65  2.802280401404938E-029  1.290202639374211E-031
          69  1.697164114014794E-010  7.937737846453919E-013
          77  2.312449298885758E-016  1.069684350752434E-018
          80  3.237234885639918E-011  1.506695039788432E-013
          81  9.137915503542246E-008  4.327472191677124E-010
          87  1.295511612263295E-007  6.111481822920026E-010
          94  2.096744425526661E-018  9.680406505927630E-021
          95  2.221083913214332E-020  1.026219235677647E-022
          97  2.076237187364071E-016  9.605708634648127E-019
          98  1.874030206968820E-019  8.647182925706206E-022
         101  1.618153909008675E-009  7.582369045909571E-012
           8
           4  1.959832343041066E-024  9.046463611717899E-027
          35  4.575130112282063E-018  2.114991063674983E-020
          39  4.638920021544370E-014  2.148648350364237E-016
          49  6.027659291458347E-011  2.788537978334761E-013
          56  2.556227273038458E-028  1.185232456722996E-030
          58  6.247981432009395E-017  2.887205037426905E-019
          71  5.735404206446797E-015  2.650621741442276E-017
          89  1.105768572300063E-012  5.105042583825057E-015
           4
          43  2.300269927566206E-012  1.063767182781680E-014
          47  1.177962207449781E-016  5.450935253698949E-019
          55  1.076906623858593E-020  4.973098704084610E-023
          99  2.205964556098460E-014  1.019730611477743E-016
          14
          11  6.453804034623598E-008  3.266758171363259E-010
          17  6.651161935283109E-006  3.399365576997793E-008
          21  1.418751245292337E-004  7.361934793870810E-007
          30  3.205892821038658E-011  1.600253263679337E-013
          38  4.919804545045596E-006  2.560193139099116E-008
          41  2.842727541606480E-010  1.421963223265635E-012
          44  5.577380755617178E-028  2.587708947434088E-030
          52  8.410609402344605E-008  4.327804330565576E-010
          63  4.774025714818702E-008  2.408419809934776E-010
          67  6.427813800000757E-024  2.988738026458345E-026
          68  1.241574313205047E-017  5.862612823437163E-020
          83  2.137656534095855E-007  1.094837106922797E-009
          90  8.140314721784882E-019  3.838788374466585E-021
          97  1.134412812697166E-018  5.342118663474316E-021
           4
          19  2.887993128570517E-019  1.337830005691147E-021
          28  7.210766664764435E-018  3.336969118714023E-020
          82  1.759974153538294E-019  8.143328240193325E-022
         100  3.975212924062704E-018  1.844369640956830E-020
           7
          19  1.031573332422742E-012  4.768709256479279E-015
          28  3.181700785174747E-011  1.469726302866877E-013
          66  1.038202909073375E-016  4.795733684946586E-019
          74  4.377372634581315E-022  2.023830547254223E-024
          78  1.571590925629560E-018  7.266613448939325E-021
          82  6.802072137104946E-015  3.140224687873386E-017
         100  1.099847738074579E-011  5.093109016409076E-014
           9
           2  3.705956065885992E-008  1.725075751857571E-010
           6  2.508575052779143E-009  1.168223407520508E-011
          10  2.840533648219418E-019  1.310711996066986E-021
          29  6.703413614565784E-008  3.118433522342496E-010
          37  7.363408813612117E-012  3.407424284531572E-014
          43  6.296498162829688E-010  2.922735345346161E-012
          45  2.328337374879361E-009  1.079182953464582E-011
          47  1.746195606410883E-007  8.146932305442797E-010
          63  1.852236307138620E-017  8.559692399658851E-020
           8
           8  1.794821966339885E-027  8.267868271719608E-030
          48  1.056128525850473E-017  4.853952834328139E-020
          57  4.849238113007558E-010  2.235314031714541E-012
          62  1.748204180761603E-025  8.044453543558517E-028
          76  3.302452807649323E-013  1.515831850395573E-015
          87  9.821120313631269E-013  4.526577788549835E-015
          94  1.979643111387231E-011  9.140236296879320E-014
          95  1.048416253509533E-011  4.846196491003626E-014
          15
           7  1.056883484991111E-015  4.902464645091809E-018
           8  3.108918228557390E-005  1.497105408272031E-007
          32  1.335277103696771E-006  6.408304843505377E-009
          52  6.216980883097821E-029  2.873475820834761E-031
          57  2.810981114084387E-011  1.320183112371014E-013
          65  2.464998160987516E-007  1.185006735378613E-009
          69  4.744943967705564E-005  2.286288143673426E-007
          75  2.374192068286172E-019  1.098941071998805E-021
          77  3.894774337723768E-006  1.874222783257764E-008
          81  3.055564733057855E-014  1.426691853331491E-016
          87  1.098889290309916E-005  5.276443671276941E-008
          94  5.937410798623424E-008  2.830724282553176E-010
          95  4.411829903211052E-008  2.103792219324341E-010
          97  1.532123831321111E-008  7.355712005814514E-011
          98  1.881318699440573E-008  9.044728585797586E-011
          16
           5  9.112786868152104E-011  4.282575993345714E-013
           7  2.283592005256760E-013  1.060452450146493E-015
           9  5.428665459102398E-008  2.566852775974979E-010
          12  1.011173758697793E-009  4.751605590274066E-012
          13  3.193239292675572E-016  1.479650491459165E-018
          15  2.305328514427393E-010  1.073664456782182E-012
          20  9.623676813563300E-011  4.496535620125435E-013
          23  2.079491035377511E-012  9.680809040453828E-015
          24  4.379272569734209E-006  2.082023751566105E-008
          34  4.054091951050769E-006  1.910743474937067E-008
          54  4.812835848505285E-008  2.282604315605169E-010
          73  1.121873102390782E-007  5.284921562642621E-010
          75  2.077831665868378E-013  9.692213492347784E-016
          84  1.351258865748953E-007  6.364972844287345E-010
          86  4.542367704260959E-006  2.144488104701118E-008
          92  6.697076715516792E-023  3.091420260550062E-025
           6
          14  2.563393160873725E-018  1.179213827481239E-020
          18  4.673661348001757E-014  2.149584776822680E-016
          27  1.341559215265821E-020  6.158143399288947E-023
          33  7.081771350037761E-015  3.264467059372877E-017
          59  1.327770543881399E-015  6.103910833970003E-018
          90  5.465595254494375E-019  2.523546291500307E-021
           8
          14  4.451892166420033E-016  2.056238052873000E-018
          18  1.505082607133133E-010  6.955575456807176E-013
          27  2.361070594499562E-024  1.088192906510008E-026
          33  7.543768503102986E-011  3.493694573311373E-013
          59  6.671279698867471E-011  3.083419053639758E-013
          60  1.997624229372561E-016  9.249705711044794E-019
          85  9.091355972384272E-016  4.195557619927511E-018
          90  3.996324407861402E-012  1.855151719816064E-014
           9
          19  4.803721949565365E-016  2.219053816774512E-018
          28  2.522718839454173E-012  1.166332845507334E-014
          64  1.096006509533937E-013  5.063028367032735E-016
          74  3.486699808657262E-018  1.610913473407472E-020
          80  3.827541379435567E-010  1.772902226424606E-012
          81  6.085076924782585E-010  2.838118105254823E-012
          82  2.679941820171247E-019  1.236274698487251E-021
         100  2.017725274835099E-013  9.345140714111133E-016
         101  3.167191999928176E-016  1.463782569952480E-018
          19
           7  2.901520566412259E-009  1.358880848381847E-011
          16  1.358727244209199E-018  6.289107135394535E-021
          20  4.532257490428432E-007  2.130064087539532E-009
          23  3.245235757316074E-011  1.510811476844332E-013
          24  9.970759240102307E-014  4.642001423515658E-016
          26  1.106249032739448E-011  5.135223492684913E-014
          32  5.003939954987212E-009  2.339544838391033E-011
          54  2.466757019055533E-023  1.140500948053375E-025
          65  2.053830710058502E-011  9.584205956963736E-014
          69  6.032160078518681E-012  2.798562545704265E-014
          72  1.365073929380715E-011  6.318061946269149E-014
          73  4.097272036093058E-009  1.915502931895960E-011
          75  6.398799065320873E-012  2.988790850780813E-014
          77  9.396948008968653E-009  4.408627062006213E-011
          86  1.245555433890010E-012  5.764084960805219E-015
          88  6.431207141629331E-010  2.995298002506944E-012
          93  9.716662538752562E-018  4.486154763564178E-020
          94  1.811922194053636E-012  8.415214644239300E-015
          95  9.098974050678224E-012  4.235459516944787E-014
          10
          11  6.237261529842933E-007  2.971120805429294E-009
          17  2.988771305103969E-009  1.409276733983483E-011
          19  6.535953452923007E-024  3.021185181080051E-026
          28  1.316431765293259E-014  6.102109594736078E-017
          44  5.316742759096645E-007  2.519110470168372E-009
          46  2.055053591246534E-019  9.500383480732674E-022
          66  4.275609029349139E-027  1.975262987986637E-029
          68  2.569377547289978E-008  1.211791806104329E-010
          81  3.548051850891825E-012  1.661047907213671E-014
         100  6.929152071949225E-017  3.212076625092209E-019
          10
          15  1.001189295045153E-009  4.626833836444430E-012
          20  2.992513386946760E-016  1.381645338431669E-018
          23  1.763164251653292E-009  8.186066735175003E-012
          24  1.493189224487474E-008  6.973700243778130E-011
          34  1.090876142173869E-013  5.027990339139357E-016
          72  4.103531443452577E-013  1.891124457378015E-015
          73  4.390416425841195E-009  2.039413636661652E-011
          84  9.061852746264954E-009  4.211254394946564E-011
          86  7.018924119318900E-010  3.248719710758397E-012
          93  8.321312106373857E-014  3.846301804666651E-016
           7
           2  8.321566648421132E-013  3.835591314805052E-015
          10  1.928188518973283E-015  8.878934345388939E-018
          25  2.935784989417068E-029  1.353719684503409E-031
          29  4.746088633329357E-020  2.181533859875453E-022
          37  4.733740022848774E-024  2.178616927999855E-026
          45  5.686377340094863E-017  2.611783462726996E-019
          50  3.315506401197787E-024  1.527196321931124E-026
           8
          13  1.397238917593804E-021  6.455279194673256E-024
          49  1.037018917766617E-011  4.797829171376867E-014
          56  4.763055483806037E-008  2.228766462665382E-010
          70  4.290525819423794E-012  1.983637262489213E-014
          71  1.510702463229562E-023  6.959404011367583E-026
          89  4.327391233608230E-009  2.005281587655007E-011
          92  5.758449993600331E-018  2.657965021645652E-020
          96  1.152673613428112E-022  5.303189244522451E-025
           0
           8
          36  3.416475684533363E-006  1.643161143677958E-008
          41  7.965867102674556E-010  3.791743288433387E-012
          42  5.676959327999348E-009  2.677400586783448E-011
          43  4.590728544103446E-013  2.141806431828004E-015
          47  8.535101710327151E-013  3.990277351952153E-015
          51  1.481343327929913E-007  7.041293413747413E-010
          56  1.115119997791539E-021  5.160947441365825E-024
          83  2.955447477876995E-011  1.401177572805436E-013
           1
          15  2.387284407297161E-028  1.100248128415734E-030
          11
          11  4.775577495644806E-013  2.216606667204287E-015
          17  5.295290410750813E-031  2.438670198066427E-033
          19  1.759861589270856E-015  8.123505739404353E-018
          28  1.182714780186062E-012  5.460862077362480E-015
          44  2.631736901571995E-009  1.223342119756575E-011
          46  4.955723267119776E-012  2.291408562352608E-014
          53  4.223512964477789E-029  1.941621245938046E-031
          66  3.426930283374311E-014  1.581702582393096E-016
          68  1.419121940673098E-011  6.569452127751363E-014
          78  3.057279118186470E-014  1.412395122242937E-016
         100  1.243277788650752E-013  5.752013905107989E-016
          10
          16  3.298497511316231E-014  1.527660369738080E-016
          26  2.770782773308029E-013  1.279773629993364E-015
          48  2.344767701408631E-013  1.080525824507544E-015
          57  3.757413520751354E-010  1.737438205458073E-012
          69  4.117674050913504E-017  1.896975191777840E-019
          76  3.376591192913649E-017  1.553346068363436E-019
          77  1.930027619556654E-015  8.929163843189076E-018
          87  3.792523287597737E-012  1.753252542711525E-014
          94  6.451851052727400E-009  2.992403013551689E-011
          95  6.048010621994208E-009  2.808307095621740E-011
           7
          11  2.220515177034759E-005  1.065583431035214E-007
          17  4.531915730790304E-006  2.165706829960938E-008
          44  2.264138244686150E-005  1.079787602824261E-007
          46  6.402314182437923E-030  2.959283041500780E-032
          59  4.269054809587496E-010  2.002829493601217E-012
          68  2.439784310596101E-005  1.164059338494992E-007
          90  1.384313496602348E-008  6.558688041957865E-011
          11
          15  8.215074688027865E-011  3.790895740361838E-013
          20  8.505555686273681E-013  3.931973223426809E-015
          23  1.976772282684652E-008  9.181527298848880E-011
          24  1.895147528262799E-008  8.847813236512327E-011
          34  4.115562158860609E-017  1.892909047030526E-019
          72  9.471685112374293E-011  4.368559012072369E-013
          73  2.920429428860060E-008  1.357166427022723E-010
          84  1.075837663668457E-009  4.991518184055430E-012
          86  1.317006647649442E-009  6.094999087228708E-012
          88  5.689571276306049E-017  2.625296034186735E-019
          93  1.244768694320331E-011  5.755691120545414E-014
           8
          11  1.828599941865448E-004  8.968761214484491E-007
          17  3.049763765678112E-004  1.494787453594329E-006
          21  7.716271150860913E-017  3.593768713078047E-019
          44  3.807189729758390E-006  1.847394701789621E-008
          59  9.114456755004708E-009  4.362091334247246E-011
          63  6.623655869591467E-010  3.170539903232046E-012
          68  1.331830030921783E-005  6.469803227127174E-008
          90  3.082922913774047E-007  1.491831397548550E-009
           3
          43  1.986550819694817E-016  9.169715880780113E-019
          55  3.522492293583394E-022  1.624098516768069E-024
          99  9.160739633274668E-017  4.227944969763109E-019
           0
           2
          22  8.402317004426432E-016  3.899687250914148E-018
          91  2.526427925949745E-016  1.169800914043458E-018
          11
           6  4.354405275081929E-026  2.013047907697136E-028
          14  2.074750771899431E-018  9.572866917482392E-021
          18  4.024962034742518E-010  1.858295725636168E-012
          25  2.941020861805170E-019  1.359682977725901E-021
          33  5.170949798494286E-010  2.392809157683670E-012
          37  2.875323903164588E-014  1.327166856188686E-016
          45  8.427847815926567E-022  3.880971008732018E-024
          59  1.697491470039613E-012  7.832630122327325E-015
          60  3.151196873984379E-011  1.458315314635912E-013
          85  5.057454394864535E-011  2.332811201162567E-013
          90  1.599453434066133E-014  7.410823192086014E-017
          14
           6  2.506245989417871E-010  1.193402711906374E-012
          11  9.029088160054906E-007  4.392205538150557E-009
          17  2.895165601068569E-005  1.414147628260295E-007
          18  1.876540783030731E-017  8.698567570733531E-020
          21  5.691195208007761E-010  2.735964282555937E-012
          29  1.502731986141533E-014  7.013358542206524E-017
          33  1.149529955344028E-017  5.337848029215983E-020
          37  4.077933204557988E-014  1.907680167031039E-016
          44  7.243479080703163E-010  3.454391624709777E-012
          45  6.675982440266708E-018  3.087392972235803E-020
          59  5.101876855085534E-007  2.457248409231329E-009
          63  1.901941998278506E-005  9.284114775819999E-008
          68  8.080251483592993E-008  3.885798819284375E-010
          90  4.854152542921335E-006  2.357251431017208E-008
           6
          35  7.305563253778351E-020  3.375527705292698E-022
          39  4.849924606243121E-018  2.245197438220076E-020
          49  1.299945123785540E-013  6.008985987574769E-016
          58  1.332104205840549E-027  6.152600282530745E-030
          71  1.337655859647590E-016  6.178828959170051E-019
          89  1.547178593784646E-015  7.138247879188793E-018
           8
          16  1.115817925312349E-020  5.159246997601251E-023
          20  2.418276626221187E-025  1.113527273921356E-027
          23  2.324810386433501E-015  1.073740996426469E-017
          26  4.526597509152556E-014  2.087057298739401E-016
          72  1.443515116513518E-012  6.637261246244413E-015
          73  1.174992455646456E-023  5.418888559542007E-026
          88  2.192021096756332E-010  1.011284677785980E-012
          93  3.293917140619664E-016  1.518969073013503E-018
           0
          13
           5  3.750980495370808E-005  1.860357472777736E-007
           9  4.750077128083988E-005  2.345621264765069E-007
          12  1.524326667117975E-004  7.525259112595756E-007
          13  1.344151868405293E-004  6.638091357833002E-007
          30  3.761172656376999E-011  1.815741963730392E-013
          34  1.079228426117174E-009  5.169268894291642E-012
          54  2.347530303139332E-008  1.144380046984333E-010
          56  8.652112641807354E-013  4.101371225369885E-015
          67  7.313024800661251E-007  3.623951053029079E-009
          75  7.017113628647536E-018  3.264998780498749E-020
          86  2.185042464596985E-018  1.009917430672212E-020
          92  3.387046309476745E-004  1.675178484678167E-006
          96  8.221373991420194E-013  3.874259321662991E-015
           6
          19  4.429509794748272E-013  2.045220016264258E-015
          28  5.674902219916221E-012  2.617850107810929E-014
          66  6.132550528971484E-016  2.829875398764591E-018
          78  3.530643329953442E-017  1.630799604570598E-019
          82  6.227554771606390E-016  2.871925064231578E-018
         100  2.649153228664700E-012  1.225167749228434E-014
           9
           4  1.175994189845475E-017  5.409375734188255E-020
          39  1.309760747646264E-010  6.065006400491829E-013
          42  3.577572363660905E-022  1.646469575450872E-024
          49  8.810450966285515E-009  4.081553704625916E-011
          51  1.752389080470245E-016  8.084089329607386E-019
          56  1.031802403674918E-009  4.800867085892545E-012
          58  6.479592265541513E-011  2.992508645014363E-013
          71  1.156276212419358E-020  5.324895753224288E-023
          89  6.902435745693438E-013  3.179485362494634E-015
          10
           5  4.289885048674378E-018  2.025060778205913E-020
          21  4.503940409196399E-005  2.343410353898085E-007
          30  1.029982760165831E-005  5.385661524421679E-008
          36  1.617643475126979E-005  8.338733272507821E-008
          38  4.909581244484003E-006  2.566838540067058E-008
          41  1.682177280185802E-003  8.820277508746446E-006
          52  1.570334385259079E-009  7.996491755763821E-012
          56  2.424850018098105E-024  1.123474492613602E-026
          67  3.461487339167792E-005  1.809291793991215E-007
          83  1.054987776653378E-003  5.534565974924506E-006
          12
           2  2.550744320280569E-011  1.201514180457759E-013
           6  1.514108126558142E-007  7.254403524517255E-010
          21  6.155648935729735E-009  2.958595188613341E-011
          29  5.480507154333330E-007  2.624358583001541E-009
          36  5.012971123469490E-013  2.355014919059246E-015
          37  1.240465665225884E-012  5.813161305773191E-015
          41  5.931371351117308E-012  2.809047040095731E-014
          43  9.295945691588007E-011  4.387405301916830E-013
          45  4.158251195145419E-010  1.964337536943329E-012
          47  5.340945284042686E-007  2.560808896982081E-009
          63  2.250303579516158E-007  1.082650627537828E-009
          83  1.778348228249471E-009  8.551109068034545E-012
          11
           6  7.121172618845134E-013  3.355298999325883E-015
          11  9.237295490111278E-006  4.523693946516556E-008
          17  1.406538032297670E-004  6.902940350101673E-007
          21  1.940971792793114E-009  9.380592340577450E-012
          29  6.026401014230178E-022  2.773302503213539E-024
          37  2.061437918026092E-021  9.500811756179287E-024
          44  9.094386260312138E-009  4.370100760376115E-011
          59  1.157328679495340E-007  5.572297002742148E-010
          63  5.512812101206967E-006  2.691251177407060E-008
          68  3.242271505331300E-007  1.567664479052619E-009
          90  1.962068776356867E-006  9.539897985044158E-009
           7
           8  2.349727742217365E-010  1.089569869828765E-012
          57  2.076526417846707E-010  9.607020704079344E-013
          76  4.065618476672363E-013  1.871515041120346E-015
          87  1.930850396831467E-009  8.949056277463642E-012
          94  7.457092873299490E-015  3.448827860963019E-017
          95  6.461171064214296E-016  2.991230382503271E-018
         101  5.910702840785948E-018  2.729937255660377E-020
          17
           5  1.715327335137421E-011  8.443028794619008E-014
           7  2.824362428330033E-006  1.435198700258428E-008
           8  6.217550507320278E-014  2.987128269882683E-016
          20  3.931177006011017E-011  1.926743221564072E-013
          30  2.133117753446235E-006  1.099194204078708E-008
          32  5.991517600793001E-006  3.038657499847349E-008
          38  1.799598253874865E-006  9.289242956501127E-009
          52  1.542076148894316E-004  8.026291092997343E-007
          54  1.507336660475123E-009  7.528923924300587E-012
          65  2.117770195020232E-004  1.088316931793422E-006
          67  9.737056272655543E-011  4.847755780693073E-013
          69  5.294439746701457E-007  2.666296276325425E-009
          75  1.410150557812212E-005  7.225822786892167E-008
          77  7.794175094620455E-008  3.915434964316177E-010
          87  2.499824731302305E-023  1.157673825545908E-025
          97  1.705795048838132E-003  8.856362583703099E-006
          98  2.287148354213248E-003  1.189540026507251E-005
           0
          10
           1  5.910748077749133E-017  2.724854789868408E-019
           2  1.883392940467300E-023  8.701171674680971E-026
          10  1.827871128580969E-018  8.438307315770256E-021
          25  4.479201692996691E-014  2.070631432225722E-016
          37  1.109525158709684E-015  5.119868747918988E-018
          40  1.670089284259050E-026  7.714595617508088E-029
          45  6.509018542594715E-017  2.997260113334854E-019
          50  1.573148877101817E-023  7.264616525944713E-026
          60  7.699061391495566E-016  3.560908886095618E-018
          85  5.790507861169487E-016  2.669212073374023E-018
          14
           1  6.698583949546822E-021  3.091160919997739E-023
           2  2.268126812938987E-017  1.048975072888450E-019
           6  2.734684922270154E-009  1.273498924337407E-011
          18  1.674713655253981E-009  7.764587145888421E-012
          25  8.933327230746111E-013  4.139185400678086E-015
          29  4.191942168319942E-011  1.941135228412501E-013
          33  3.554978587173152E-009  1.652840340869494E-011
          37  3.181234794126380E-008  1.478792539575783E-010
          45  1.768179275747436E-009  8.191684324271282E-012
          59  6.177025037612951E-010  2.864241760899502E-012
          60  2.624639621548019E-009  1.220235742315167E-011
          63  1.029757335147707E-011  4.787247848147825E-014
          85  4.328571915171406E-009  2.006690720968564E-011
          90  1.064202813524824E-010  4.954677852308662E-013
          11
           6  5.442080255763460E-014  2.534111610948744E-016
          11  5.205766354413006E-007  2.491845561811644E-009
          17  4.203874366818851E-006  2.011890087021645E-008
          18  1.547970233124511E-012  7.212169424730976E-015
          33  6.140687710548808E-013  2.864363422486046E-015
          37  7.276332524987389E-017  3.364380454485039E-019
          44  5.177418206065523E-008  2.455600001112896E-010
          59  4.485844886909027E-006  2.133984926971580E-008
          63  1.034350733976389E-007  4.926745110312801E-010
          68  1.574900317545865E-006  7.499448676200520E-009
          90  1.940194103601700E-005  9.297573487906589E-008
           8
          19  4.890432096172024E-014  2.256419873153968E-016
          28  2.591966603453301E-012  1.194908557084139E-014
          66  2.675665734581467E-021  1.233798300147402E-023
          74  1.275546769700960E-018  5.887056242190664E-021
          78  5.525554709799381E-027  2.550408223500373E-029
          80  2.194252370570246E-022  1.010740879259146E-024
          82  3.426131937327363E-015  1.578888470024233E-017
         100  8.007134103136145E-013  3.700596166936726E-015
           5
          23  9.722985860096191E-012  4.494391520921515E-014
          72  3.767980416842872E-011  1.733356792435518E-013
          73  2.945922397421277E-017  1.359512217235168E-019
          88  2.268327343365629E-012  1.046359408343336E-014
          93  4.871744905617822E-012  2.247911082424335E-014
          13
           2  4.409960238666118E-016  2.039653606919021E-018
           6  5.942823979832282E-008  2.781918120938872E-010
          18  3.001523628012155E-009  1.396062737973076E-011
          25  7.024364701714411E-014  3.254438059375165E-016
          29  1.397636113875362E-009  6.500159367333611E-012
          33  5.830603972580828E-009  2.719447310723783E-011
          37  1.334903562969993E-007  6.231920388586297E-010
          45  1.073035489567326E-008  4.991274438329336E-011
          59  2.026265122296817E-008  9.445396015063564E-011
          60  1.613006237241155E-009  7.517776072304765E-012
          63  8.073013822556805E-009  3.780712470456153E-011
          85  3.112951943479342E-009  1.446936663399971E-011
          90  9.676446364137092E-009  4.529192148306560E-011
           0
           0
          13
           5  2.406215305605983E-008  1.188366840354610E-010
           9  2.521386839432605E-010  1.225153004596007E-012
          12  8.049866337874658E-009  3.943474577709273E-011
          13  1.312995858962505E-007  6.476616341148510E-010
          30  6.868008768029838E-009  3.409089027018570E-011
          36  7.287296929079856E-008  3.593601406373467E-010
          38  7.793868620833574E-019  3.633895681325897E-021
          41  7.897477552252904E-008  3.922599547593765E-010
          54  2.998495575711424E-022  1.387458685758930E-024
          56  8.665762084540828E-007  4.290986014837213E-009
          67  2.573012953677385E-005  1.302714789870922E-007
          83  4.556766303016444E-011  2.216398352564478E-013
          92  4.839433747465901E-006  2.406949577118527E-008
           7
          16  3.791881969168742E-016  1.757224369624097E-018
          26  1.945689587165037E-016  8.990304589113423E-019
          48  3.282972006050695E-014  1.513601656088729E-016
          57  1.126707231147128E-013  5.205684119278981E-016
          76  1.410293723686365E-024  6.492799773200293E-027
          94  4.805013573178271E-013  2.224026967770922E-015
          95  4.346901234816136E-013  2.014397649840243E-015
           5
           2  2.690185649496588E-012  1.240295512889359E-014
          10  2.462336916139761E-016  1.134087391442128E-018
          29  7.085705078615903E-019  3.257685738693869E-021
          45  2.157305462414859E-017  9.910516939824412E-020
          47  7.598578834604418E-023  3.503144353169951E-025
           5
           3  1.921776124844770E-011  8.897354098054067E-014
          39  6.019059732099705E-028  2.786216446289370E-030
          42  2.046223145553582E-009  9.462494806380401E-012
          51  2.081248757918179E-009  9.649712537034848E-012
          58  2.182243364041246E-016  1.007851617651370E-018
           7
          14  5.220860659509267E-016  2.403617738229578E-018
          18  1.171858252464197E-010  5.397062595773355E-013
          33  6.711149939057736E-011  3.097638524916329E-013
          59  1.103472658441280E-011  5.081506500010538E-014
          60  1.380215856878054E-015  6.370348679418274E-018
          85  4.606702521962505E-015  2.119107432911567E-017
          90  3.061859436679073E-013  1.416040929440249E-015
           8
           4  2.545689731937561E-022  1.173373096897998E-024
          35  2.357695922535042E-018  1.088344026722146E-020
          39  3.612087693064289E-012  1.672056792958422E-014
          49  4.989108636056761E-009  2.309940366624643E-011
          56  1.544044412177329E-011  7.172301082320898E-014
          58  7.133997856213230E-014  3.292885175318884E-016
          71  1.297611790109740E-014  5.989196070350232E-017
          89  1.690861823344833E-010  7.807497430035585E-013
           8
          19  1.349887935577860E-012  6.222327664387701E-015
          28  1.879254212072402E-011  8.655616801532297E-014
          46  5.309951957358155E-017  2.447043788600989E-019
          53  3.658437614059280E-020  1.679712696361369E-022
          66  1.087486562478512E-012  5.009918387846654E-015
          78  5.991617296313473E-013  2.762917860594484E-015
          82  4.166040363532539E-024  1.917766432102187E-026
         100  7.581511438613582E-012  3.500640505559347E-014
          16
           5  8.886471866298015E-006  4.335474695012470E-008
           7  1.886683229932268E-010  8.964687845271941E-013
           9  9.450219452676404E-005  4.604349030510067E-007
          12  1.649267758804179E-005  8.006593427391929E-008
          13  9.536504808031602E-008  4.589217986588082E-010
          15  1.953184160589709E-019  9.037631003458344E-022
          20  5.733334639678293E-011  2.714940018423365E-013
          24  5.038282525611330E-007  2.434062145641772E-009
          34  2.388953172225937E-005  1.151999793072835E-007
          54  1.691964030177137E-005  8.245406404626622E-008
          67  1.007499527784679E-016  4.708451559440266E-019
          73  1.757681854933651E-009  8.375497463205727E-012
          75  2.344416116955959E-009  1.125660963843088E-011
          84  1.313254016173489E-010  6.226934382373030E-013
          86  3.835228844514712E-006  1.846870559592876E-008
          92  2.359865569750250E-008  1.132938288566557E-010
          17
           5  1.082102065190832E-005  5.259094119954647E-008
           7  1.276634888874374E-012  5.985774140392318E-015
           9  1.437048401843821E-004  6.981047927927418E-007
          12  5.514932751760577E-005  2.671064148132034E-007
          13  1.236510862133146E-006  5.952141797729628E-009
          20  5.893645309705158E-014  2.748039200630869E-016
          24  4.126381787746866E-008  1.977953419191740E-010
          34  2.255234561002278E-005  1.083094628764753E-007
          54  5.721023685456286E-006  2.774176899256180E-008
          67  5.562484110097327E-015  2.602262436005546E-017
          73  1.341560349150823E-011  6.309532419861410E-014
          75  8.119834185867759E-011  3.855710445333086E-013
          84  6.419973422416272E-012  3.017248192403651E-014
          86  4.650264697122052E-007  2.222230661751826E-009
          91  5.738685758954843E-024  2.643923137294688E-026
          92  3.978922413597758E-007  1.911323415547892E-009
          96  1.386201477226217E-016  6.404071624246320E-019
          20
           7  3.938478235414136E-006  1.883192735559624E-008
          20  1.635413240481980E-005  7.811264090469740E-008
          23  5.570500017368342E-013  2.597078380767826E-015
          24  8.072172171553993E-012  3.791247609957921E-014
          26  2.181660762947865E-014  1.012282855472548E-016
          32  5.070849636808347E-006  2.419688151526202E-008
          54  2.014282212664029E-011  9.483747017378058E-014
          65  6.367644634365447E-007  3.043279920343157E-009
          69  6.729430169510826E-008  3.188687309852535E-010
          72  3.045621234462238E-015  1.406499408553973E-017
          73  2.230401305585303E-008  1.054828085151208E-010
          75  2.325923215542872E-007  1.113069555304607E-009
          77  2.935034171673114E-006  1.401790803199346E-008
          86  4.779026965460045E-010  2.242291199322725E-012
          87  2.739297023396850E-022  1.262869486740763E-024
          88  7.591751971415520E-013  3.534137649368544E-015
          94  1.064285818290103E-010  4.994388855279183E-013
          95  3.281945472341168E-010  1.543974109624994E-012
          97  6.829170363092723E-018  3.156347620601253E-020
          98  2.169264165515913E-013  1.014737544259396E-015
          11
           5  4.206952146027390E-006  2.068853194511081E-008
           9  1.227778833771555E-005  6.026305465066915E-008
          12  8.920355698971042E-005  4.380671358581929E-007
          13  1.814302195992767E-004  8.918663587286593E-007
          30  1.168436488891925E-014  5.511033145427140E-017
          34  2.736524096536226E-010  1.303011815846015E-012
          54  3.263935652554453E-010  1.571004210656274E-012
          56  2.827751107978402E-011  1.347530823311438E-013
          67  4.283830033861866E-008  2.097831817865239E-010
          92  3.825708405417861E-004  1.881943380281265E-006
          96  8.356276864633027E-011  3.964862569331563E-013
           0
           7
           8  4.397708001366859E-010  2.043904388330117E-012
          64  1.961923450137558E-013  9.060101129355706E-016
          79  1.095016978464606E-017  5.056802161697421E-020
          80  1.146538867525693E-009  5.310227786016601E-012
          81  6.217169819780392E-013  2.885266707561354E-015
          87  1.370228146591906E-013  6.336106888529433E-016
         101  3.116330637677224E-008  1.448339853434794E-010
           9
          11  3.531727453485996E-004  1.742389858540880E-006
          17  2.490470436428070E-004  1.226631583417752E-006
          21  7.096575483076001E-021  3.284599136715869E-023
          44  3.952030813017509E-006  1.924849635025962E-008
          59  1.678013857846248E-012  7.923431025267789E-015
          63  2.194536491043297E-014  1.032285513364482E-016
          68  4.781568894282006E-006  2.327874141703218E-008
          81  1.737135925441594E-017  8.106010911656630E-020
          90  8.942414525365801E-010  4.299278383309409E-012
