         103
  0.198383667793365     
  0.199188477412033     
  0.199064193343422     
  0.199863301132507     
  0.199853804137155     
  0.200075962964049     
  0.198950258008594     
  0.199445353986337     
  0.200535870304599     
  0.199940112096024     
  0.199173189246334     
  0.199102501907382     
  0.199609149449081     
  0.199551012069182     
  0.200518300796030     
  0.200145847298229     
  0.199541392982210     
  0.199548378839989     
  0.199552134327486     
  0.199949416442821     
  0.199804646713789     
  0.198393897146368     
  0.198188438579097     
  0.200051186375989     
  0.199346742077682     
  0.200177790231756     
  0.199451093628319     
  0.199841328361684     
  0.199003865524278     
  0.198377657527915     
  0.198978169149229     
  0.199523941861456     
  0.198655366536966     
  0.201099035309225     
  0.199539317794015     
  0.199015762740508     
  0.199959076862804     
  0.199897415372238     
  0.198991384573336     
  0.198836686847673     
  0.199012517371393     
  0.199091959916958     
  0.197495872093783     
  0.199472952463586     
  0.200941181594693     
  0.199812064427603     
  0.198810295595076     
  0.199813019484106     
  0.199214070802993     
  0.198760177168976     
  0.199733062391403     
  0.199983282264849     
  0.198634985566867     
  0.200315371922364     
  0.197932025292372     
  0.198961215108347     
  0.199174030565446     
  0.201036208026737     
  0.198802599805986     
  0.200075975686136     
  0.198393161192268     
  0.199254042164222     
  0.200241772575811     
  0.198744653280759     
  0.198970412207065     
  0.201034917540825     
  0.198166923910393     
  0.199613163657463     
  0.198758956726833     
  0.199067733973544     
  0.199784883954660     
  0.199834615479543     
  0.199636676707407     
  0.199392867075690     
  0.201192739863997     
  0.199566468475569     
  0.199768892302595     
  0.199762020457609     
  0.198639773887695     
  0.198670370904538     
  0.199741069406937     
  0.199883345148599     
  0.197968581608890     
  0.199733346713302     
  0.199659587520708     
  0.199440388048805     
  0.199413960372614     
  0.198513210578257     
  0.199365977826439     
  0.200607301169079     
  0.201010306358296     
  0.199342946937536     
  0.199082782951877     
  0.199795207006572     
  0.199949368948794     
  0.200383705662202     
  0.199018398649785     
  0.200392955443279     
  0.199427979106646     
  0.200034349359845     
  0.199818386217462     
  0.199879194093505     
  0.199803536101158     
