         143
  0.194216698024695     
  0.198515668475648     
  0.199640085161533     
  0.199676298750478     
  0.200125167951215     
  0.198748657906216     
  0.200724250432856     
  0.199458504225558     
  0.200446417795335     
  0.198911905004638     
  0.194261357018050     
  0.199408267161937     
  0.173883994664646     
  0.199027162875917     
  0.200207971964789     
  0.197697505914642     
  0.198816622638956     
  0.200427258629701     
  0.199356117937274     
  0.198435622838317     
  0.199552811499092     
  0.198760237522831     
  0.198429435995324     
  0.198401968237315     
  0.199364412544187     
  0.199201427295011     
  0.199516209346752     
  0.193969563033806     
  0.197931809617992     
  0.200604601974538     
  0.199443489717902     
  0.199654969671168     
  0.169326266659156     
  0.199777174644854     
  0.199147812757645     
  0.199162586238989     
  0.200051651766285     
  0.199467222885287     
  0.199431573403225     
  0.199529536349044     
  0.199406840472692     
  0.198057194557475     
  0.201086321755221     
  0.198941947933130     
  0.199841600272125     
  0.197656536851955     
  0.200074163599403     
  0.199254752647563     
  0.200195692959739     
  0.198056352703052     
  0.196393580706835     
  0.199332706308627     
  0.200410837683163     
  0.199394835882701     
  0.200003887969530     
  0.200322961051693     
  0.199669463970428     
  0.200646427000729     
  0.199210422399265     
  0.199641699933462     
  0.200587198378566     
  0.197923757605745     
  0.199251136245986     
  0.199857314590320     
  0.198867263409543     
  0.200644671222386     
  0.199575141491717     
  0.196745047160649     
  0.199426287181773     
  0.200586853116120     
  0.198821110203887     
  0.200604740759166     
  0.199812905516918     
  0.199035989575503     
  0.199576648847522     
  0.198933131096297     
  0.198118896328827     
  0.197999601769792     
  0.199688148987139     
  0.199188826425467     
  0.201007715399856     
  0.198920802317506     
  0.196530522524780     
  0.198009916683025     
  0.199700935191171     
  0.174274344664727     
  0.199695194142144     
  0.200377680493599     
  0.190192226438195     
  0.200266056492626     
  0.189973671652842     
  0.199813660741083     
  0.199862932895546     
  0.199264936098810     
  0.174942341021369     
  0.199013548914350     
  0.199711371373082     
  0.199544455649223     
  0.198727319845119     
  0.200316498468772     
  0.200068684568332     
  0.199125569247341     
  0.199738790467722     
  0.199887747927742     
  0.199764365071002     
  0.194951776743651     
  0.200951757422322     
  0.200350485379332     
  0.200543331494395     
  0.197764400650623     
  0.199213165965328     
  0.198874411124498     
  0.199321171731182     
  0.200852626211330     
  0.197599231591509     
  0.198602521881068     
  0.199725368114634     
  0.184846561676041     
  0.201211368547172     
  0.199232603216527     
  0.200134032111428     
  0.199416718056655     
  0.197034063096873     
  0.199154690401208     
  0.198145699500271     
  0.199013583992398     
  0.199894026164320     
  0.200038067269648     
  0.199719447789228     
  0.199849710558620     
  0.199971510083404     
  0.200261447076983     
  0.199980906151760     
  0.199564084465767     
  0.198499270572516     
  0.199090745825584     
  0.200159999943038     
  0.198630786954326     
  0.200479980526758     
  0.199443716902919     
  0.190308808278135     
  0.199486329028294     
  0.198608804594184     
