         186
  0.199906147794203     
  0.181865200425828     
  0.200463982539664     
  0.198449898953147     
  0.198086565130730     
  0.200664423298433     
  0.203388673381711     
  0.200730119563964     
  0.200315817337644     
  0.155114098265093     
  0.200613629970434     
  0.177993160133067     
  0.199865625570121     
  0.198551047358479     
  0.196396300034762     
  0.199895616565551     
  0.200360343555648     
  2.848546601734370E-002
  0.184453002802516     
  0.202627764007399     
  0.203121779099250     
  0.200123566650574     
  5.263887194064465E-002
  5.151715640750012E-003
  2.752638302155470E-002
  0.200381986968773     
  0.199323232399953     
  0.201147733604028     
  0.200314761967015     
  0.199727662987370     
  0.168835677291523     
  0.198883857634616     
  0.198730423787399     
  0.201297052016887     
  0.198659125329261     
  0.197611197374862     
  0.199755573343331     
  0.200154811248734     
  0.199271623239090     
  0.200130951345206     
  0.201012454173187     
  0.114335423262449     
  0.199433099735501     
  0.199627833668528     
  0.200113538256851     
  0.200115504292014     
  0.199229329453336     
  0.197827404949742     
  0.199649762227801     
  1.007515123639447E-002
  0.202128777729148     
  0.201457939414312     
  0.198512412812738     
  0.198751428860211     
  0.200147171627621     
  8.063731475832780E-002
  3.134350092449611E-002
  7.939483292062091E-002
  0.102121032679175     
  0.199407505899824     
  0.199302973027246     
  0.196050679106870     
  0.199940167183895     
  0.198004098564683     
  0.197012160534383     
  0.198783097964543     
  0.200331646868989     
  0.192639442278070     
  0.196589482737120     
  0.200153570848488     
  0.198141756675152     
  0.198660414772191     
  0.200482690828375     
  0.203101413608410     
  0.196500606512207     
  0.200495331350102     
  1.335591963522265E-002
  0.203135278627383     
  0.198266549610160     
  0.200099215090182     
  0.200235312849253     
  0.200366703943355     
  0.197116199823105     
  0.200641383027117     
  0.201361785656761     
  0.187916235564984     
  0.200866427952817     
  0.199643138412210     
  0.198009085317555     
  0.199987042933156     
  0.142060271893023     
  0.199666236935848     
  0.198123619877742     
  0.198800383783480     
  0.197985629548581     
  0.198559337044480     
  0.196319207597722     
  0.199253835986406     
  0.187062450785433     
  0.198497920684285     
  0.198847646560394     
  0.202116382775961     
  0.199437134163593     
  0.197689941106264     
  0.198817904747367     
  0.198768634258144     
  0.199009098108179     
  2.100465857731245E-002
  0.194201862970905     
  9.853740605449562E-002
  0.200381253615028     
  0.195083746102511     
  0.199424191406089     
  0.200044752634960     
  0.203099666645492     
  0.198259553368753     
  0.195772706561488     
  0.200345424273910     
  0.121470593419754     
  0.181562993876930     
  0.201371524649540     
  0.199568602813929     
  0.198912458380628     
  0.198201637590441     
  0.200248506546511     
  0.198876153953468     
  0.199090730099929     
  0.199949588609899     
  0.198054499828531     
  0.201865619470313     
  0.198390408148585     
  4.757034462614840E-002
  0.198981157735054     
  0.203222049191109     
  0.200726787591769     
  0.179671387723075     
  0.195818528502129     
  0.106643741010680     
  0.189596497329867     
  0.197954821521273     
  0.200678606149280     
  0.197970561054102     
  0.200578513471547     
  0.198778958358015     
  0.197748515892707     
  0.201430881788152     
  0.199679543534754     
  0.201877022785412     
  0.195590802542284     
  0.131856181309609     
  0.198866692001550     
  5.584170068632410E-002
  0.200706276044991     
  0.199739690716682     
  0.198674618899879     
  0.200724240955577     
  0.199081444458406     
  0.184039114896476     
  0.201348184229161     
  0.199288624514616     
  4.070807503560931E-002
  0.199410149530429     
  0.200818761675441     
  0.159963684928449     
  0.201590458434683     
  0.198635287600543     
  0.197665997988507     
  0.203148386592691     
  0.198358376438741     
  0.201767240463464     
  0.201236471945996     
  0.200906419416824     
  0.197738191095539     
  0.187437954271914     
  0.200346793171028     
  0.197123029074378     
  0.200597709109437     
  0.200229192412289     
  0.197845029135641     
  0.199898820302136     
  0.203234781887952     
  0.188909664503461     
  6.938692713965249E-002
  0.199194693593813     
  0.199162596382761     
  0.198954072978918     
