         129          95
          21
           2  2.130862495118551E-024  9.825733618177227E-027
           4  3.308304908318010E-010  1.563461844440113E-012
          15  2.139621904015622E-008  1.013240993387620E-010
          17  2.767251247208080E-008  1.285643714008636E-010
          21  4.201876917356212E-014  1.971959518912421E-016
          32  9.064026131611345E-007  4.278670618109292E-009
          33  2.583083078712969E-006  1.238992502410235E-008
          34  5.900976386161310E-021  2.732530834403928E-023
          42  3.246552345639246E-006  1.563258303191326E-008
          56  1.436699462926601E-009  6.790810194543231E-012
          62  1.574162512829262E-010  7.395949794301118E-013
          68  6.813619322048144E-006  3.230327834142492E-008
          69  1.075558153857503E-006  5.040941130273987E-009
          72  2.659675639383104E-009  1.237742525486703E-011
          78  1.824828518422424E-025  8.419271772490823E-028
          91  1.942244342274128E-016  8.968953216363055E-019
         105  2.203952978561957E-018  1.021558960635258E-020
         112  2.703971848790169E-011  1.260721680232064E-013
         113  2.357783690165811E-015  1.109219033751516E-017
         117  1.460815614612105E-012  6.752691639550635E-015
         122  4.504475391655641E-014  2.106725088987851E-016
           3
          17  4.907087953702900E-019  2.263370289594392E-021
          91  2.938049423193149E-016  1.355625848517080E-018
         117  2.980916338005917E-027  1.374933581237468E-029
           6
           2  9.049590526270107E-012  4.174177076432319E-014
          34  2.323219197810099E-016  1.075025335268149E-018
          37  3.983025970437218E-014  1.839159972143843E-016
          61  2.966089867683673E-022  1.371103726149061E-024
          78  2.074814831060519E-012  9.572006363894507E-015
         128  5.068470077500029E-023  2.341646403507732E-025
           1
          66  1.085667869595126E-026  5.022421673888073E-029
          18
           1  3.141789864114066E-011  1.457855371804080E-013
          18  6.932098197291498E-010  3.215754754286056E-012
          20  4.114649372739093E-011  1.906725640287252E-013
          24  5.458359398357282E-008  2.599991609773766E-010
          47  3.409487944337970E-009  1.582633324696463E-011
          63  2.865865555490384E-009  1.373470597363481E-011
          74  3.627583808700547E-016  1.695055287652161E-018
          85  8.141626071277867E-007  3.844419473715500E-009
          86  2.365627312214501E-017  1.100703029494539E-019
          90  2.305899554463324E-010  1.069882619463856E-012
          96  9.440577279228308E-013  4.366993869043836E-015
         100  1.102130837620238E-007  5.192887515583933E-010
         101  9.035312238251941E-021  4.180606235688882E-023
         107  9.131049099326136E-014  4.282731310370262E-016
         115  3.637403343194434E-017  1.698436217458097E-019
         118  4.417867253091816E-011  2.045735871342649E-013
         120  9.542699678413811E-008  4.430959905141783E-010
         123  1.853094068053645E-024  8.545771921239108E-027
           4
          16  1.989830185150982E-018  9.157500814582453E-021
          29  9.244570567293058E-021  4.252872902287115E-023
          43  2.889653324271595E-014  1.331778877643029E-016
         129  6.168833092587836E-021  2.845979181641000E-023
          14
           2  2.139944342388299E-019  9.840589301386513E-022
          17  1.228696697476745E-008  5.680995677590894E-011
          19  4.115278702486003E-014  1.898722139435179E-016
          32  2.485011738252938E-013  1.150300831240096E-015
          33  3.648513164213202E-018  1.687870724470682E-020
          34  7.741736678010681E-015  3.575437633899808E-017
          37  6.950093148980072E-026  3.202435399870364E-028
          42  3.450752246944755E-019  1.591289228376394E-021
          68  4.547629769403807E-010  2.122537690194034E-012
          69  1.481411581028892E-009  6.876463981873070E-012
          72  4.034506275078401E-013  1.862059299898128E-015
          78  1.329436139453938E-018  6.116892028878664E-021
          91  3.432592629713490E-011  1.580965547772429E-013
         117  1.114645986399172E-014  5.131250344378470E-017
           6
           2  5.748235217153293E-017  2.646588909902455E-019
          34  5.870493840630382E-025  2.714273524932086E-027
          37  9.579482695971464E-018  4.419323723786970E-020
          61  3.287034980282241E-020  1.518267891182250E-022
          78  1.476961130532005E-017  6.803915328247288E-020
          82  2.989493965388523E-023  1.381315489820569E-025
           3
           2  1.142071178416624E-015  5.274411875853378E-018
          37  4.016101870518259E-020  1.858330149763741E-022
          78  5.701671586960989E-017  2.634539670900266E-019
          31
           4  1.899898955545185E-009  9.063397091159910E-012
          12  8.839090440235079E-021  4.085227088496334E-023
          15  7.869397379362287E-014  3.677220659809113E-016
          23  7.404845699457308E-004  3.721135978071483E-006
          27  2.941615874642370E-007  1.458349202902947E-009
          31  2.939004322493781E-004  1.457669655126271E-006
          33  2.468012403133328E-017  1.148055775725201E-019
          36  3.300862390514448E-006  1.665111999019572E-008
          42  4.843770156693837E-029  2.237876124008775E-031
          49  9.278586957165529E-011  4.486548635080242E-013
          51  1.857016146289507E-007  9.036843137811475E-010
          52  1.797928968550959E-010  8.791319978481706E-013
          56  4.325052622940286E-011  2.042974950851710E-013
          62  9.696564351279644E-011  4.576788377228697E-013
          64  1.268283466015257E-010  6.204697696182921E-013
          76  6.153639247653881E-019  2.845980385108273E-021
          79  1.325727649187445E-004  6.568249253244172E-007
          80  1.854763773910263E-004  9.326246301811431E-007
          87  2.165985940317413E-008  1.065477606209442E-010
          94  4.145250601445653E-010  1.974118182231033E-012
          97  5.201498948535861E-019  2.408785797695194E-021
          99  1.071839424711099E-004  5.286526170432538E-007
         102  1.064299502308627E-025  4.914663950269853E-028
         105  9.671441203161409E-006  4.731859305470443E-008
         110  1.360343523257494E-022  6.290885060843516E-025
         111  7.050098978416281E-010  3.431229813735207E-012
         112  5.181036001828314E-019  2.394068120935363E-021
         113  7.514866410309912E-009  3.692303518493609E-011
         119  3.067603234306820E-004  1.536317004116968E-006
         122  8.033048279760380E-007  3.895038639299153E-009
         127  5.562368652501533E-011  2.612981053891649E-013
           6
          13  9.082505364035226E-016  4.184591980706603E-018
          16  1.438823237826696E-018  6.628431193046297E-021
          26  8.574027891457404E-013  3.960605769304357E-015
          28  4.989039305401793E-019  2.299760697328387E-021
          54  1.958889620801398E-027  9.043459669502863E-030
         121  3.456942179949427E-014  1.599206344453221E-016
           5
          54  1.188003062029290E-017  5.484742068733929E-020
          70  8.140573786846615E-017  3.756842029301160E-019
          77  3.898716946918111E-017  1.800502214863483E-019
          98  5.282146863116133E-013  2.439424298106488E-015
         121  5.198096997760824E-013  2.404852467091806E-015
          20
           4  9.169799540280014E-009  4.364067541023974E-011
          15  1.748379864807145E-007  8.315507764636896E-010
          17  6.048614451274374E-009  2.811406892735798E-011
          21  8.317463665539062E-012  3.943293926271963E-014
          32  1.895812104703268E-006  8.962724436483491E-009
          33  1.208572988131707E-005  5.818442177583735E-008
          40  5.099065731506625E-031  2.361756041954576E-033
          42  1.646132313257243E-005  7.957451750430440E-008
          56  2.326777244759468E-008  1.105580846362728E-010
          62  3.874532882073487E-009  1.831843346197139E-011
          68  8.396994300926139E-006  3.985626247346586E-008
          69  8.284727356413051E-007  3.888032952447986E-009
          72  1.820458187852339E-009  8.478790955970251E-012
          79  1.650697667095205E-016  7.689293892426267E-019
          91  1.030043173869196E-021  4.758063877655772E-024
         105  2.067394355260045E-013  9.717573965994093E-016
         112  3.876882307063771E-010  1.815043727196806E-012
         113  1.189647855955051E-011  5.716040732163571E-014
         117  2.198915923473216E-013  1.016817833740117E-015
         122  2.758113815471371E-011  1.305063504473050E-013
           3
          70  4.660072048091441E-017  2.147965956766020E-019
          77  1.088415053965110E-016  5.020345391477922E-019
          98  5.033705481280665E-016  2.321793626921626E-018
          20
           3  6.556640495603270E-004  3.276455468978676E-006
           8  6.803543438400470E-005  3.353769262996708E-007
          12  1.356054228550419E-007  6.518812900380957E-010
          14  1.065847614584432E-010  5.173453719415428E-013
          23  5.357304393664161E-014  2.550423932947461E-016
          27  3.266470654222406E-005  1.635138870655632E-007
          36  7.550739193055808E-007  3.799321521491613E-009
          49  2.959701693308721E-004  1.480927556220563E-006
          51  1.949297108199812E-008  9.447469408485760E-011
          52  1.538750068800897E-004  7.778385136422776E-007
          54  2.111983095783710E-010  9.924056619309102E-013
          64  4.900817751644124E-005  2.477972903759764E-007
          80  6.122809360399838E-009  3.011521497334295E-011
          86  1.130931112438906E-022  5.241915547753101E-025
          87  1.079556976331253E-004  5.408892425836234E-007
          93  4.855633757411498E-008  2.319727252966339E-010
          94  2.838969980448174E-013  1.335106936296377E-015
         111  2.146279072784792E-004  1.075298433452547E-006
         116  9.470438425094521E-009  4.534108301761705E-011
         119  8.257345953850243E-011  3.995904881341097E-013
          10
          12  4.261051550173887E-018  1.968066235003223E-020
          13  2.370726118008914E-018  1.092344113469283E-020
          16  2.544726275202552E-009  1.176088772853702E-011
          26  7.720814622754772E-008  3.584139313697571E-010
          29  1.010190320236457E-011  4.672248892583155E-014
          43  3.325276432115500E-014  1.534358537650018E-016
          54  2.532190880039295E-010  1.180326725072850E-012
          93  4.134072419698289E-012  1.929879845835027E-014
         116  6.168585774015464E-017  2.861975139905672E-019
         121  9.769051515368375E-011  4.529256216216172E-013
           7
          16  2.876194253053252E-009  1.330337977479744E-011
          26  1.629632042706708E-010  7.549475417652964E-013
          29  1.111465103374181E-010  5.151870744375013E-013
          43  1.253957131254296E-010  5.797221953648586E-013
          93  4.207316946010405E-016  1.948860747616260E-018
         116  4.618720427358994E-023  2.139462133383860E-025
         129  6.196407002779355E-017  2.864549805751935E-019
           3
          22  7.849147871451582E-012  3.626970607504161E-014
          41  2.688342116056403E-011  1.244631443464485E-013
          81  1.632773108395937E-019  7.562302445227802E-022
          12
           5  1.321593763080451E-008  6.224789344640889E-011
           9  7.542156108873472E-014  3.482671742532240E-016
          11  5.837556001266601E-010  2.723709726159570E-012
          30  1.703586829574154E-009  7.906755064384967E-012
          44  1.518335372510552E-010  7.121300438411812E-013
          65  6.707414001948606E-021  3.108194069832033E-023
          71  5.556736212356354E-014  2.573102100423827E-016
          84  4.857143645559258E-008  2.283494086885700E-010
          88  6.786245138648199E-008  3.160257790782511E-010
         101  1.745814498465744E-015  8.140651672465868E-018
         104  8.333335263080493E-008  3.889269439448626E-010
         106  2.384215045616682E-008  1.123862756141116E-010
          13
          32  6.141558207509096E-018  2.831474487651430E-020
          46  1.508790487304495E-024  6.950069795005725E-027
          53  1.007245964092691E-016  4.646250552003134E-019
          55  3.377050693877294E-021  1.555274976956374E-023
          57  6.891615513386453E-012  3.188121685197707E-014
          66  2.491036798247906E-012  1.149362788552508E-014
          69  3.626356902401332E-022  1.670687248671442E-024
          72  1.829637694311057E-012  8.450593460775708E-015
          73  4.868236120453253E-025  2.246560804519691E-027
          75  3.480240708861766E-015  1.608983580955502E-017
         110  7.398498951306217E-020  3.410045874888697E-022
         112  1.166730275611333E-016  5.375025889385410E-019
         117  2.496625984412566E-012  1.150129062376172E-014
          24
           4  2.020508504853611E-013  9.440309172199156E-016
           7  8.617398535989533E-007  4.027811192069852E-009
          15  1.595940882376022E-018  7.384486270470480E-021
          31  2.516114421736586E-015  1.179686978117832E-017
          46  2.000582563132149E-012  9.252366879379293E-015
          53  2.584566061685994E-009  1.205737861650762E-011
          55  2.002323455572017E-008  9.346523804982767E-011
          56  3.041725710130170E-014  1.416084541194490E-016
          57  3.467366923164460E-021  1.607407410987118E-023
          62  1.479052600052092E-012  6.902171450527476E-015
          67  2.481683474424609E-010  1.150403192672231E-012
          73  3.036000682418178E-015  1.405562296206195E-017
          75  6.794985175041980E-013  3.153987052494382E-015
          76  1.912894267560045E-007  8.943699782378738E-010
          79  4.481956251050646E-015  2.097759440108454E-017
          97  1.252481606419449E-006  5.873772549854873E-009
          99  6.681574746176824E-011  3.181740812942140E-013
         102  6.226116201629072E-007  2.908089523804371E-009
         105  2.473855359248800E-011  1.171969490867689E-013
         108  1.540851498616522E-009  7.175580497234551E-012
         110  1.114614173296735E-008  5.218430721568604E-011
         112  8.925383210196398E-013  4.146199190321219E-015
         122  2.311557071131593E-011  1.091950709937086E-013
         127  1.440486318878302E-007  6.796622535042848E-010
           8
          20  9.706963980053990E-012  4.484271229223621E-014
          35  9.379838031955999E-026  4.335749052718432E-028
          47  2.095060016015936E-016  9.670925938817445E-019
          65  2.693770717921788E-013  1.245150787183936E-015
          90  1.899662733221319E-016  8.778581812602605E-019
          96  6.343575488097089E-014  2.927056064384175E-016
         100  2.714046443122221E-019  1.251394394817041E-021
         124  6.474975407073940E-026  2.988344780761796E-028
           6
           1  1.222405763882438E-013  5.659821065163656E-016
          18  2.712581595621506E-017  1.254170942096047E-019
          45  8.151334013989970E-015  3.767550212655647E-017
          92  1.453816587788478E-019  6.700186669336935E-022
         118  4.271863444952711E-013  1.972744585874331E-015
         120  1.152044195378077E-014  5.302395548624642E-017
           9
           5  3.941858016324208E-027  1.815359168690318E-029
           9  1.396950857510265E-015  6.430397253067744E-018
          11  5.145735899039218E-020  2.370661346394663E-022
          30  1.044166439498046E-011  4.823811374401635E-014
          71  6.622752969116963E-015  3.057225041482581E-017
          84  6.971712793526575E-018  3.211351175812504E-020
          88  3.175460179607385E-011  1.469217456542001E-013
         104  3.589766902139686E-013  1.658491217447865E-015
         106  4.817372941807127E-020  2.222430777603914E-022
           4
          16  1.178188495595161E-015  5.416416746589663E-018
          26  1.283549367064094E-019  5.908425505847106E-022
          43  1.978732368356242E-020  9.107543763821577E-023
         129  1.963032303888614E-022  9.045875651802899E-025
          13
           3  7.921058759112561E-013  3.752863867671413E-015
           8  1.009757427737639E-009  4.829522143512056E-012
          12  5.159418534778260E-019  2.384053407765513E-021
          16  2.600152471680984E-021  1.199419260718337E-023
          26  6.560464777150125E-010  3.045490432552911E-012
          49  4.795602579255785E-019  2.228917409140328E-021
          54  5.833493964729652E-006  2.752897092338437E-008
          70  1.325132377979127E-026  6.125601846313487E-029
          93  5.666093550379659E-013  2.643244156052693E-015
          98  1.226276103824753E-021  5.672554336042344E-024
         111  6.073630903005058E-024  2.812189355127726E-026
         116  3.359841551415983E-022  1.556813892561644E-024
         121  3.366964976083128E-008  1.567982860330034E-010
           3
          46  2.458969062886239E-023  1.134480787524850E-025
          67  2.556453979621815E-021  1.181193186116876E-023
          73  7.132902936829068E-023  3.296812449586086E-025
           9
          11  2.326293728836277E-012  1.078635515562907E-014
          30  1.914405603232144E-011  8.858050594095188E-014
          35  2.344013130017977E-018  1.084868731159578E-020
          44  1.013932410383991E-021  4.675422763470266E-024
          60  7.278473076647176E-014  3.360880488785955E-016
          65  8.956503319282901E-011  4.148464502201537E-013
          84  1.320120752897450E-027  6.085900145807194E-030
          88  4.959868902778227E-018  2.293585472837678E-020
         106  1.338087499235774E-025  6.180908109149467E-028
           4
          13  3.380907997871707E-017  1.562309631578774E-019
          26  3.203761918054576E-016  1.482569428543246E-018
          28  9.323492622617551E-021  4.310517755088215E-023
         121  2.866590293288766E-018  1.329537650367986E-020
          17
          11  2.624785192185814E-009  1.223887255879786E-011
          20  4.193699692930354E-009  1.942872509980555E-011
          24  2.181167857698071E-011  1.024005941259306E-013
          30  6.044957794367259E-016  2.792834482228920E-018
          35  2.228395250369603E-029  1.030901435171728E-031
          44  1.081578159382837E-011  5.046908709566360E-014
          47  1.988257771760165E-012  9.194511391955299E-015
          60  2.449301625941585E-022  1.130465087306894E-024
          65  1.993033453388601E-009  9.237778032011507E-012
          84  4.652448895121887E-022  2.143883913680370E-024
          86  2.181366840068688E-029  1.007919272275730E-031
          90  2.255895629278341E-013  1.043755503892179E-015
          96  2.426306830060902E-012  1.120975655403306E-014
         100  2.113948917884749E-008  9.918028903205795E-011
         101  6.141270547142169E-015  2.860994124006742E-017
         106  4.178708441053389E-018  1.930614846449402E-020
         107  2.793069865755328E-020  1.289468946929659E-022
          20
           3  1.749842798366668E-005  8.660309750051852E-008
           5  1.177856684099184E-007  5.594269279579782E-010
           8  1.871809762418366E-004  9.210921862278168E-007
          14  3.189572301034979E-007  1.578069604226716E-009
          27  4.239117561405813E-012  2.036164572464767E-014
          36  5.556641606020253E-013  2.678648215963767E-015
          44  1.793397140748934E-010  8.450998091921342E-013
          49  7.680211367237106E-009  3.749648265575787E-011
          52  3.781739405161940E-007  1.882620214591484E-009
          54  1.631246125973985E-012  7.611329036551822E-015
          64  3.713655043766705E-007  1.854736580152546E-009
          84  2.039480209977226E-009  9.598958270511487E-012
          86  3.315266824214689E-008  1.610538966205483E-010
          87  4.315832956306343E-010  2.098297773811868E-012
         101  2.420855642810099E-008  1.164030534881073E-010
         104  1.126540192321466E-016  5.216771136158574E-019
         106  3.160713155035573E-009  1.493077883404378E-011
         107  1.765299646688197E-009  8.481845103793596E-012
         111  2.337066123927562E-009  1.139956250942622E-011
         115  9.002116486627239E-013  4.297443062213767E-015
          18
           5  1.237533122541547E-007  5.838620821498595E-010
          11  6.841602702178887E-006  3.216827018153999E-008
          14  1.582260813437500E-012  7.544666917615177E-015
          20  2.242203645091576E-014  1.035058603570823E-016
          24  3.274931513568473E-007  1.562208445114216E-009
          30  5.866377405833927E-011  2.714324571340221E-013
          44  1.543577949201472E-005  7.347483587396354E-008
          63  4.556604359497216E-012  2.151252991384522E-014
          65  9.077954734329281E-011  4.203960148611915E-013
          84  3.813800180289150E-007  1.794738659165346E-009
          86  1.851902548485363E-007  8.957591414023452E-010
          88  2.909562365935677E-012  1.346518237923323E-014
         100  4.047955514000568E-007  1.907549850067463E-009
         101  5.033593294736495E-006  2.423757274277162E-008
         104  1.308312191374972E-012  6.051660789840866E-015
         106  1.119244061876964E-006  5.294400173712464E-009
         107  2.587748438149425E-007  1.248839449124120E-009
         115  2.155277387242206E-014  1.015207277963179E-016
          27
           4  7.474033944506756E-019  3.458585190710480E-021
          14  1.291115322567890E-011  6.228371391260612E-014
          15  4.000651060690748E-027  1.846837855826989E-029
          21  9.115621698750603E-005  4.491604545952856E-007
          23  1.892728393919799E-014  8.975264522992608E-017
          33  1.028914242857242E-011  4.861256777076050E-014
          36  1.152830851191469E-009  5.697034022813037E-012
          40  6.091285625843928E-004  3.057746365760910E-006
          42  2.453918425994500E-007  1.186042556097948E-009
          52  2.092771102603575E-018  9.776364681198199E-021
          56  4.230871234959973E-025  1.952872904810953E-027
          63  1.004799721698534E-011  4.785435050302375E-014
          64  2.876855082975266E-013  1.380573152690045E-015
          68  2.170289184219354E-015  1.007604136159736E-017
          74  1.672749466591302E-006  8.274497154063563E-009
          79  7.768729381117557E-011  3.725501920212859E-013
          80  1.484818258182370E-015  6.998159257284649E-018
          99  2.702495548366640E-017  1.258258458228381E-019
         105  6.306656509331539E-015  2.952427082630363E-017
         109  5.434705803311459E-005  2.707414065027895E-007
         113  4.776723809859786E-004  2.406461788877157E-006
         114  8.492133948575505E-007  4.125540054472190E-009
         115  1.794634100869490E-008  8.806253682610658E-011
         119  5.661932879757767E-024  2.617421367424783E-026
         122  1.818369732098957E-016  8.460741799385642E-019
         123  1.479501786709177E-009  7.024550929339936E-012
         128  1.473995866439805E-007  7.103642450751164E-010
           2
          70  2.837709718723300E-018  1.312245261757294E-020
          77  2.213859827301962E-018  1.024473467626981E-020
          10
           2  5.058004623704437E-013  2.336515371561448E-015
          21  2.579398501509746E-016  1.202620448645716E-018
          34  9.951654503714435E-022  4.613213293600023E-024
          37  1.342797297906681E-017  6.211032966982817E-020
          78  4.810157934231167E-014  2.222480352122525E-016
          95  6.656510891921806E-031  3.084607845069659E-033
         114  3.548401955986199E-016  1.651545930984188E-018
         123  1.203390608878635E-012  5.621679080273266E-015
         126  9.282345124114198E-023  4.297543181771154E-025
         128  2.164219376747796E-011  1.020310184873850E-013
          23
           4  2.114754598944369E-014  9.830513032136186E-017
           7  4.394608550150739E-009  2.039625722979751E-011
          15  5.968239854379478E-016  2.760622905426211E-018
          46  2.845861644093150E-009  1.313718730973407E-011
          53  4.728567141440910E-008  2.203138585372567E-010
          55  9.695348077881080E-008  4.512951419967465E-010
          56  4.743741862858794E-014  2.204050339335388E-016
          57  5.186123278527357E-011  2.401353939328611E-013
          62  1.149653741086028E-012  5.348056415197766E-015
          66  2.564121253795359E-026  1.183220975850143E-028
          67  1.855304808266670E-009  8.574879296746838E-012
          73  2.896607561953279E-010  1.338282261750608E-012
          75  3.908985409130881E-009  1.812669109897965E-011
          76  5.730309592847895E-013  2.647190786816129E-015
          97  1.915329423343243E-009  8.907202931321385E-012
          99  1.221145627701863E-021  5.638898474233047E-024
         102  2.693901948309198E-010  1.247441642629993E-012
         105  5.072768350974708E-017  2.351269961998658E-019
         108  4.084633446218167E-026  1.885617329507095E-028
         110  4.096708862465469E-008  1.913232214067428E-010
         112  6.181964658400778E-011  2.875348464925124E-013
         122  9.206465445457395E-015  4.284930110411389E-017
         127  1.551778441698841E-008  7.277227167438114E-011
          13
          21  2.590619822284166E-004  1.272457610840226E-006
          33  1.148611774518269E-017  5.328010114703541E-020
          40  3.353334319107002E-005  1.667283688506078E-007
          42  2.486225663287904E-008  1.190718584197220E-010
          63  6.652905558526990E-016  3.100658085625648E-018
          68  4.218228152133071E-011  1.974671132062457E-013
          74  5.289460764033808E-009  2.569768225077361E-011
         109  2.968396794038935E-006  1.463738956948558E-008
         113  1.404612940890171E-007  6.926230613823614E-010
         114  3.529573035926613E-005  1.717698884208951E-007
         115  6.436300019873382E-015  3.031562921465578E-017
         123  5.386683138568023E-006  2.583096804499049E-008
         128  6.156315777223490E-005  2.978939801374427E-007
          29
           3  4.701854809274221E-008  2.309920287160649E-010
           8  9.727729828806057E-012  4.637174267006154E-014
          14  9.265456450099473E-005  4.665981882524651E-007
          21  1.907623904303333E-012  9.063018135342536E-015
          23  3.513007597176977E-010  1.713672899283155E-012
          24  4.816855172979857E-016  2.239972302419572E-018
          27  5.258349652255357E-008  2.602338308699682E-010
          31  1.501514930555575E-029  6.949428313516421E-032
          36  6.934665275319208E-005  3.533766304962170E-007
          40  1.218213984701536E-006  6.069284013279086E-009
          49  6.124352716844488E-009  3.000009495198965E-011
          51  1.238520792507065E-030  5.713622695414171E-033
          52  2.004189135923522E-005  1.011732740788735E-007
          63  1.979827347095109E-008  9.617855531830402E-011
          64  1.192446254379819E-004  6.064827967951318E-007
          74  9.431019788841452E-006  4.698430484310306E-008
          79  9.441611020490381E-016  4.417046821445486E-018
          80  2.394647129735074E-008  1.183675038442617E-010
          86  7.116429687080504E-008  3.476354319936991E-010
          87  8.209228885359023E-008  4.060348009872909E-010
         101  1.803513359768648E-012  8.523265081712863E-015
         107  2.257599918357590E-008  1.096523432884406E-010
         109  2.432007852434903E-006  1.208737444910310E-008
         111  9.682161042286345E-009  4.759472277602104E-011
         113  8.315126807299227E-007  4.147601802529797E-009
         114  7.398164074484657E-014  3.477441173230976E-016
         115  3.356063897726517E-005  1.680712970654484E-007
         119  9.513196768769115E-011  4.612556924903192E-013
         128  1.229604920997084E-028  5.678537197705311E-031
           0
           0
           4
          95  6.787454494654808E-015  3.133418906128069E-017
         123  7.642977462382608E-017  3.525170482547989E-019
         126  5.415766194899252E-014  2.498072778182856E-016
         128  6.395761978785393E-017  2.959707469446895E-019
          11
           1  4.362138457524650E-013  2.018109702283916E-015
          18  6.905591630746048E-019  3.189736293448727E-021
          25  8.454829760436211E-019  3.897427842432260E-021
          45  3.525402203905268E-013  1.628030295536727E-015
          85  1.306359457795341E-010  6.091420124399928E-013
          92  6.224291054361426E-017  2.865812543950913E-019
         103  7.725680179086056E-012  3.565021841351488E-014
         118  4.371711864843731E-009  2.022080576010126E-011
         120  3.141597752796219E-010  1.450149752841288E-012
         123  1.430464923515247E-018  6.593274104274359E-021
         126  2.665557152641366E-018  1.230806881889145E-020
           4
          13  5.075400520586960E-020  2.337301252532294E-022
          16  4.938383570803190E-014  2.274782578923118E-016
          26  9.601926778212130E-014  4.430982763609380E-016
          43  3.358395011034363E-023  1.548430208699846E-025
           3
          30  1.175238381075310E-023  5.434569343572775E-026
          60  1.834093776355072E-020  8.473541510953133E-023
          65  1.612521795051142E-024  7.464577298231928E-027
          25
           3  2.703209184454118E-004  1.348488946410147E-006
           8  1.515260168402125E-006  7.411409445184059E-009
          12  1.125804621133425E-008  5.384226936053555E-011
          14  2.836718914352156E-008  1.398756105966308E-010
          23  1.366335291545053E-007  6.756602161775434E-010
          27  4.824009187318047E-004  2.427261813055787E-006
          31  3.311996292994482E-011  1.587818566133965E-013
          36  3.089370280135154E-004  1.573575693100908E-006
          49  5.095556624219291E-004  2.553379093062073E-006
          51  4.799034454580238E-007  2.341082768553468E-009
          52  1.315508774807452E-003  6.683854495192896E-006
          64  9.160707463469445E-004  4.660939531218728E-006
          74  2.121047411225625E-022  9.776277747209702E-025
          79  1.191230355887446E-019  5.504637083194021E-022
          80  1.454951188914769E-005  7.282966647810626E-008
          86  2.244792976452331E-016  1.047827209414184E-018
          87  7.334394697707358E-004  3.685498858311053E-006
          93  1.863888439569264E-010  8.808189452460784E-013
          94  1.713713895673464E-011  8.102555073673140E-014
         107  4.670273669263936E-023  2.151833598616438E-025
         111  5.489679998461059E-004  2.753727999109833E-006
         113  5.370898920635851E-016  2.523840651783209E-018
         115  2.871401603045105E-013  1.367036857175542E-015
         116  3.116058545451135E-010  1.480219035329751E-012
         119  1.124359266021945E-006  5.572937186706056E-009
           4
          46  2.754109240386172E-020  1.271130472377009E-022
          59  1.882345851074147E-027  8.677115939226747E-030
          67  5.351040227961752E-017  2.473364906936856E-019
          73  7.375567542250133E-021  3.410261363862802E-023
          10
           2  1.073254723027185E-015  4.942206708696097E-018
          17  2.249076286845400E-010  1.039439357575268E-012
          19  1.846111851714906E-012  8.529343748698846E-015
          34  5.909990933032300E-013  2.733708429890632E-015
          37  3.069056096412054E-017  1.416014192089460E-019
          68  1.977757772796648E-012  9.193112155182232E-015
          69  3.250149924907712E-013  1.502837902215982E-015
          72  3.807781271256668E-029  1.757296341538036E-031
          78  3.364505699596648E-015  1.550237119963764E-017
          91  9.234971363659994E-013  4.257972484154164E-015
           7
           1  1.628608881361971E-024  7.513574865040974E-027
          25  9.978431385213141E-022  4.588297597545717E-024
          45  1.714568668888804E-015  7.897418219206026E-018
          92  1.829593906929862E-017  8.402804541668326E-020
         103  3.568026953178926E-016  1.641808882422358E-018
         118  1.057203793515424E-014  4.863076184798302E-017
         120  2.139477116493933E-024  9.806463770163280E-027
           6
           2  1.438367039081622E-016  6.618814884273442E-019
          19  3.881822511358706E-020  1.792022943755727E-022
          34  1.075945680499251E-016  4.971949744158303E-019
          37  7.237255058551734E-016  3.336914574083484E-018
          61  8.311450414749800E-018  3.836856542770670E-020
          78  2.413016053188021E-016  1.110995150320368E-018
          20
           3  2.013839056548063E-009  9.715183025121202E-012
           8  6.993927157847632E-010  3.340042815732076E-012
          12  2.003573019324213E-007  9.557992547572674E-010
          16  7.411242872180077E-011  3.424788593805720E-013
          26  2.677229508023231E-008  1.244190345125517E-010
          27  4.469532983248945E-013  2.125642247474264E-015
          29  1.250043915244053E-009  5.806389352182436E-012
          43  4.710530274468451E-019  2.172012374871637E-021
          49  3.342357812495783E-009  1.620397329449714E-011
          51  5.187355663427543E-014  2.429607112549152E-016
          52  2.311968455743782E-015  1.090863940424912E-017
          54  6.399160007614964E-007  3.011602491576160E-009
          64  1.293537053806468E-025  5.974570918380267E-028
          81  2.536578407272237E-020  1.171650084967312E-022
          87  1.647711041894569E-011  7.895499644214863E-014
          93  2.272331722935603E-006  1.082069114981212E-008
          94  4.197246431644342E-017  1.944887683737916E-019
         111  1.047517121168430E-009  5.067734487443946E-012
         116  1.109617455372493E-007  5.286405360464300E-010
         121  4.872298592389172E-011  2.259879749342306E-013
           5
           2  2.590698626410812E-019  1.190582426309373E-021
          37  9.138298862770004E-021  4.208043209269354E-023
          61  1.190519220388120E-024  5.488877400906087E-027
          78  2.141175384671087E-020  9.845536344327418E-023
          82  9.497133570795185E-024  4.380173767980742E-026
           4
           9  1.246886734452647E-019  5.740523847303074E-022
          30  4.231796511201270E-020  1.953400433902802E-022
          71  2.283324763363817E-018  1.054201687450340E-020
          88  5.366182466864103E-018  2.478433997515083E-020
          10
          12  2.386396026806976E-026  1.100483726461929E-028
          22  4.864840364406004E-010  2.246607862325833E-012
          31  9.662575431185308E-020  4.483008321130336E-022
          41  2.292070989232159E-008  1.062209846313297E-010
          51  1.073926417352109E-014  5.016784109324676E-017
          76  1.288767971179904E-025  5.946780705579578E-028
          81  1.058939456686297E-008  4.973255590346862E-011
          94  1.108868330918945E-009  5.247281493306511E-012
         108  2.320464339646183E-015  1.073442754908517E-017
         116  4.798892060458996E-020  2.222613953117663E-022
          28
           4  1.200507442727212E-005  5.792251301690477E-008
          15  3.490352385374409E-006  1.671258322583409E-008
          21  5.672849703681021E-009  2.732992568232328E-011
          23  2.592378216670044E-009  1.264295650596596E-011
          31  1.017006118450790E-012  4.822248091957529E-015
          32  2.735166875485016E-008  1.288948376196625E-010
          33  2.839878562750540E-005  1.372887959076709E-007
          36  4.167265482290054E-013  2.003883132612966E-015
          40  1.923602742000344E-009  9.367680046811063E-012
          42  3.469060423689292E-005  1.684190749882625E-007
          53  2.200789434832941E-021  1.015578782014890E-023
          55  2.310267078760143E-026  1.064495181158240E-028
          56  5.250721559639168E-006  2.519882112286748E-008
          62  2.510835368400663E-006  1.201042086892236E-008
          68  7.915294473192122E-010  3.720402154751071E-012
          69  7.789367212872376E-013  3.613034708851369E-015
          72  1.102503488682708E-019  5.087036837660219E-022
          79  2.423399746754591E-005  1.192124008575662E-007
          80  1.892923370322494E-012  9.063126106179321E-015
          99  1.591688292104477E-006  7.760725795931459E-009
         105  1.399033902611314E-005  6.818827021926274E-008
         109  2.287794599239625E-017  1.064840733535878E-019
         110  5.248664524209984E-014  2.432910986388129E-016
         112  1.215859635416436E-008  5.723707327822992E-011
         113  5.376560839633134E-005  2.685453304946806E-007
         119  6.652409337696955E-013  3.167028971928999E-015
         122  1.493255602743869E-005  7.258393887494146E-008
         127  1.113464388495082E-010  5.218335605628269E-013
          12
          21  6.450934722256593E-007  3.123746920345025E-009
          40  3.068468338250037E-009  1.489921796508838E-011
          42  3.257103745817140E-021  1.501004364909427E-023
          68  1.053907944679616E-023  4.861398691905622E-026
          74  5.936904940416218E-015  2.781301497273723E-017
          85  3.777565335834607E-017  1.742440846457613E-019
         109  7.549652442085292E-010  3.638259550790225E-012
         113  2.372877613375453E-025  1.092720689519588E-027
         114  4.685095187462384E-006  2.261920947784438E-008
         123  1.063312914804963E-005  5.080496877459631E-008
         126  8.291289784348314E-027  3.825874500770414E-029
         128  2.344134148209246E-005  1.128740265115319E-007
          11
          11  6.088911055306658E-012  2.828275226794559E-014
          18  3.683712305518629E-017  1.705554664667743E-019
          20  1.514896605332091E-008  7.031749270614653E-011
          24  4.540658729487407E-012  2.129286030022240E-014
          44  3.414456902975322E-016  1.580426494829424E-018
          47  2.653513573899996E-010  1.230225852057599E-012
          65  5.361807639275844E-011  2.486677532001970E-013
          90  6.763886200355873E-011  3.137036835700217E-013
          96  1.514069497638382E-010  7.008659476059879E-013
         100  1.186322905184763E-008  5.570648419554286E-011
         101  2.121685373296547E-023  9.817608135394676E-026
           3
          70  9.662008135924379E-016  4.459447283945524E-018
          77  1.151385169689927E-015  5.317832684804176E-018
          98  2.821716789218369E-015  1.303239561872518E-017
          15
           3  6.742710252009622E-011  3.228429429267002E-013
           8  5.875920290694602E-010  2.807688297130484E-012
          12  3.522689059602419E-010  1.663859736530111E-012
          16  3.593734288325851E-012  1.660988940557472E-014
          26  3.283412953221118E-008  1.527916278131307E-010
          27  7.305988938630124E-024  3.379692670340275E-026
          29  1.018794500419535E-012  4.714069606243350E-015
          49  4.385009243624825E-012  2.092079770666116E-014
          52  7.689445023243396E-027  3.557250965123244E-029
          54  3.427228977750416E-006  1.617563456841375E-008
          87  5.273001243361377E-017  2.463716580939255E-019
          93  2.857665944958096E-008  1.354297075364281E-010
         111  4.401571603247190E-013  2.093095445127867E-015
         116  1.284075163906134E-010  6.061579495771184E-013
         121  5.170956411230324E-009  2.406617764922985E-011
          23
           4  3.380688870873105E-007  1.612600666199879E-009
          15  2.089611598396041E-006  9.941742800030703E-009
          17  5.521375593680256E-010  2.553169418643994E-012
          21  2.330362457192836E-011  1.103354198376085E-013
          32  4.792285459575430E-006  2.261557868437949E-008
          33  4.863836973116033E-005  2.337459487769549E-007
          40  4.823362182054403E-020  2.233147605196369E-022
          42  3.871139709893306E-005  1.867690599627280E-007
          53  1.506741829314641E-023  6.941191324632842E-026
          56  5.603398162763383E-007  2.667731079064562E-009
          62  1.511647645651540E-007  7.164474466891652E-010
          68  3.575154790252938E-006  1.689807083702457E-008
          69  5.462359941456051E-007  2.553414171560223E-009
          72  2.398725064332711E-009  1.113468360499510E-011
          79  1.620069184947480E-011  7.685935052965307E-014
          99  1.446035547970100E-014  6.759705483511962E-017
         105  5.009467818638962E-010  2.381490510598066E-012
         110  1.640998626220269E-016  7.564489501615262E-019
         112  1.417334724667968E-008  6.640468554840670E-011
         113  1.125942953333361E-009  5.455021251950615E-012
         117  1.125406937238157E-013  5.183119344829212E-016
         122  8.291137967218467E-009  3.951900392255714E-011
         127  6.399045624265977E-016  2.952365040071244E-018
          28
           3  5.840740018195923E-010  2.836376046225421E-012
           8  7.443222546037168E-016  3.482302360470126E-018
          14  4.926006449090291E-005  2.480454999247876E-007
          21  8.776017472651343E-010  4.233637587082798E-012
          23  7.022050119950252E-011  3.412077544958034E-013
          24  2.687309742088625E-015  1.252857495364663E-017
          27  1.791465474904313E-009  8.790386145617420E-012
          36  2.134594415094022E-005  1.086411534405701E-007
          40  1.365962091747146E-005  6.839220120983495E-008
          49  5.046714816207083E-011  2.440833120562723E-013
          52  2.106475766182891E-006  1.059452420251627E-008
          63  8.593232858266952E-008  4.195688538864142E-010
          64  2.092811148164404E-005  1.060750366831074E-007
          74  3.664300084681289E-005  1.828739665763238E-007
          79  6.758183022617899E-015  3.173990114354584E-017
          80  3.198013388321450E-009  1.572878700815797E-011
          86  3.072932281822974E-008  1.498603907242877E-010
          87  2.400894411572713E-009  1.176958239680984E-011
         101  1.119223758071651E-013  5.264287438825077E-016
         107  1.336622301541332E-008  6.482776028509095E-011
         109  1.956615931986237E-005  9.763222958018740E-008
         111  1.079868449327903E-010  5.242603634816096E-013
         113  5.266402411786984E-006  2.639770405798672E-008
         114  9.669299527896769E-011  4.617755360979487E-013
         115  5.399477437791817E-005  2.706986084972389E-007
         119  5.448394395988254E-012  2.620070521033939E-014
         123  1.853312371938172E-019  8.557823550270051E-022
         128  3.342827206488888E-015  1.561726254697187E-017
          11
           1  7.109319331169341E-012  3.289665464188433E-014
           6  1.471312177069436E-024  6.786224627864076E-027
          18  4.342769127893220E-011  2.007752299920113E-013
          20  8.014051025665072E-020  3.698325591622024E-022
          39  4.876857790422327E-015  2.244149193732767E-017
          47  2.564422445463506E-012  1.184674234951918E-014
          85  1.072920071981528E-023  4.946989137871930E-026
          90  1.255461059016515E-012  5.804251281111498E-015
          96  2.605510479426702E-015  1.202235181223256E-017
         118  1.308979183742251E-015  6.036114722891380E-018
         120  1.783759921982138E-012  8.212715496029364E-015
          24
           4  3.735924819540997E-009  1.777492669404447E-011
          15  4.508633154967367E-009  2.136116744896177E-011
          17  7.932543642523881E-030  3.655208184060273E-032
          21  1.942842305658284E-005  9.512085644101169E-008
          23  3.831583405580464E-026  1.771736019160470E-028
          32  6.510945793098204E-010  3.053517682167955E-012
          33  3.965054690955445E-006  1.910541018539189E-008
          40  1.396485727328249E-006  6.912370723833368E-009
          42  1.670826021464091E-004  8.125646753140807E-007
          56  1.790326511734812E-009  8.485187180323800E-012
          62  1.925359731457737E-010  9.065397942230556E-013
          68  4.880570388190213E-007  2.314030158944774E-009
          69  1.533311537632169E-012  7.116409894158797E-015
          74  7.035777260625924E-018  3.267286767768841E-020
          79  1.424584770781643E-009  6.859798925924656E-012
          99  2.656273879528069E-013  1.252010234191884E-015
         105  2.722686532439281E-010  1.298874392953374E-012
         109  4.452810352133568E-010  2.151806020194621E-012
         112  2.576512511541669E-015  1.191481589113843E-017
         113  4.993681395273261E-005  2.491062933425020E-007
         114  7.202019453031135E-011  3.418320031236687E-013
         122  6.698755208107294E-010  3.193678849597760E-012
         123  8.810653541094112E-016  4.080824572911234E-018
         128  3.000815536292986E-010  1.423243233515846E-012
          12
          21  7.151767972812924E-006  3.496506123617305E-008
          40  1.889562340215478E-006  9.349414648030717E-009
          42  5.351297987008872E-020  2.476464235614142E-022
          63  8.345213749699077E-011  3.985258220566969E-013
          74  3.555657042297568E-008  1.736773136943394E-010
          85  1.652900533728433E-010  7.753546233513316E-013
         109  2.620527007532704E-006  1.293412152845268E-008
         113  3.646918494042393E-013  1.739135602212513E-015
         114  1.324456296341937E-004  6.460972492849253E-007
         115  8.567300324556808E-013  4.085387997173486E-015
         123  9.882650547483376E-005  4.762101972498084E-007
         128  1.378413111761795E-004  6.685775247504214E-007
           8
          12  1.053002709514635E-024  4.848643356560653E-027
          16  2.781727090829458E-013  1.280975177406702E-015
          29  5.819616719812941E-010  2.694400650080000E-012
          43  2.045570625824569E-010  9.438527390853117E-013
          81  3.786052607472524E-014  1.753779856188720E-016
          93  3.812331619707244E-018  1.758685570917693E-020
         116  1.460477722607888E-017  6.764316494691397E-020
         129  1.064282815240230E-030  4.910017514343504E-033
           5
          46  1.303007180066435E-019  6.015459119436445E-022
          57  5.701195790060097E-017  2.640793633395832E-019
          66  1.228175188890788E-018  5.678831899139345E-021
          73  1.638384138147598E-018  7.577405717359725E-021
          75  1.102439389587187E-017  5.107344425923243E-020
          20
           4  6.313299738787369E-026  2.916266886809072E-028
          14  1.890190247240350E-015  8.912804519902088E-018
          21  3.191409638399843E-004  1.574300228974813E-006
          33  1.248773534258814E-011  5.900169751457704E-014
          36  4.781115634035562E-014  2.289705721004952E-016
          40  5.473049356367689E-004  2.744201099247857E-006
          42  6.296911902190107E-007  3.047251716967859E-009
          63  1.768070090060812E-012  8.382098339721140E-015
          64  1.110961040890216E-028  5.136775289286625E-031
          68  3.127641769780736E-012  1.462569955315249E-014
          74  5.835481244062616E-007  2.877070015908974E-009
          79  4.520354247670747E-014  2.128370791756466E-016
         105  1.366559616723410E-021  6.317430142272576E-024
         109  4.363540199686628E-005  2.173045341221591E-007
         113  1.339708688636260E-004  6.728352374191441E-007
         114  6.045255764719561E-006  2.944026727437051E-008
         115  1.062266532249698E-009  5.174618984418254E-012
         122  3.517228327942590E-024  1.625100425891216E-026
         123  6.118254358778310E-008  2.922429410370822E-010
         128  2.628159096691502E-006  1.271995125852188E-008
           9
          22  4.179752477718524E-010  1.929888289880194E-012
          31  1.322128617053292E-015  6.184760572780438E-018
          41  2.220043952579562E-008  1.028698488510528E-010
          51  3.091462806757030E-016  1.437806403378489E-018
          76  7.455275953370502E-014  3.446377437408390E-016
          81  3.041852332671151E-010  1.422414884703136E-012
          94  1.333699651036830E-010  6.291619137205592E-013
         102  8.584012521487377E-027  3.957248896255780E-029
         108  3.767410687362895E-011  1.747975189293406E-013
          24
           5  4.021211186769625E-018  1.851216457822147E-020
          11  1.305293636652652E-009  6.085633999439441E-012
          14  1.310693410961574E-009  6.354079519560551E-012
          18  4.395206998194468E-020  2.027119637341988E-022
          20  1.037831390135382E-011  4.795918507820172E-014
          24  7.514186118691036E-005  3.613382816124020E-007
          44  3.377530733075730E-008  1.594576854273567E-010
          47  1.610763113863174E-012  7.440298109714462E-015
          63  7.681634981227671E-006  3.735819825929191E-008
          65  1.312054601307444E-022  6.053189420479908E-025
          74  7.743905065382295E-009  3.751834685426756E-011
          84  1.376520777406953E-016  6.339404840196208E-019
          85  2.169828972941805E-008  1.019026761624214E-010
          86  1.189158508122085E-006  5.777030256248188E-009
          90  3.080304673668364E-015  1.422322805076815E-017
          96  7.999644858651201E-019  3.685561171172177E-021
         100  1.680913689352106E-005  7.956218908096828E-008
         101  5.026957858331812E-007  2.413944434535540E-009
         106  1.233139129247641E-013  5.718043565383970E-016
         107  4.607122216662724E-006  2.234790250224321E-008
         109  3.342059096682787E-013  1.580375115501366E-015
         114  1.038561841167073E-023  4.782841400753289E-026
         115  9.883484209739282E-008  4.831260215842907E-010
         120  1.023051846749573E-012  4.709707354547918E-015
           6
          22  3.450601460141596E-011  1.591895246397416E-013
          41  7.589838870032690E-010  3.510201553952062E-012
          76  1.984594623873694E-012  9.185467209672192E-015
          97  4.261326117046450E-023  1.968464782649522E-025
         102  1.015987652942648E-017  4.683926472460033E-020
         108  5.273733303628027E-010  2.449001462472933E-012
          17
           3  2.592938870280627E-007  1.269815695925509E-009
           5  1.353904767650464E-007  6.418796972135755E-010
           8  4.090361034705986E-005  2.001327302265744E-007
          14  6.952459438820922E-012  3.338726358176393E-014
          44  1.840477662895215E-012  8.599949927465117E-015
          49  8.909375830838438E-013  4.247414457668388E-015
          52  3.877698950172954E-011  1.880975943701887E-013
          54  7.881809363307887E-010  3.697872399418186E-012
          64  1.320118863660683E-011  6.393719205189786E-014
          84  3.063041182511672E-009  1.439611488487994E-011
          86  2.161663025936526E-012  1.025418872670635E-014
          87  8.444456312878748E-017  3.954490389420415E-019
         101  4.851453240409902E-011  2.299699256865951E-013
         104  3.036061282350371E-012  1.410818186449924E-014
         106  2.096214511713845E-009  9.880740977279997E-012
         107  3.010552659335592E-015  1.407189495141295E-017
         111  4.862810185394151E-014  2.305757959068409E-016
           7
           7  1.439945780280249E-012  6.652776794373029E-015
          22  6.777470160820788E-023  3.120887398693841E-025
          41  4.249694341460069E-017  1.958823206225720E-019
          76  2.058082397678231E-009  9.554502855197478E-012
          97  8.720226676626546E-012  4.039859787340629E-014
         102  9.254180635624383E-011  4.281546489932718E-013
         108  1.356611141918073E-008  6.302103534746077E-011
          22
          14  1.777021082955714E-005  8.877984558859832E-008
          21  2.648463420095730E-012  1.255770354636201E-014
          24  7.764236976071171E-006  3.751247858168880E-008
          36  5.424199055603838E-024  2.512384890029995E-026
          40  3.586522200798347E-007  1.773268464865377E-009
          44  3.054793493697723E-012  1.428961646202148E-014
          52  8.026958510077206E-024  3.713989252850795E-026
          63  4.634247073116783E-004  2.284315619199094E-006
          64  1.936069283358226E-014  9.218125536467898E-017
          74  4.046766515990481E-004  2.017134912175388E-006
          85  1.197163503956135E-008  5.650339472751626E-011
          86  1.162234319368391E-005  5.711082376149237E-008
         100  2.498378175352498E-009  1.176711063580333E-011
         101  6.751495038152137E-008  3.251957975501163E-010
         107  2.383483826841823E-005  1.167987031628519E-007
         109  4.274775807943323E-005  2.124695622235676E-007
         113  3.527658841799201E-015  1.663987682409365E-017
         114  1.477221273116704E-007  7.140042304700445E-010
         115  4.174060753764807E-004  2.088244474263873E-006
         120  2.526264516335176E-028  1.161971367584584E-030
         123  1.683977381125299E-009  7.986780476787597E-012
         128  2.472547788890282E-010  1.174681403766628E-012
          26
           4  1.070687933711888E-021  4.946845451181041E-024
           7  7.420577262540899E-012  3.443870294834398E-014
          12  9.740743647443271E-020  4.497713648000037E-022
          23  7.805257913130034E-007  3.850980210795404E-009
          27  3.843437771065693E-013  1.831066804897421E-015
          31  3.947701227013449E-005  1.938472177330054E-007
          36  5.574768717848758E-017  2.623422809718988E-019
          41  1.079626495409493E-017  4.987102391821504E-020
          51  5.159317746270875E-008  2.489379151847758E-010
          62  3.415792636007322E-028  1.574572876012000E-030
          76  1.501037860051406E-008  7.014485830078214E-011
          79  7.436371651369961E-009  3.590157437880838E-011
          80  4.582715574685380E-008  2.250430567840144E-010
          81  3.607669996898418E-012  1.683830467066088E-014
          87  4.450669979724216E-017  2.079256808188194E-019
          94  6.759293367338415E-008  3.232968532508867E-010
          97  4.439133927109195E-010  2.071750167668794E-012
          99  2.447160130015763E-007  1.187321238767781E-009
         102  3.134151790344192E-010  1.458089617220746E-012
         105  1.049079900706032E-009  5.015489861058570E-012
         108  1.556318533467788E-009  7.256656054045077E-012
         111  8.809822011558767E-023  4.079270812522194E-025
         116  1.882356985103247E-021  8.719370920859190E-024
         119  1.100961707345824E-006  5.422994606848183E-009
         122  1.027482060980830E-011  4.850734422197106E-014
         127  2.111695552312273E-012  9.843141403984751E-015
          15
          14  3.372502878128866E-018  1.568084122848647E-020
          21  3.941645225011893E-004  1.936046170389664E-006
          33  6.910670162083076E-017  3.204182021401891E-019
          40  3.577144561713554E-004  1.786062804968151E-006
          42  2.624374784623460E-008  1.256524833246244E-010
          63  5.277240261470381E-011  2.512595165400987E-013
          68  2.008280605410480E-013  9.330915074212942E-016
          74  9.839765195118178E-007  4.834335871608906E-009
          85  1.513168242958069E-024  6.964886619595984E-027
         109  6.496981607807146E-005  3.223158598958922E-007
         113  5.742450552199401E-006  2.854593584391781E-008
         114  6.360208728109144E-005  3.099973052721616E-007
         115  8.840578839610344E-010  4.285866272112986E-012
         123  3.561028334784575E-006  1.706961605032831E-008
         128  4.058307801261758E-005  1.964198688515023E-007
           9
           7  9.245480035976058E-011  4.281258283881456E-013
          10  2.924020055301525E-022  1.345488256025652E-024
          46  9.531401069503440E-031  4.393624853181618E-033
          55  2.564735278153997E-026  1.181999896720596E-028
          67  1.296595497166699E-013  5.986605314402557E-016
          76  2.893060509437204E-011  1.339740028516005E-013
          97  5.089380550721263E-011  2.360759102641745E-013
         102  1.270389260491379E-010  5.879887871561869E-013
         108  3.003903649750240E-012  1.390433493932356E-014
           0
          12
           5  1.247078325693674E-011  5.793065986458382E-014
          11  4.150569965562695E-008  1.934224112741805E-010
          30  8.984963936437348E-009  4.150713425538387E-011
          44  7.383593830001551E-010  3.453597508403621E-012
          60  1.905528313075056E-015  8.768914207228643E-018
          65  4.858697133104986E-010  2.244501724866752E-012
          84  5.908607007878971E-010  2.750315843000889E-012
          88  3.080086406014336E-010  1.423912323548639E-012
         100  1.471707847033844E-015  6.784783392506456E-018
         101  3.005332088219922E-014  1.398884968047260E-016
         104  3.833413711105600E-012  1.769586257815521E-014
         106  7.707384172835226E-010  3.600349084763546E-012
          18
           7  9.486622001577222E-008  4.408824295999978E-010
          23  9.835247641557084E-017  4.588935938796877E-019
          31  8.381577563894989E-010  4.006331769087753E-012
          41  1.428843330733636E-022  6.572576196698083E-025
          53  4.527258845625614E-019  2.084412159328420E-021
          55  9.975421609202329E-015  4.593628770633270E-017
          67  6.024410881185468E-019  2.774653189223014E-021
          76  1.707384627786563E-006  7.965081939132720E-009
          79  1.377601338943271E-015  6.404579644372405E-018
          97  3.932249062031849E-007  1.834531275555927E-009
          99  6.809222459679471E-011  3.228009165695353E-013
         102  4.490651258783190E-007  2.088534262311976E-009
         105  1.447162641751373E-013  6.763472628432168E-016
         108  3.601452335169350E-007  1.675680631874383E-009
         110  3.252489713993815E-015  1.499140712691230E-017
         119  2.703712250784594E-018  1.253624094812401E-020
         122  1.730250256595139E-015  8.026889977856952E-018
         127  1.272938371417619E-010  5.932353760263619E-013
          30
           4  2.125139308938092E-007  1.022522982920854E-009
          15  7.155544450877376E-010  3.391264655284634E-012
          23  3.051923262782960E-004  1.533227978654782E-006
          27  8.024637726695804E-009  3.938550424923496E-011
          31  4.402539143051176E-005  2.174590014213761E-007
          32  1.215046888391401E-029  5.613488905522447E-032
          33  1.166413268081163E-010  5.539415853053441E-013
          36  1.910651795861132E-006  9.628550364946879E-009
          40  1.190018732089383E-016  5.584655574535517E-019
          42  4.023894066565499E-012  1.901439602435131E-014
          49  4.673013635306215E-014  2.215258306551091E-016
          51  3.101668871445647E-010  1.488299730067125E-012
          52  8.156021404550495E-012  3.946189300156560E-014
          56  1.829657931529976E-008  8.730691363990399E-011
          62  2.197740036422567E-008  1.047573150972690E-010
          64  2.143360839475288E-011  1.042569048522630E-013
          79  4.980356285624060E-004  2.470062800651306E-006
          80  4.110926043974291E-005  2.062145197579757E-007
          87  2.960981215480440E-010  1.440005214805228E-012
          94  3.903563513751002E-016  1.817710703024744E-018
          97  1.984290422434158E-024  9.175898297056622E-027
          99  2.117581474672115E-004  1.045926294397610E-006
         105  6.261209493659028E-005  3.070433791349455E-007
         110  3.653922299830820E-016  1.693268924503676E-018
         111  1.291340168973008E-012  6.180458140629574E-015
         112  7.798105896340732E-013  3.635095723620573E-015
         113  1.300918642624046E-006  6.480238394180269E-009
         119  5.042337276001606E-005  2.515715972917774E-007
         122  1.116788346831704E-005  5.442504794922887E-008
         127  8.075780120032693E-010  3.810016987209088E-012
           6
          25  1.812342320592866E-021  8.348149801488464E-024
          38  1.010459651477258E-016  4.664709973586753E-019
          95  4.514913601147776E-015  2.085084585435189E-017
         103  3.604960200496624E-016  1.661709341120070E-018
         125  1.138174696755895E-019  5.251288499882724E-022
         126  3.624387666002967E-014  1.672354186947341E-016
          12
          21  6.076465232561974E-005  2.972768007969130E-007
          40  1.975431806044045E-006  9.758690980195573E-009
          42  5.129743311164709E-010  2.437194881782013E-012
          63  3.004941466723366E-022  1.387431752055826E-024
          68  7.078752894872233E-012  3.304357601193140E-014
          74  4.610398689174374E-011  2.210267230860149E-013
         109  1.656563941370525E-007  8.103007792366230E-010
         113  3.445983426569156E-010  1.669767611858965E-012
         114  1.977084178252637E-005  9.596744366955801E-008
         115  7.432202529297853E-026  3.431411580677498E-028
         123  8.280180949782468E-006  3.969533209585931E-008
         128  6.188375431779115E-005  2.993921184173911E-007
          10
           1  1.425963392326045E-010  6.593255094015472E-013
          18  1.497994590007303E-012  6.914650135986013E-015
          45  1.191553797391434E-012  5.496054168166469E-015
          47  2.903538662879585E-021  1.338632203442933E-023
          85  3.387172902200983E-010  1.578361229115944E-012
          90  1.652802593883619E-030  7.628475021712414E-033
          92  2.861558867181936E-017  1.315939062998838E-019
         103  1.332262351018866E-015  6.138359750562508E-018
         118  9.022859619466641E-009  4.168829395993732E-011
         120  5.517336878589165E-009  2.547060758496375E-011
          10
           2  5.302235324084440E-021  2.440747048643383E-023
          17  1.130443349473101E-010  5.221045634794914E-013
          19  9.065784238711421E-014  4.186978454156831E-016
          34  3.423870555938910E-015  1.582841951124870E-017
          37  4.850913522556550E-024  2.237467215662428E-026
          68  1.967665847232772E-014  9.114583262108456E-017
          69  1.035444567553466E-013  4.784131399364854E-016
          72  6.141400271860578E-026  2.833421308061454E-028
          78  1.184651176288104E-019  5.456297205221515E-022
          91  1.904937375689274E-012  8.780494605642753E-015
           3
          17  2.474715733423159E-017  1.137729953345484E-019
          19  2.658010147266701E-022  1.224876549174511E-024
          91  2.696862298052395E-016  1.240256015277795E-018
           5
          13  8.139865939799407E-019  3.762451800761082E-021
          26  6.953618823791967E-017  3.218470995656632E-019
          28  1.243655853823861E-019  5.751363816012445E-022
          54  2.371048883744983E-021  1.098166969138738E-023
         121  1.145617013516999E-012  5.319670530256588E-015
          11
           1  9.113217254400177E-011  4.222967726807084E-013
          18  8.328669171532078E-013  3.852162198132296E-015
          45  1.485837802035876E-013  6.867077977814465E-016
          47  7.173797198153855E-021  3.313727605137641E-023
          85  6.167006877357281E-008  2.898293485686204E-010
          92  2.169302107565792E-020  9.995179568033825E-023
         103  5.281131541393373E-014  2.438322387167405E-016
         114  3.535212086433071E-022  1.632079638431778E-024
         118  3.619061831718933E-008  1.677032540823664E-010
         120  4.022637587980349E-008  1.863269118443245E-010
         123  2.879465300685869E-014  1.336783219473329E-016
          11
          12  1.110245076045018E-009  5.244875708063454E-012
          16  3.528855063591738E-008  1.634050028622201E-010
          26  3.721893437514474E-009  1.726785803229960E-011
          29  2.696934668269968E-007  1.257290107442822E-009
          43  3.138022759200894E-009  1.452137362747543E-011
          54  8.832638957091068E-017  4.083831880866864E-019
          81  4.240001670027594E-013  1.971062616831044E-015
          93  3.775829047312702E-008  1.786435097657665E-010
          94  5.751760936895764E-019  2.662868590867142E-021
         116  4.599361409362711E-009  2.179964832971347E-011
         129  2.546294610961753E-025  1.176756691639974E-027
           0
           2
          43  3.684328841033162E-020  1.699583771772918E-022
         129  3.826639328670080E-026  1.767292413215783E-028
           6
           2  2.208608076525008E-010  1.020117010432650E-012
          19  1.458620140121165E-014  6.748968963126284E-017
          34  2.443176357074128E-011  1.132212206414221E-013
          37  4.671676645540565E-011  2.159723725164606E-013
          61  7.788417240434734E-014  3.603570526401595E-016
          78  1.656248573191433E-010  7.652088903350830E-013
          22
           3  7.528828655101644E-004  3.752369457729773E-006
           8  6.342035626243153E-005  3.114225831794690E-007
          12  8.560429251690220E-008  4.097687050743528E-010
          14  6.278096867930857E-010  3.056065232000476E-012
          23  7.254126402530928E-013  3.462212592519460E-015
          27  5.039120853338634E-005  2.516832029168780E-007
          31  2.242036752036683E-028  1.036447898558995E-030
          36  2.144001547259375E-006  1.077806733805767E-008
          49  3.546260043589861E-004  1.769293774210597E-006
          51  2.504414800100266E-008  1.210659950220713E-010
          52  2.584435149046210E-004  1.303519215613957E-006
          54  3.199643268761230E-011  1.494847485274282E-013
          64  9.559502662639203E-005  4.830927553722458E-007
          80  1.917618165934036E-008  9.433089116565155E-011
          86  4.602607964773772E-019  2.131713160757575E-021
          87  1.542040518410832E-004  7.706600143885001E-007
          93  2.218653032991623E-008  1.055392545947867E-010
          94  2.685430631710679E-013  1.257923516715547E-015
         111  2.678446337798155E-004  1.340038608007584E-006
         115  1.916854823556253E-024  8.838159103832213E-027
         116  5.028211692632354E-009  2.394742434574102E-011
         119  3.280172734667950E-010  1.589083483589434E-012
           2
          20  1.039187594821580E-027  4.793523279398908E-030
          96  7.536696185698159E-023  3.475955954945251E-025
          12
           5  1.179557847470374E-014  5.450009869575454E-017
           9  1.939601463561155E-028  8.918756486486444E-031
          11  3.305456070792376E-010  1.534966934748677E-012
          30  3.159016425800058E-009  1.459990239293901E-011
          44  2.057091714422892E-013  9.534180081499259E-016
          60  6.356839064864721E-016  2.928078233506237E-018
          65  7.495840146264625E-012  3.462377001104514E-014
          71  2.575765377006681E-022  1.187770733375340E-024
          84  4.804915622231318E-012  2.226790124184999E-014
          88  1.824707383055954E-010  8.439914001397402E-013
         104  1.008609814392152E-012  4.657311135936748E-015
         106  3.442656135351091E-012  1.599559007544939E-014
          23
           2  4.506084818847601E-022  2.077678952157916E-024
           4  1.311984645550922E-009  6.219954666502688E-012
          15  2.389830744186319E-008  1.133925353545205E-010
          17  5.327653377801829E-010  2.472374303389518E-012
          21  9.385277888256484E-009  4.518863548761149E-011
          32  2.531059475523553E-007  1.194697653200641E-009
          33  8.001931274648524E-006  3.850945569142808E-008
          34  4.341275074509133E-024  2.010120763494089E-026
          40  4.882374707678919E-014  2.313955571592969E-016
          42  5.335485543635797E-005  2.583780516041366E-007
          56  2.643879400271005E-009  1.251880021195085E-011
          62  2.634410946195811E-010  1.239846862395032E-012
          68  1.771035464835638E-005  8.418047727066631E-008
          69  1.092521466252121E-007  5.116770290158366E-010
          72  8.961609346852292E-012  4.158776515745394E-014
          78  4.662415654485679E-024  2.150948229836307E-026
          79  2.879881669881476E-016  1.342087988395345E-018
         105  2.779926197555187E-014  1.302233722985432E-016
         112  2.845963148418286E-012  1.324559357919164E-014
         113  1.771882978369343E-009  8.626513028538252E-012
         117  9.427173784224595E-020  4.350794643141411E-022
         122  3.453666717485315E-012  1.627051349639524E-014
         128  1.674468946753270E-021  7.742694437662614E-024
          22
           3  9.894493725742190E-008  4.832071885048583E-010
           8  1.472223713568179E-014  6.883642996253927E-017
          12  2.228746406750255E-005  1.073158570976704E-007
          23  2.800953773439646E-006  1.386866755370014E-008
          27  1.992979113818385E-004  9.964073579676000E-007
          29  6.776541352438894E-015  3.121624732275184E-017
          31  1.044732822429429E-006  5.098303509574649E-009
          36  1.901445243587070E-006  9.526253019730249E-009
          49  6.100865636026998E-005  3.026371440462610E-007
          51  4.005651150910099E-004  1.964829448321423E-006
          52  1.371917083894414E-006  6.828631531026377E-009
          64  1.391768361125187E-007  6.905014450446968E-010
          79  3.430449835888628E-015  1.600763514809675E-017
          80  4.382298917581097E-005  2.185322775788880E-007
          81  3.575392599859181E-008  1.685750869149912E-010
          87  1.132963403389537E-004  5.647268875796103E-007
          93  8.774810632576629E-007  4.188828231714319E-009
          94  3.340868887189737E-005  1.612942754073767E-007
          99  4.584411573830373E-015  2.141448034686196E-017
         111  9.006154587411817E-005  4.476900532164569E-007
         116  7.373289071475315E-006  3.544224581798087E-008
         119  3.957971035980478E-005  1.964248482589547E-007
