         129
  0.199268928219552     
  0.200129983693812     
  0.198359972219589     
  0.200192230809008     
  0.200163379964304     
  0.199067866216963     
  0.199019138608942     
  0.199224748805917     
  0.199245456747736     
  0.200324161686224     
  0.198785490350556     
  0.199336024438190     
  0.199673430751240     
  0.198281199967377     
  0.199311098620547     
  0.200197210791453     
  0.200039716389883     
  0.199364734039632     
  0.198944183225339     
  0.199630250530244     
  0.199527571191450     
  0.199307581563618     
  0.198698293532857     
  0.199958908036450     
  0.199830145544358     
  0.199870355394039     
  0.199211967280681     
  0.199802414428382     
  0.199562041653949     
  0.199946064706263     
  0.198647380359228     
  0.199727040387142     
  0.199244766336949     
  0.198839122066737     
  0.199651605150440     
  0.198544231691316     
  0.199763419793477     
  0.198856778250429     
  0.200114507166760     
  0.199126122802133     
  0.199832055422111     
  0.199734782326554     
  0.199781802456542     
  0.199541098957414     
  0.198050569510090     
  0.199367490904294     
  0.199283071999840     
  0.199255021323522     
  0.199328981202139     
  0.200283739282797     
  0.201116970335608     
  0.199455499353967     
  0.199559860517822     
  0.200171084551852     
  0.198726990854342     
  0.199577866843006     
  0.198643691691387     
  0.199600349475347     
  0.199504641673226     
  0.199987800190566     
  0.199309781763025     
  0.199992420369937     
  0.200426656466706     
  0.199326560443897     
  0.198714014828340     
  0.199579719582466     
  0.199237241474785     
  0.199354921189523     
  0.201314568503758     
  0.199034580495369     
  0.200434704968615     
  0.199000836624873     
  0.199136576532701     
  0.200742187023071     
  0.199019700073915     
  0.199712757979836     
  0.199957052212624     
  0.199942378224272     
  0.198737789497169     
  0.199302034993054     
  0.199629490298014     
  0.199249953939043     
  0.199446361980255     
  0.198942558064529     
  0.200295106372630     
  0.198577120363739     
  0.199103746931368     
  0.198961099615535     
  0.198704120794761     
  0.199874783053103     
  0.198969388449294     
  0.199604906489484     
  0.198722342543220     
  0.199356801969430     
  0.199285241344767     
  0.199204024299423     
  0.199993365873874     
  0.198720918144776     
  0.199123655316902     
  0.199584233661875     
  0.199475945545094     
  0.199555117985453     
  0.199817903415785     
  0.198885850749771     
  0.199244446069940     
  0.200509472313358     
  0.199204644121922     
  0.199201717380627     
  0.199856047083227     
  0.200289916015670     
  0.199511371760849     
  0.198261056488249     
  0.199956091684533     
  0.199300742588733     
  0.200666232932113     
  0.199375883196338     
  0.200350751964089     
  0.200658536858750     
  0.199473965477682     
  0.200840199905546     
  0.198890864004001     
  0.199832796030444     
  0.199437143801927     
  0.199137422121629     
  0.199192589008674     
  0.198873863784610     
  0.199680648095085     
  0.199818230704203     
  0.198847485426157     
